0.509 2.8573831041257374
0.09499999999999997 2.869247107618424
0.43199999999999994 2.881111111111111
0.9970000000000001 2.8149408224674017
0.09699999999999998 2.8824226040428673
2.531 2.9499043856183325
1.5060000000000002 5.294815405046481
0.09399999999999942 5.510885807974536
1.1190000000000007 5.726956210902592
3.263000000000001 5.289696598222495
5.319000000000001 3.4445151344237637
4.254999999999999 3.8645715628672153
4.498999999999999 3.857214492109357
0.09299999999999997 4.498541623825888
3.382999999999999 5.139868755542419
0.11599999999999966 4.576090866320828
4.192 4.012312977099238
0.11200000000000188 4.06242731218852
4.298000000000002 4.112541647277802
0.10099999999999909 3.9198056311737086
4.884 3.727069615069615
0.3049999999999997 3.9683881268735637
3.811 4.209706638677512
0.10000000000000142 4.268696496016313
3.978999999999999 4.327686353355114
0.11999999999999744 4.057713317289633
4.8359999999999985 3.7877402812241523
3.8329999999999984 4.2984857813722925
3.628 4.8968599779492825
5.087999999999994 3.391083333333333
0.10700000000001353 4.008209467120181
3.5279999999999916 4.625335600907029
4.209999999999994 4.135808076009501
0.09199999999999875 3.5449691975792184
6.016000000000005 2.954130319148936
1.6359999999999957 4.274694376528118
1.7340000000000089 4.142911188004614
1.7409999999999997 4.162825962090752
2.2539999999999907 3.8211144631765745
1.7019999999999982 3.563793184488837
0.09100000000000819 3.8440015207022884
1.8870000000000005 4.12420985691574
0.11399999999999011 4.015299874306246
4.432000000000002 3.906389891696751
3.870999999999995 4.3672291397571685
0.13000000000000966 4.162745645667573
4.340999999999994 3.9582621515779772
3.785000000000011 4.631067899603699
0.10899999999999466 4.153027722401287
4.977999999999994 3.674987545198875
0.12700000000000955 4.484038497370079
3.4879999999999995 5.293089449541284
0.10999999999999943 5.284438295979501
3.2509999999999906 5.275787142417718
3.2109999999999985 4.783010900031143
0.2780000000000058 4.460356124389367
4.152000000000001 4.137701348747592
3.633999999999986 4.697567418822235
4.268000000000001 4.022717900656045
0.1349999999999909 4.316350478067842
3.6590000000000202 4.609983055479639
3.8589999999999804 4.528781549624255
0.13599999999999568 4.600029740139591
3.6340000000000146 4.671277930654926
3.801000000000016 4.670564588266246
0.09999999999999432 4.736355740460807
3.539999999999992 4.802146892655367
3.151999999999987 5.701791878172587
0.23699999999999477 5.728577523825838
2.725999999999999 5.755363169479089
3.227000000000004 5.342453052370623
2.417999999999978 4.743285359801489
