0.785 1.8527490445859875
0.124 2.076421911851227
4.9799999999999995 2.300094779116466
0.10099999999999998 3.343753966286732
2.372 4.387413153456998
2.808 4.331284900284901
0.09600000000000009 4.346098079281523
0.7550000000000008 4.360911258278145
2.803000000000001 3.4941419907242244
0.09999999999999964 3.3198866283272777
3.5310000000000006 3.145631265930331
3.0090000000000003 2.8195068128946494
1.7609999999999992 3.8743123225440086
1.907 3.8338248557944414
0.09100000000000108 3.8107542414992355
1.9849999999999994 3.7876836272040295
0.11799999999999855 4.259871471886992
1.551000000000002 4.732059316569955
3.2079999999999984 5.509882793017457
0.09199999999999875 4.622682828891245
4.873000000000005 3.7354828647650313
4.143999999999998 3.871426640926641
4.051000000000002 4.250768699086645
6.174999999999997 2.9663987044534412
0.13300000000000267 3.2476131453301695
4.668999999999997 3.5288275862068974
0.12400000000000233 3.6755377173719515
4.647999999999996 3.822247848537005
4.054999999999993 4.254952404438964
0.2330000000000041 4.661355705325072
3.219999999999999 5.06775900621118
3.4919999999999902 4.986183276059564
0.10900000000000887 5.0627920428880815
3.4579999999999984 5.139400809716599
2.754000000000005 5.9377632534495275
3.575000000000003 4.893516083916085
0.125 4.894701065213856
3.4399999999999977 4.895886046511627
3.787000000000006 5.060655928175337
0.11299999999999955 5.164114942384831
2.9950000000000045 5.267573956594324
0.1039999999999992 5.508687988398172
2.969999999999999 5.74980202020202
0.22400000000000375 5.919769107181558
2.8429999999999893 6.089736194161097
2.8089999999999975 6.0183495906016375
0.09000000000000341 5.688965188313919
3.206000000000003 5.359580786026201
0.09799999999999898 5.32441803332692
3.313999999999993 5.28925528062764
3.171999999999997 5.767366960907944
3.0960000000000036 5.963273901808785
0.10800000000000409 5.434666699188145
3.495999999999995 4.906059496567504
0.10899999999999466 4.246379584808741
4.2819999999999965 3.586699673049977
0.11899999999999977 3.7576462005771267
4.373000000000005 3.928592728104277
0.31500000000001194 4.329350395639836
3.6089999999999804 4.730108063175395
0.09499999999999886 5.282960217855543
2.9420000000000073 5.83581237253569
2.8400000000000034 5.939411267605633
3.3950000000000102 5.147737260677467
0.103999999999985 5.404993380171956
2.998000000000019 5.662249499666445
0.10099999999999909 6.104136549243252
2.711999999999989 6.546023598820058
3.0349999999999966 5.601186161449754
3.7549999999999955 4.786164580559254
3.4180000000000064 4.5901462843768295
0.2750000000000057 4.26988368056184
4.365000000000009 3.9496210767468503
2.491000000000014 4.604281011641912
