0.434 3.351170506912443
0.372 3.3458064516129036
0.1259999999999999 3.357927322191994
0.3320000000000001 3.370048192771085
0.9250000000000003 3.306854054054054
0.9940000000000002 3.312362173038229
0.10899999999999999 3.303601137932996
1.9450000000000003 3.2948401028277634
2.1980000000000004 3.2957779799818017
0.10499999999999954 3.2939689279032023
2.577000000000001 3.292159875824603
0.12399999999999878 2.9422924556483885
6.343 2.592425035472174
10.431999999999999 1.663497699386503
0.16499999999999915 1.5007782143488841
5.619 1.3380587293112653
9.722000000000001 0.754929438387163
0.7849999999999966 1.638175796178344
0.1109999999999971 1.5537191544732374
0.9790000000000063 1.469262512768131
0.1419999999999959 1.2519018011670755
1.0829999999999984 1.0345410895660203
0.1180000000000021 1.5865085009873894
1.3699999999999974 2.1384759124087585
0.10000000000000142 2.3660250181989886
1.1129999999999995 2.5935741239892183
1.1499999999999986 2.5945252173913045
2.8599999999999994 2.7628195804195803
1.7630000000000052 4.1917413499716405
12.162999999999997 1.3416249280605113
0.14499999999999602 1.2357871793932602
6.763000000000005 1.1299494307260092
0.15000000000000568 1.5404145370569124
2.691999999999993 1.9508796433878157
2.695999999999998 2.5939910979228484
0.10599999999999454 1.9772803974462727
5.280000000000001 1.360569696969697
0.12199999999999989 1.4274477350827868
4.8500000000000085 1.4943257731958766
0.23299999999998988 1.1670123552534906
10.257000000000005 0.8396989373111046
3.1950000000000074 0.6953765258215963
0.17799999999999727 0.5950371432196784
6.474999999999994 0.4946977606177606
0.14400000000000546 0.9089648625508338
0.9009999999999962 1.3232319644839068
0.10000000000000853 0.8978065298788627
2.665999999999997 0.4723810952738185
0.21399999999999864 0.43201025543920957
3.2169999999999987 0.39163941560460064
0.20600000000000307 0.4644479990679622
5.506999999999991 0.5372565825313237
0.1360000000000099 0.5796539810848816
2.1019999999999897 0.6220513796384396
0.09700000000000841 0.9184024891418279
1.1809999999999974 1.214753598645216
1.0360000000000014 1.2348571428571429
1.012999999999991 1.0393682132280355
0.09300000000001774 1.0435015640569731
2.7609999999999957 1.0476349148859108
0.132000000000005 0.8274649094061968
11.969999999999999 0.6072949039264829
0.1699999999999875 0.5851885124982016
2.1310000000000002 0.5630821210699203
0.17199999999999704 0.5648689686249553
2.0889999999999986 0.5666558161799904
0.10699999999999932 0.5820543197475544
13.724999999999994 0.5974528233151184
0.2079999999999984 0.5023870007178678
2.852000000000004 0.4073211781206172
0.1490000000000009 0.4733194310008407
2.5560000000000116 0.5393176838810642
0.9650000000000034 1.3846632124352332
0.132000000000005 1.3867524305126273
0.921999999999997 1.3888416485900217
2.7590000000000146 0.9599217107647697
0.16599999999999682 1.0193936151019514
6.275999999999982 1.078865519439133
0.10699999999999932 0.807164960457244
8.947000000000003 0.5354644014753549
