0.436 3.3357981651376147
0.369 3.3730081300813013
0.3320000000000001 3.370048192771085
0.9280000000000002 3.296163793103448
0.9980000000000002 3.2990861723446887
0.1080000000000001 3.2952708725103
1.947 3.2914555726759116
2.1370000000000005 3.389854936827328
2.4609999999999994 3.447336854937017
4.885 3.366172364380757
0.11299999999999955 3.4524181560892364
4.904 3.538663947797716
0.09100000000000108 3.6179579573136995
4.702999999999999 3.697251966829683
0.0990000000000002 3.517569821477949
5.0390000000000015 3.3378876761262153
6.047999999999998 2.922570105820106
6.228999999999999 2.922300208701236
2.2449999999999974 2.927861024498887
2.1610000000000014 3.41756594169366
2.2549999999999955 3.429530820399113
5.5859999999999985 2.9495338345864663
0.117999999999995 2.9495974004411663
6.023000000000003 2.949660966295866
2.3730000000000047 3.1142182890855454
2.290999999999997 3.113414229594064
0.10900000000000887 3.116904746483435
2.448999999999998 3.1203952633728056
0.24499999999999034 3.1165095287925126
2.4879999999999995 3.1126237942122192
0.12000000000000455 3.115946152235458
2.2420000000000044 3.119268510258697
1.9969999999999999 3.597299949924887
0.29599999999999227 3.655524065370382
4.535000000000011 3.713748180815877
5.286000000000001 3.625558834657586
0.11499999999999488 3.6104530727526765
4.388000000000005 3.595347310847767
0.10899999999999466 3.507074256024484
4.9950000000000045 3.4188012012012012
0.10699999999999932 3.5291525451034387
4.757000000000005 3.639503889005676
4.846999999999994 3.487836599958737
5.00500000000001 3.43313006993007
0.09399999999999409 3.491073235005529
4.939000000000007 3.5490164000809883
5.152000000000001 3.5508711180124224
0.23699999999999477 3.59689333327614
5.067999999999998 3.642915548539858
4.719000000000008 3.634580207671117
4.299999999999983 3.571685581395349
0.10200000000000387 3.4173466843349014
5.265000000000015 3.2630077872744536
5.533999999999992 3.084741597397904
2.02200000000002 3.681808110781405
1.2379999999999995 3.6633537964458807
2.274000000000001 3.605998240985049
0.12000000000000455 3.6079991204925244
1.9639999999999986 3.61
2.1570000000000107 3.6123208159480757
2.0909999999999798 3.669034911525586
0.10599999999999454 3.6087974918964876
2.2139999999999986 3.548560072267389
1.9099999999999966 3.479497382198953
0.09499999999999886 3.459287490221759
5.013000000000005 3.4390775982445643
3.6950000000000216 3.1039956698240867
