0.494 2.944145748987854
0.11099999999999999 2.9573234711526384
0.41900000000000004 2.970501193317422
0.9670000000000001 2.9022709410548093
1.056 2.896628787878788
1.1350000000000002 2.900870484581498
1.3529999999999998 3.0765114560236513
0.9050000000000002 3.117277348066298
0.10299999999999976 3.053334939008484
2.838000000000001 2.989392529950669
5.1320000000000014 3.2041605611847235
5.286000000000001 3.282937570942111
0.11299999999999955 3.207688925986278
5.550999999999998 3.132440281030445
5.434000000000001 3.0952550607287455
5.3969999999999985 3.2750980174170836
0.10800000000000409 3.279456335441215
2.5249999999999986 3.2838146534653463
2.0429999999999993 3.217350954478708
0.24799999999999756 3.1780252434951977
2.3530000000000015 3.1386995325116875
2.461999999999996 3.141182778229082
2.242999999999995 3.159033437360677
2.497 3.164462955546656
0.10899999999999466 3.162650639449975
2.338000000000001 3.1608383233532935
5.254000000000005 3.105859154929577
5.413000000000004 3.2166547201182345
5.825999999999993 3.050471678681771
5.962000000000003 2.7428044280442805
6.535000000000011 2.677019127773527
5.284000000000006 3.187329295987888
0.11699999999999022 3.2017116357435667
5.959000000000003 3.2160939754992452
4.962000000000003 3.179440548166062
0.2219999999999942 3.1949949497739505
5.319000000000003 3.210549351381839
0.09199999999999875 3.262984365464953
5.221999999999994 3.315419379548066
2.1650000000000063 3.227451270207853
2.421999999999997 3.152611065235343
2.253 3.1426968486462488
2.638999999999996 3.1385494505494513
2.7280000000000086 3.008961876832845
2.503 3.0169940071913697
0.10000000000000853 3.021651129179494
1.9269999999999925 3.026308251167618
2.353999999999999 3.189760407816483
5.5589999999999975 3.070868861305991
5.313999999999993 3.2308919834399705
5.213999999999999 3.2351223628691987
5.324000000000012 3.2826010518407207
5.188999999999993 3.2714249373675086
0.11099999999999 3.254278318289072
2.4070000000000107 3.237131699210636
0.09200000000001296 3.2357564060977295
2.3719999999999857 3.2343811129848232
0.12700000000000955 3.2304373737408714
2.4350000000000023 3.22649363449692
0.2539999999999907 3.2167954681070046
4.891999999999996 3.207097301717089
0.117999999999995 3.1179632678648694
5.692000000000007 3.0288292340126493
0.10699999999999932 3.10958346262524
3.594999999999999 3.1903376912378305
