1.0470000000000002 1.3891193887297035
0.8859999999999999 1.4047855530474043
0.10499999999999998 1.402552976774015
0.7990000000000004 1.4003204005006256
0.10499999999999998 1.4018848052164528
0.8859999999999997 1.40344920993228
0.11400000000000032 1.3972224773065656
0.9399999999999995 1.3909957446808512
3.08 1.3514675324675325
0.11999999999999922 1.3366936202483648
5.48 1.3219197080291971
0.10100000000000087 1.522269092593279
4.925000000000001 1.7226184771573605
4.194000000000003 1.626767763471626
0.09999999999999787 1.852483370081464
3.5180000000000007 2.078198976691302
4.306000000000001 1.7460640966093823
0.09399999999999764 2.0230514779505704
3.190999999999999 2.300038859291758
0.09900000000000375 2.077622662562852
4.082999999999998 1.8552064658339458
0.125 1.7437087447279964
5.079999999999998 1.632211023622047
0.3049999999999997 1.6780315542972548
3.8130000000000024 1.7238520849724626
0.10300000000000153 1.887955495111961
3.5989999999999966 2.0520589052514593
0.09300000000000352 2.0773606108639027
3.6779999999999973 2.102662316476346
0.1180000000000021 2.39944987969936
2.628 2.6962374429223748
2.9369999999999976 2.6903861082737484
2.3980000000000032 3.0817514595496247
0.09700000000000131 2.5901302163885225
3.398999999999994 2.0985089732274202
0.125 1.7653197040050146
5.3359999999999985 1.4321304347826087
5.119 1.5128361008009374
0.2609999999999957 1.485352801286439
4.796999999999997 1.4578695017719405
0.12199999999999989 1.5813087423430183
4.214000000000013 1.7047479829140961
3.9399999999999977 1.8394619289340102
5.64200000000001 1.5265494505494503
3.977000000000004 1.525163691224541
0.12199999999999989 1.532657444266535
5.052999999999997 1.5401511973085293
3.6969999999999885 1.3880378685420611
0.11299999999999955 1.3814876473761073
5.082000000000008 1.3749374262101535
0.117999999999995 1.3851682745085854
5.472000000000008 1.3953991228070175
0.1349999999999909 1.4384787301566386
1.9969999999999999 1.4815583375062595
0.09000000000000341 1.5420154618147504
2.061000000000007 1.6024725861232412
0.1349999999999909 1.6002163727428955
2.0080000000000098 1.5979601593625499
0.0969999999999942 1.6041862538819365
1.813999999999993 1.610412348401323
1.4300000000000068 1.7961622377622375
5.469999999999999 1.3727049360146253
0.12899999999999068 1.3730443251771596
5.293000000000006 1.3733837143396939
0.11199999999999477 1.4417239058513887
4.930000000000007 1.5100640973630832
4.0190000000000055 1.708783279422742
5.340000000000003 1.535588014981273
0.103999999999985 1.3663116505769104
5.923000000000002 1.1970352861725477
0.11599999999998545 1.716740375577663
3.484000000000009 2.2364454649827783
0.14099999999999113 1.7443000949852687
6.1270000000000095 1.2521547249877591
2.430999999999983 1.2959407651172354
1.9470000000000027 1.3602588597842835
1.8499999999999943 1.3583005405405404
3.548999999999978 1.3499013806706117
