0.163 8.922748466257667
0.363 8.790413223140497
0.31800000000000006 8.825459119496855
0.56 8.824014285714286
2.037 8.7699793814433
5.148999999999999 3.0167022722858805
4.138 4.171164813919768
4.006 4.5734837743384915
0.10099999999999909 3.678157693566267
5.9090000000000025 2.782831612794043
3.4430000000000014 5.040257914609352
2.9400000000000013 5.914345578231291
2.844000000000001 5.914070323488045
0.25099999999999767 5.638422297666352
3.2959999999999994 5.36277427184466
0.1110000000000042 5.363032392257038
3.3939999999999984 5.363290512669416
0.10500000000000398 5.55780015056203
2.7889999999999944 5.752309788454643
0.11200000000000188 5.805699637337224
2.939 5.859089486219804
3.172000000000004 5.77475157629256
2.8770000000000024 5.726832116788321
0.12599999999999767 5.664710287344018
3.1709999999999994 5.602588457899716
0.12400000000000233 5.569880878500564
3.1159999999999997 5.537173299101412
3.164999999999999 5.155824328593997
0.23000000000000398 5.005652264687406
3.5860000000000056 4.855480200780814
0.12299999999999045 4.7910443557095554
3.760000000000005 4.726608510638298
3.957000000000008 4.132575183219611
5.061000000000007 3.456692353289864
4.706999999999994 3.578042914807733
3.0319999999999965 6.320812664907653
2.4939999999999998 6.325735364875702
0.10699999999999932 5.813738840463309
3.2210000000000036 5.301742316050916
3.3840000000000003 5.116170212765957
0.30800000000000693 5.0700530112863955
3.364999999999995 5.023935809806835
3.4690000000000083 4.953247621793024
3.6069999999999993 4.8596041031327974
0.0940000000000083 5.0078866062450915
3.5479999999999876 5.156169109357386
2.831000000000003 6.521475097138821
2.6310000000000002 6.519036107943748
2.1809999999999974 7.041837689133425
0.11599999999999966 7.070451075971671
2.4200000000000017 7.099064462809917
2.2560000000000002 7.566914893617021
0.23700000000000898 7.620954094103995
2.2369999999999948 7.67499329459097
2.6239999999999952 6.428326219512195
2.891999999999996 6.043073305670815
0.11000000000001364 5.439688219786975
3.509999999999991 4.836303133903134
0.09299999999998931 4.62073419722452
4.030000000000001 4.405165260545906
4.552000000000021 3.7345342706502644
5.400999999999982 3.3275408257730046
0.09499999999999886 3.559965723498057
4.1370000000000005 3.792390621223109
3.2890000000000157 5.2417439951353
0.3019999999999925 5.246619250314904
2.1839999999999975 5.251494505494507
