0.313 4.646670926517572
0.26600000000000007 4.679097744360902
0.6130000000000001 4.578296900489397
0.6680000000000001 4.579101796407185
1.746 4.567005727376863
5.106000000000001 3.04210732471602
0.09399999999999942 3.1159788148252066
5.411 3.1898503049343927
8.993000000000002 2.0372930056710774
0.12099999999999866 2.3622906593269417
4.012999999999998 2.687288312982806
2.3659999999999997 3.0900693153000844
2.1269999999999953 3.5348152327221443
1.9410000000000025 3.781259144770737
0.25200000000000244 3.7777267323255774
2.006999999999998 3.7741943198804173
0.10000000000000142 3.168251671683101
3.235999999999997 2.562309023485785
2.559999999999995 2.567596875
2.8800000000000026 2.5643611111111113
0.11999999999999744 2.563425088358736
3.0180000000000007 2.562489065606361
2.5970000000000013 2.728422025413939
0.09599999999999653 3.211257296016927
2.139000000000003 3.694092566619916
2.424999999999997 3.047439175257732
2.3460000000000036 3.04042284739983
0.24600000000000222 3.0677707594633823
2.468999999999994 3.0951186715269343
2.9269999999999996 2.645783395968569
6.076000000000008 2.6913429888084264
0.117999999999995 2.7136977690366813
6.3940000000000055 2.7360525492649357
0.10899999999999466 2.80774656869983
5.849000000000004 2.8794405881347243
6.685000000000002 2.866821839940165
0.11699999999999022 2.604460801205237
6.736000000000004 2.3420997624703093
5.884 2.9022624065261726
0.10799999999998988 3.5275428127617667
4.168999999999997 4.15282321899736
5.817999999999998 2.9057311790993468
2.4180000000000064 3.1578263027295286
2.1069999999999993 3.360463217845277
0.0969999999999942 3.212917027131373
2.7020000000000124 3.065370836417469
0.09199999999999875 3.0652559932647465
2.6779999999999973 3.065141150112024
0.12599999999999056 3.066811940354671
2.4610000000000127 3.068482730597318
1.9000000000000057 3.0693136842105266
0.09999999999999432 2.968708790157211
2.618000000000009 2.8681038961038956
2.7750000000000057 2.6195747747747746
0.3140000000000214 2.6396580554831357
2.798999999999978 2.6597413361914968
0.11000000000001364 3.104444311506601
1.9350000000000023 3.549147286821705
4.935000000000002 3.54135116514691
7.97799999999998 2.127779393331662
0.12800000000001432 1.8515734308037315
11.269000000000005 1.5753674682758008
0.12599999999997635 2.1233299736922175
2.872000000000014 2.6712924791086348
0.1279999999999859 2.785722282374546
2.709000000000003 2.9001520856404577
3.039999999999992 2.1861315789473683
4.502999999999986 1.5036553408838553
0.28400000000002024 2.1542866868353703
1.7079999999999984 2.804918032786885
