0.297 4.8969966329966335
0.10299999999999998 4.908261162348119
0.25300000000000006 4.919525691699605
0.5850000000000001 4.79742905982906
0.11399999999999988 4.803462957587486
0.6360000000000001 4.809496855345912
0.6809999999999996 4.8347841409691625
0.12200000000000033 4.8229716500641615
1.3319999999999999 4.8111591591591605
5.081 3.3970242078331045
0.11999999999999922 3.628703422922031
4.746 3.8603826380109574
3.731 4.407331010452962
3.780000000000001 4.590901587301587
0.120000000000001 4.685906663873505
3.636999999999997 4.780911740445422
3.5060000000000002 4.797380490587564
0.09500000000000242 4.712869873468697
3.818999999999999 4.62835925634983
3.7779999999999987 4.81815987294865
0.3129999999999953 4.7837383142126315
3.378 4.749316755476613
3.9139999999999944 4.399556463975473
3.878999999999998 4.722225315803041
0.12100000000000222 4.742051386225221
3.460000000000001 4.761877456647399
3.737000000000002 4.75402943537597
3.5929999999999964 4.802068466462566
0.10699999999999932 4.777007442316897
3.4340000000000046 4.751946418171229
3.6410000000000053 4.782134578412524
3.7319999999999993 4.762070739549839
0.262999999999991 4.7585579053957385
3.439000000000007 4.755045071241639
3.6829999999999927 4.7500190062449095
0.11700000000000443 4.757166221651451
3.5349999999999966 4.764313437057992
4.007000000000005 4.78280608934365
0.09300000000000352 4.757387447791201
3.333999999999989 4.731968806238752
3.646000000000001 4.683738891936367
3.8589999999999947 4.486426535371859
3.673000000000002 4.602652872311461
0.12300000000000466 4.5717830957751815
3.783999999999992 4.540913319238901
0.31100000000000705 4.474756458412207
3.975999999999999 4.408599597585513
3.8389999999999986 4.765326387079968
4.23899999999999 4.355342297711724
3.6559999999999917 4.691352297592998
3.2390000000000043 4.741663476381599
3.6200000000000045 4.745783425414365
3.5660000000000025 4.78714526079641
3.6570000000000107 4.694820891441071
3.8049999999999784 4.433095400788437
0.2890000000000157 4.502859578991812
3.8220000000000027 4.572623757195186
3.6200000000000045 4.68934364640884
3.765999999999991 4.713971322357939
3.600999999999999 4.720799777839489
0.09800000000001319 4.751571788866524
3.7579999999999814 4.78234379989356
3.3079999999999927 4.7427811366384525
0.09199999999998454 4.761864223338638
3.606000000000023 4.780947310038824
0.09399999999999409 4.686163006500598
2.4979999999999905 4.591378702962371
