1.4400000000000002 1.0100055555555556
1.2159999999999997 1.0235526315789474
1.097 1.0199234275296263
0.1080000000000001 1.017080800224846
1.226 1.0142381729200654
1.3209999999999997 0.9898077214231644
1.013 0.9973464955577492
0.11000000000000032 0.9637467723420134
3.0329999999999995 0.9301470491262775
0.1750000000000007 1.1001907576818692
6.6789999999999985 1.2702344662374607
3.4879999999999995 1.9560389908256879
0.09299999999999997 2.8730697805346685
1.9289999999999985 3.790100570243649
3.3659999999999997 2.233675579322638
3.0330000000000013 2.419856247939334
4.071999999999999 1.8602180746561883
0.134999999999998 1.6396445499072487
5.8430000000000035 1.4190710251583092
2.0519999999999996 3.2032397660818717
0.3059999999999974 3.91823217915135
1.5940000000000012 4.633224592220828
0.11299999999999955 4.188246371618643
2.0660000000000025 3.743268151016457
2.9579999999999984 2.395440162271805
2.368000000000002 3.336851351351351
0.12699999999999534 2.9342769946205194
2.919000000000004 2.531702637889688
0.09199999999999875 1.8753908848310172
5.850999999999999 1.2190791317723464
2.7659999999999982 2.762779464931309
3.064 2.5274830287206265
2.4210000000000065 2.8886410574142913
8.091000000000008 2.1621950315165
0.11599999999999966 1.8897908798224008
10.412999999999997 1.6173867281283014
3.798000000000002 2.267717746182201
0.10099999999999909 2.4118984853961996
2.3730000000000047 2.5560792246101984
0.12599999999999056 2.4214989129222015
3.403000000000006 2.286918601234205
0.10299999999999443 2.1617854159314778
3.8329999999999984 2.0366522306287504
3.9380000000000024 1.7743605891315388
2.897999999999996 2.634790890269151
0.09100000000000819 2.7426160570508396
2.4839999999999947 2.850441223832528
0.11499999999999488 2.649013756124302
3.3840000000000003 2.447586288416076
0.3090000000000117 2.2660034032227667
3.937999999999988 2.084420518029457
2.2860000000000014 3.3033840769903766
0.10999999999999943 2.7779369206890854
2.5889999999999986 2.2524897643877946
0.12199999999999989 1.8277299345107882
5.35199999999999 1.402970104633782
4.236000000000018 1.716081208687441
4.658999999999992 1.5978999785361663
7.218000000000018 0.9514546965918537
6.135999999999996 1.336382007822686
4.5049999999999955 1.573815760266371
0.2720000000000198 1.1864451583610596
9.750999999999976 0.7990745564557483
2.8859999999999957 1.1059930699930698
0.14200000000002433 0.9771257757073588
3.7139999999999986 0.8482584814216478
2.3969999999999914 1.1048911138923654
0.09900000000001796 1.1306452808302139
2.1729999999999734 1.1563994477680624
0.125 1.2047701033209957
1.6340000000000146 1.253140758873929
