0.451 3.224851441241685
0.384 3.24125
0.11699999999999988 3.215225
0.8800000000000001 3.1892
0.11699999999999977 3.182782762201454
0.9630000000000001 3.176365524402908
1.0310000000000001 3.1934898157128995
2.0180000000000007 3.175651139742319
2.952 2.4539701897018973
4.353 1.9489767976108427
3.884000000000002 1.7566076210092687
0.11799999999999855 1.7314081278908653
4.285 1.7062086347724619
0.11100000000000065 1.7604844766910825
4.143000000000001 1.814760318609703
3.333000000000002 2.2020474047404743
2.4770000000000003 3.058057327412192
0.31400000000000006 4.058507614285718
1.6389999999999958 5.058957901159244
0.9750000000000014 6.741587692307691
2.5079999999999956 6.865974481658693
0.09600000000000364 5.716966293198423
4.009999999999998 4.567958104738154
3.8810000000000002 4.245322339603195
0.12099999999999511 3.843153906582539
5.163000000000004 3.440985473561883
3.936 4.3835955284552846
3.897999999999996 4.1862965623396615
0.10600000000000165 3.862275694297244
4.920999999999999 3.538254826254826
2.7169999999999987 6.541055576002946
0.27200000000000557 6.013332216045754
2.9809999999999945 5.485608856088561
4.153999999999996 4.211439576311988
4.222000000000008 3.989068687825675
6.295000000000002 3.0444327243844325
0.10299999999999443 3.0441519207490364
5.183000000000007 3.043871117113641
0.11999999999999034 3.0099899329032827
5.7379999999999995 2.976108748692925
7.935999999999993 2.181592741935484
6.864999999999995 2.4625701383831027
0.12199999999999989 2.412889013964727
5.070000000000007 2.363207889546351
0.14799999999999613 2.6542528632423936
2.4039999999999964 2.9452978369384364
1.5980000000000132 5.183123904881101
0.10099999999999909 5.607156368311234
1.36099999999999 6.031188831741367
4.125 4.157959757575758
4.38300000000001 3.504049281314168
0.11899999999999977 3.3255487293180113
5.459000000000003 3.1470481773218544
7.003999999999991 2.437315819531696
0.2849999999999966 2.438037909765848
4.599999999999994 2.4387600000000003
0.11899999999999977 2.4742864748201443
1.8070000000000164 2.509812949640288
2.662000000000006 3.0804057099924873
2.3029999999999973 3.0786105080330004
0.09599999999997522 3.079790821434452
2.529000000000025 3.0809711348359037
2.5719999999999743 2.982874027993779
0.1290000000000191 2.952298300720578
2.688999999999993 2.9217225734473775
0.10900000000000887 2.922770657599184
2.272999999999996 2.9238187417509898
0.12899999999999068 2.9224270585372727
2.318000000000012 2.9210353753235556
1.5809999999999889 3.0302340290955088
