0.264 5.509121212121212
0.22500000000000003 5.531733333333333
0.20400000000000007 5.484588235294118
0.10199999999999998 5.4685329768270945
0.5609999999999999 5.452477718360071
0.9630000000000001 5.423667705088264
2.8959999999999995 5.36360497237569
0.10500000000000043 5.127294126879258
3.529000000000001 4.890983281382828
3.7379999999999995 4.901384697699305
3.442 4.777382916908774
3.608999999999998 4.808425602660017
3.6189999999999998 4.804690798563139
3.4450000000000003 4.882326850507982
3.811 4.638075045919706
0.2829999999999977 4.604698999604755
3.9819999999999993 4.571322953289804
0.12700000000000244 4.656109467188637
3.3840000000000003 4.74089598108747
0.11500000000000199 4.7228884277022045
3.6599999999999966 4.704880874316939
3.9179999999999993 4.675220010209289
3.466000000000001 4.753634160415464
3.753 4.733761790567546
3.6380000000000052 4.742669598680593
3.443000000000005 4.739524832994482
3.7239999999999966 4.675551020408163
0.269999999999996 4.7220051855461795
3.727000000000004 4.768459350684196
3.3689999999999998 4.853843870584743
3.769999999999996 4.6404031830238734
3.792999999999992 4.440244661218033
0.10600000000000875 4.591404686461528
4.040999999999997 4.742564711705024
3.328000000000003 4.7405
3.6230000000000047 4.713472812586255
3.641999999999996 4.753739703459638
3.5349999999999966 4.782332107496464
0.25799999999999557 4.79772291649333
3.5700000000000074 4.813113725490196
3.7349999999999994 4.6930634538152605
3.8930000000000007 4.699226303621885
0.10999999999999943 4.673083577182199
3.973000000000013 4.646940850742513
0.12699999999999534 4.67945723855807
3.6400000000000006 4.711973626373627
3.433000000000007 4.473710457325954
3.894999999999996 4.410715275994865
0.1039999999999992 4.571723038607358
3.6070000000000135 4.73273080121985
0.09299999999998931 4.749619148527748
3.602000000000004 4.766507495835647
0.28999999999999204 4.723421339482751
3.6040000000000134 4.680335183129856
0.10299999999998022 4.675982614286125
3.741000000000014 4.671630045442395
3.5979999999999848 4.718016675931073
0.10200000000000387 4.724158351288212
3.752999999999986 4.73030002664535
3.6159999999999854 4.701216814159292
3.808000000000021 4.719550420168067
0.09399999999999409 4.7521387355491145
3.2789999999999964 4.784727050930162
0.12100000000000932 4.741150446446007
3.6699999999999875 4.6975738419618525
2.391999999999996 4.794842809364549
