0.434 3.351170506912443
0.371 3.3548247978436656
0.3320000000000001 3.370048192771085
0.9250000000000003 3.306854054054054
2.4970000000000003 3.1934289146976367
0.10299999999999976 2.607194432120184
3.1710000000000003 2.020959949542731
2.9549999999999983 2.4514788494077835
1.7599999999999998 4.820395454545454
2.9909999999999997 3.605512537612839
0.12199999999999989 3.6583602037935883
4.676000000000002 3.711207869974337
0.11299999999999955 3.2846124819957154
6.084 2.8580170940170944
0.11499999999999844 3.2379584287035352
4.649000000000001 3.617899763389976
4.882000000000005 3.6205866448176978
0.11999999999999744 3.9578874705919542
4.2379999999999995 4.29518829636621
3.573999999999998 4.488861779518746
0.12600000000000477 4.48893871040588
3.8359999999999985 4.489015641293014
5.486999999999995 3.3383473665026426
0.30800000000000693 3.3347717422889276
4.945999999999998 3.3311961180752125
4.596000000000004 3.865493472584857
0.09799999999999898 4.122875195292175
3.939000000000007 4.380256917999493
3.727000000000004 4.378369734370807
3.950000000000003 4.408038481012658
4.025999999999996 4.414318926974665
3.705999999999989 4.412466270912035
0.0940000000000083 4.210623602917062
4.364000000000004 4.008780934922089
4.198999999999998 4.01091879018814
0.2890000000000015 3.8759165491053915
5.1229999999999905 3.7409143080226426
4.406000000000006 3.580659101225601
0.09999999999999432 3.5826796197053845
2.1710000000000065 3.5847001381851684
2.180000000000007 3.5809577981651377
0.12099999999999511 3.9457632914329697
1.6210000000000093 4.310568784700802
1.543999999999997 4.945352331606218
3.548000000000002 4.94041488162345
3.8640000000000043 4.734494824016563
4.469000000000008 4.131191765495637
0.2219999999999942 4.130559041909869
4.153000000000006 4.129926318324102
4.397999999999996 3.4920982264665756
0.10599999999999454 3.2103975619206384
5.866000000000014 2.9286968973747016
5.825999999999993 2.9301338825952628
4.676000000000016 3.671719418306245
0.12199999999998568 3.7435647532607907
4.421000000000021 3.8154100882153363
4.045000000000016 4.320535970333745
3.683000000000021 4.609129513983166
0.11999999999997613 4.235477961255233
4.597000000000008 3.8618264085273006
0.29599999999999227 3.484523147601249
5.471000000000004 3.1072198866751966
2.7770000000000152 2.8291364782139
0.11699999999999022 3.0852168062261054
1.9890000000000043 3.341297134238311
0.11099999999999 3.383081546380663
1.9770000000000039 3.4248659585230152
0.12100000000000932 3.427107281337384
1.3969999999999914 3.429348604151753
