0.524 2.775587786259542
0.44399999999999995 2.8032432432432435
0.3999999999999999 2.7971399999999997
0.10899999999999999 2.7702471300448432
1.115 2.7433542600896867
1.9089999999999998 2.735983237297014
0.09500000000000064 3.014565102718394
1.9459999999999997 3.2931469681397743
2.630000000000001 2.754418250950571
5.244999999999999 1.6175206863679694
4.6690000000000005 1.4612687941743412
0.14399999999999835 1.4082158614059845
5.395 1.3551629286376277
3.771000000000001 1.9937820206841685
0.1280000000000001 1.9485798070225824
3.855999999999998 1.9033775933609962
5.301000000000002 1.4289394453876627
0.2639999999999958 2.132327451831998
2.9239999999999995 2.8357154582763338
2.7349999999999994 2.403308226691042
2.649000000000001 2.787980369950925
2.7879999999999967 2.7738852223816357
0.10900000000000176 2.419243310491517
3.432000000000002 2.0646013986013987
4.210000000000001 1.876879809976247
3.9380000000000024 1.8765972574911123
3.886000000000003 1.835520329387545
0.10899999999999466 1.5165572184471028
6.381 1.1975941075066605
0.33200000000000784 1.0542315397566235
8.501999999999995 0.9108689720065868
0.16100000000000136 0.9380707869004639
7.24499999999999 0.9652726017943409
0.09799999999999898 1.032791877279551
1.0670000000000073 1.100311152764761
0.13599999999999568 1.1856367479304977
2.3900000000000006 1.2709623430962342
0.10300000000000864 1.2686127700611283
2.6899999999999977 1.2662631970260223
0.11299999999999955 1.273030216024532
1.7360000000000042 1.2797972350230415
1.9210000000000065 1.667448204060385
1.9210000000000065 1.667914627798022
2.4309999999999974 1.877061291649527
0.257000000000005 1.8374738998864544
4.247 1.7978865081233815
2.582000000000008 2.74225251742835
0.12000000000000455 2.4598002860538175
3.803999999999988 2.177348054679285
0.11800000000000921 2.1715827344636534
3.789999999999992 2.1658174142480213
1.0030000000000001 7.528949152542372
0.10000000000000853 7.526859092400219
0.7749999999999915 7.524769032258066
6.674000000000007 2.5741288582559188
9.341000000000008 1.8275302430146665
10.292000000000002 1.668184998056743
0.2920000000000016 1.7071664883495004
3.933000000000021 1.7461479786422576
4.867999999999995 1.6844782251437964
0.132000000000005 1.8150766537354546
3.6440000000000055 1.9456750823271127
4.103000000000009 1.899043626614672
0.10699999999999932 1.8327767062384894
4.342999999999989 1.7665097858623071
2.8149999999999977 2.790945648312611
2.1880000000000166 3.0374040219378426
0.10999999999998522 3.035494125664262
2.2319999999999993 3.0335842293906814
2.5779999999999745 1.8583397982932504
