0.476 3.055478991596639
0.128 3.0605473775717185
0.406 3.065615763546798
0.09099999999999997 3.069697991663509
0.3640000000000001 3.07378021978022
1.0140000000000002 3.016607495069033
1.737 3.0069038572251006
2.1310000000000002 3.007256687001408
3.683 1.9669074124355146
0.12400000000000055 2.015306783327949
4.110999999999999 2.063706154220384
3.5260000000000016 1.9349585933068634
2.9989999999999988 2.4378472824274757
0.09700000000000131 2.4033206166390686
3.1739999999999995 2.368793950850661
0.12900000000000134 2.6400542542829264
2.521000000000001 2.911314557715192
2.6010000000000026 2.912267589388697
0.29100000000000037 3.049452780090198
2.6019999999999968 3.1866379707916987
0.10800000000000409 3.387273133867465
1.8320000000000007 3.587908296943232
4.731000000000002 3.6397937011202712
4.768999999999998 3.8409544977982812
5.4709999999999965 3.0115328093584357
0.13000000000000256 3.027072107710559
5.838999999999999 3.042611406062682
5.813000000000002 2.968145879924308
5.409000000000006 3.016857829543353
0.09499999999999886 3.1569568450879046
5.280999999999992 3.2970558606324563
0.1150000000000091 3.553356226136164
4.664999999999992 3.8096565916398712
0.2259999999999991 3.357101830455815
5.63000000000001 2.9045470692717585
6.047000000000011 2.8930577145692076
2.3419999999999987 3.094568744662681
2.3760000000000048 3.6249124579124574
0.12300000000000466 3.625240448920365
1.6730000000000018 3.625568439928273
2.5509999999999877 3.0507189337514697
3.855000000000004 2.025029312581064
3.5 1.9964091428571427
0.10699999999999932 1.957694895630632
3.978999999999999 1.9189806484041214
0.10899999999999466 2.4187846358261336
2.426000000000002 2.9185886232481453
0.26600000000000534 3.1783960135750897
2.408999999999992 3.438203403902034
0.10099999999999909 3.3432504949862363
2.527000000000001 3.248297586070439
2.096999999999994 3.6011139723414405
0.10500000000000398 3.580191748627267
4.314999999999998 3.559269524913094
0.09099999999999397 3.393664826342304
5.322000000000003 3.228060127771514
5.003000000000014 3.4121447131720966
0.09600000000000364 3.138490177376971
5.992999999999995 2.8648356415818452
0.10499999999998977 3.1656615528090066
4.866000000000014 3.4664874640361685
5.527000000000015 3.162035100416139
5.507000000000005 3.0825175231523523
0.10200000000000387 2.9422069938994087
6.336000000000013 2.8018964646464646
2.4679999999999893 3.1085705024311188
2.5190000000000055 3.1189011512504963
2.1219999999999857 3.131875589066918
2.179000000000002 3.107370353373107
0.125 3.0592791427456363
1.5909999999999798 3.0111879321181654
