0.444 3.275693693693693
0.38 3.2753684210526317
0.119 3.287914299021891
0.33899999999999997 3.3004601769911504
0.379 3.2808865435356203
0.12200000000000011 3.2607621694056053
1.016 3.2406377952755903
1.987 3.2251957725213893
0.11000000000000032 3.22455160232656
2.247 3.2239074321317314
1.7590000000000003 4.823135872654918
3.109 5.289080733354776
0.09299999999999997 5.368811638262946
3.1850000000000005 5.448542543171116
0.11099999999999888 5.453969230769232
3.1849999999999987 5.459395918367347
0.11600000000000321 5.4381707450129815
3.104999999999997 5.416945571658616
0.09500000000000242 5.224945450977371
3.5120000000000005 5.032945330296126
0.09099999999999753 4.67476149607052
4.217000000000002 4.316577661844914
3.1990000000000016 5.015064707721162
0.10099999999999909 5.237377629700784
3.1539999999999964 5.4596905516804055
0.23900000000000432 5.354130662659688
3.489999999999995 5.24857077363897
0.11700000000000443 5.3648203169592055
3.0060000000000002 5.481069860279441
0.09299999999999642 5.432324021048812
3.3000000000000043 5.383578181818182
0.09899999999999665 5.436592145315709
3.1430000000000007 5.489606108813237
3.0760000000000005 5.305001300390117
0.12299999999999756 5.356188848952822
3.219999999999999 5.407376397515528
3.2590000000000003 5.453221233507211
3.0219999999999985 5.411184645929848
3.253000000000007 5.377903473716569
0.24099999999999966 5.401004554893712
3.1049999999999898 5.424105636070854
0.11700000000000443 3.8494239753054567
8.424999999999997 2.2747423145400596
3.4579999999999984 4.562285714285714
3.736000000000004 4.570907922912205
3.9140000000000015 4.4233827286663265
3.968999999999994 4.2593963214915584
3.4810000000000088 4.936172364263142
0.11699999999999022 3.941077106501319
5.950000000000003 2.9459818487394958
4.177000000000007 4.3797194158486965
0.3019999999999925 4.80195591618694
3.534000000000006 5.224192416525184
3.225999999999999 5.316672039677619
3.159000000000006 4.86174358974359
3.742999999999995 4.589830617152017
3.5319999999999965 4.833227633069083
3.2349999999999994 5.307251931993817
3.1229999999999905 5.401193723983351
3.227000000000004 5.415732259064146
3.0889999999999986 5.4954431854969235
0.30699999999998795 5.371548964903354
3.3830000000000098 5.247654744309784
0.12299999999999045 5.092546512439528
3.443000000000012 4.937438280569271
3.843999999999994 4.6753506763787716
4.536000000000001 3.4588007054673717
3.7630000000000052 4.581476481530695
2.7789999999999964 4.127119107592659
