0.369 3.9414850948509494
0.314 3.9638216560509556
0.28200000000000003 3.967574468085106
0.11799999999999988 3.9320929665266293
0.7850000000000001 3.896611464968153
0.1140000000000001 3.898831798834787
0.8439999999999999 3.901052132701422
1.6520000000000001 3.879215496368039
4.569 3.777693149485664
4.886000000000001 3.7497699549733934
0.11800000000000033 3.6339513018341507
4.673999999999998 3.518132648694908
0.125 3.5273165790855834
4.907 3.5365005094762587
4.876000000000001 3.566073831009024
0.12799999999999656 3.5625138516026924
4.726000000000003 3.5589538721963603
5.091000000000001 3.471951286584168
0.10799999999999699 3.5504700611549227
5.015999999999998 3.628988835725677
0.2740000000000009 3.5568045829366874
4.603999999999999 3.4846203301476977
0.10200000000000387 3.534179467883422
4.805 3.5837386056191467
0.09899999999999665 3.5297736671359496
5.270000000000003 3.475808728652752
0.12999999999999545 3.448602577749843
2.071000000000005 3.421396426846934
2.308 3.423597920277297
2.064 3.5804457364341085
1.9920000000000044 3.580738955823293
0.10999999999999943 3.578354503648661
2.1370000000000005 3.575970051474029
2.165999999999997 3.575349953831948
1.9720000000000084 3.5463488843813393
2.0289999999999964 3.5405657959586
4.727000000000004 3.562904167548128
5.415999999999997 3.538534711964549
4.382999999999996 3.5994487793748577
0.12400000000000944 3.5299079763135692
4.934999999999988 3.4603671732522803
4.902000000000001 3.5318482252141985
0.10099999999999909 3.4292007753383076
5.081999999999994 3.3265533254624167
0.11800000000000921 3.382245850406278
4.9979999999999905 3.43793837535014
0.10200000000000387 3.409286641869862
5.185000000000002 3.3806349083895846
0.30299999999999727 3.5472082377920313
4.926000000000002 3.713781567194478
5.1499999999999915 3.584911844660194
5.998999999999995 2.8590738456409404
0.09800000000001319 3.302950926235938
4.0989999999999895 3.746828006830935
0.09999999999999432 3.7725667781225205
4.523000000000025 3.798305549414106
4.597000000000008 3.713500108766587
0.10799999999997567 3.6636956854512546
2.0600000000000023 3.6138912621359216
1.9099999999999966 3.5956020942408373
0.09200000000001296 3.6039772585741634
2.269999999999982 3.612352422907489
1.9470000000000027 3.6415202876219825
2.1370000000000005 3.6461282171268126
2.13900000000001 3.5867003272557265
2.0790000000000077 3.778986050986051
0.12199999999998568 3.8145384242660314
4.075000000000017 3.8500907975460117
0.125 3.6580667095892503
4.9739999999999895 3.466042621632489
0.12999999999999545 3.5657576483042597
3.129000000000019 3.665472674976031
