0.449 3.2392160356347444
0.383 3.2497127937336807
0.11999999999999988 3.2249111289078893
0.877 3.200109464082098
0.11900000000000022 3.191542765339696
0.9609999999999999 3.1829760665972944
1.6439999999999997 3.1770024330900237
2.011 3.1867051218299354
2.7200000000000006 2.6632794117647065
4.753 1.7849560277719336
3.1259999999999977 2.182554062699936
3.4349999999999987 2.1284145560407572
3.718 2.022203335126412
3.4299999999999997 2.1397737609329446
2.2250000000000014 3.4044080898876405
0.27099999999999724 2.484728771255636
5.298000000000002 1.5650494526236316
0.13400000000000034 1.5030956537400113
4.561 1.441141854856391
0.11599999999999966 2.050308053823586
2.777000000000001 2.659474252790781
0.11999999999999744 2.381068284633564
3.6780000000000044 2.102662316476346
0.1319999999999979 1.9609219156194309
3.894999999999996 1.8191815147625159
0.09500000000000597 2.371778766263567
2.701999999999998 2.9243760177646188
0.09599999999999653 3.141742554336855
2.200000000000003 3.359109090909091
0.10099999999999909 3.5786045987026824
1.8780000000000001 3.7981001064962734
0.1319999999999979 2.722880152428818
4.638000000000005 1.6476601983613626
0.2469999999999999 2.328728661170577
2.5729999999999933 3.0097971239797907
2.3220000000000027 3.0118001722652887
2.385000000000005 3.0120788259958067
0.11899999999999977 3.1676266268889846
5.067999999999998 3.3231744277821624
0.12700000000000955 3.4733383955889447
5.288999999999987 3.623502363395727
0.11700000000000443 3.5210018859232157
4.615000000000009 3.4185014084507044
5.212999999999994 3.2758319585651257
0.0940000000000083 3.2309524165295262
5.4339999999999975 3.186072874493927
5.568000000000012 3.03619683908046
0.125 3.0968209480224056
5.441999999999993 3.1574450569643515
4.492000000000004 3.902179875333927
0.2990000000000066 3.7812307940095002
4.9979999999999905 3.6602817126850735
0.11200000000000898 3.4113583965960483
5.837999999999994 3.1624350805070227
5.451999999999998 3.145925165077036
7.436000000000007 2.065391070467993
3.625 2.0713644137931038
3.507000000000005 2.072802965497576
0.09000000000000341 2.0399895118671485
3.709000000000003 2.007176058236721
0.09600000000000364 1.7975302256501522
4.324999999999989 1.5878843930635833
3.720999999999975 2.2037194302606826
3.2249999999999943 2.198462015503876
3.3969999999999914 2.293722696496909
0.10200000000000387 2.484836932482846
2.8669999999999902 2.6759511684687833
0.2230000000000132 1.8962043749122373
7.037000000000006 1.1164575813556914
2.4350000000000023 2.729297741273101
2.3569999999999993 2.872702588035639
1.4010000000000105 3.419557458957888
