0.897 1.6214136008918616
0.11199999999999999 1.6132520720757093
1.988 1.605090543259557
0.10299999999999976 1.6062382842300076
1.7460000000000004 1.6073860252004581
3.078999999999999 1.6048873010717764
0.11800000000000033 1.68560090450951
2.9570000000000007 1.7663145079472435
0.13700000000000045 2.0063412798775615
1.8529999999999998 2.2463680518078792
2.558 2.831946833463644
2.8980000000000015 2.9275003450655626
0.10899999999999821 2.6829538894734535
2.7979999999999983 2.438407433881344
0.09600000000000009 3.105453458942736
1.9380000000000024 3.7724994840041277
1.443999999999999 5.206753462603878
1.2710000000000008 5.7745271439811185
4.7280000000000015 3.738516074450085
3.453000000000003 5.271650159281784
3.747 4.281609821190285
3.1880000000000024 5.401462986198243
0.10999999999999943 7.153213748811323
2.056999999999995 8.904964511424405
2.2959999999999994 7.176
0.10699999999999932 6.743560923623447
2.8149999999999977 6.311121847246892
3.141999999999996 5.491353278166772
0.2510000000000048 5.354916165786296
3.1269999999999953 5.2184790534058205
3.3200000000000003 5.244503614457832
3.075000000000003 5.779527804878049
0.12299999999999756 5.750610648415233
2.857999999999997 5.721693491952415
3.1509999999999962 5.5519898444938125
2.807000000000002 5.999945849661562
0.09499999999999886 6.218767684656108
2.977000000000004 6.437589519650655
0.12199999999999989 4.939604532949237
4.583999999999989 3.4416195462478187
0.12199999999999989 3.5468268817637725
4.676000000000002 3.652034217279726
0.3100000000000023 6.084039735299971
2.0330000000000013 8.516045253320216
2.4879999999999995 6.794832797427652
0.1150000000000091 5.995362573494594
3.306999999999988 5.195892349561536
0.09700000000000841 5.275702361765186
3.272999999999996 5.355512373968836
0.12399999999999523 5.745175368741628
2.9819999999999993 6.13483836351442
0.1150000000000091 6.062600233022621
3.0819999999999936 5.990362102530824
0.12199999999999989 5.280230878070634
3.753 4.570099653610445
3.971999999999994 3.866628398791541
0.1290000000000049 5.0614525824984655
2.745999999999995 6.2562767662053895
0.2430000000000092 6.276600205308523
2.7109999999999985 6.296923644411657
0.09599999999998943 6.226439592015797
2.7890000000000015 6.155955539619937
0.1110000000000042 5.969292133882647
2.9170000000000016 5.7826287281453554
4.204999999999998 4.15613983353151
0.10800000000000409 2.7200085039689013
13.221999999999994 1.2838771744062927
6.229000000000013 2.8500266495424627
5.306000000000012 3.2038447041085565
3.3859999999999957 5.307751919669227
0.117999999999995 4.504008035306311
4.240000000000009 3.7002641509433962
0.24899999999999523 4.414859240006063
3.36099999999999 5.12945432906873
2.75 4.170641454545454
