0.736 1.9760978260869566
0.624 1.9946153846153845
0.5620000000000003 1.990846975088968
0.1349999999999998 1.990188287544484
0.625 1.9895296
4.09 1.9496312958435207
0.10299999999999976 1.8756399380538942
3.5569999999999995 1.8016485802642679
4.254999999999999 1.7024958871915397
5.247000000000002 1.6169041356965883
5.094999999999999 1.3390900883218841
0.16300000000000026 0.9886678726201301
11.455000000000002 0.6382456569183762
0.1460000000000008 0.9566059745266038
0.8900000000000006 1.2749662921348315
0.24099999999999966 1.4444495543361495
0.7740000000000009 1.6139328165374678
0.13599999999999568 1.6137217407655973
0.7970000000000041 1.6135106649937265
0.11199999999999477 1.6049344781100925
2.1769999999999996 1.5963582912264584
0.11200000000000188 1.5655303123747544
1.756999999999998 1.5347023335230505
5.198999999999998 1.4205347182150412
0.09499999999999886 1.5651857760874013
4.523000000000003 1.7098368339597614
3.205999999999996 2.2101409856519028
4.700000000000003 1.6812051063829787
0.10300000000000153 1.652159768214551
4.553000000000004 1.6231144300461233
4.521000000000001 1.5777111258571113
4.954000000000008 1.5425611626968108
4.802000000000007 1.6127047063723445
0.27299999999999613 1.6798722132910937
4.003 1.7470397202098429
0.1110000000000042 1.7262985875503154
4.211999999999989 1.7055574548907881
4.291999999999987 1.6886020503261885
0.11299999999999955 1.6808192846813537
5.14800000000001 1.6730365190365188
3.4440000000000026 1.7612009291521489
1.7830000000000013 1.7965047672462142
0.11899999999999977 1.7967560291643299
1.782999999999987 1.7970072910824453
0.11899999999999977 1.736083674909798
2.7240000000000038 1.6751600587371511
4.840999999999994 1.5772823796736208
0.2469999999999999 1.5876138822313037
4.431000000000012 1.5979453847889868
5.168000000000006 1.6026764705882353
0.13599999999999568 1.580128368121442
5.27000000000001 1.5575802656546487
0.1279999999999859 1.5990742953300399
4.603000000000009 1.6405683250054313
0.09899999999998954 1.6637461237407836
3.4569999999999936 1.6869239224761357
0.14200000000002433 1.5979531187943379
4.975999999999999 1.5089823151125403
0.125 1.5632717539069598
4.494 1.6175611927013795
0.09799999999998477 1.7542487192869358
3.937000000000012 1.890936245872492
4.194999999999993 1.6370917759237187
0.2909999999999968 1.636423406413884
5.013000000000005 1.6357550369040494
0.10099999999999909 1.6872536866763237
1.711999999999989 1.738752336448598
0.785000000000025 1.7560458598726114
0.117999999999995 1.7472756532478524
1.8359999999999843 1.7385054466230936
2.9939999999999998 1.706509018036072
0.11400000000000432 1.6362234062847656
4.244 1.565937794533459
4.170999999999992 1.6233421241908412
0.12700000000000955 1.7041449816185203
2.6839999999999975 1.7849478390461995
