1.693 0.8590714707619611
0.1120000000000001 0.8584261557807049
1.451 0.8577808407994487
0.13999999999999968 0.8030897515034033
1.495 0.748398662207358
0.15300000000000047 0.7199879851637457
1.7979999999999992 0.6915773081201335
0.1460000000000008 0.8646521461235589
1.2599999999999998 1.0377269841269843
0.14100000000000001 1.1550801167486306
0.7940000000000005 1.272433249370277
0.09199999999999875 1.4173376437934186
0.7850000000000001 1.5622420382165603
0.12400000000000055 1.455945708895108
6.286 1.3496493795736557
0.10300000000000153 1.4529569890569007
4.384 1.556264598540146
0.134999999999998 1.5267606015432658
4.882999999999999 1.4972566045463855
0.09100000000000108 2.0135260142516582
2.9720000000000013 2.5297954239569314
0.125 2.5307521445414185
2.899000000000001 2.531708865125905
0.10199999999999676 2.518302845261365
3.024000000000001 2.504896825396825
3.841000000000001 2.1587170007810466
3.0820000000000007 2.1327216093445815
0.30799999999999983 2.131147425202856
3.4680000000000035 2.1295732410611303
3.628999999999998 2.1310531826949575
3.3260000000000005 2.1304004810583286
3.879000000000005 2.037036349574633
0.1280000000000001 2.0283623945194833
3.658999999999999 2.019688439464334
0.13300000000000267 1.9787157220413225
3.6809999999999903 1.9377430046183106
0.12199999999999989 1.937665619956214
3.9440000000000026 1.9375882352941174
4.344999999999999 1.7823263521288841
4.266000000000005 1.6393342709798404
0.3199999999999932 1.637495915089192
4.39200000000001 1.6356575591985432
0.12099999999999511 1.5051846217844005
5.272000000000006 1.3747116843702578
0.1280000000000001 1.506062306063456
5.259999999999991 1.637412927756654
0.14000000000000057 1.6176495618762194
3.7960000000000065 1.5978861959957849
0.10200000000000387 1.5592385258994166
5.117999999999995 1.520590855803048
3.2930000000000064 2.370631035529912
0.10800000000000409 2.370027623563532
2.948999999999998 2.3694242115971513
3.4669999999999987 2.20237207960773
2.048000000000002 3.4572734375
0.23999999999999488 3.455624208324646
2.3980000000000103 3.453974979149291
0.10999999999999943 2.9013005081726426
3.4949999999999903 2.3486260371959946
0.15100000000001046 1.9099000047659302
5.132999999999996 1.4711739723358659
0.1389999999999958 1.9301170967783383
2.4409999999999883 2.3890602212208107
2.8470000000000084 2.637406392694064
1.3700000000000045 5.30607299270073
1.2839999999999918 5.797987538940811
0.11299999999999955 6.189654713676414
2.5630000000000166 6.581321888412017
3.4000000000000057 5.140167058823529
0.10099999999999909 3.9141392697126354
6.314999999999998 2.6881114806017417
0.09000000000000341 2.4608660070346406
7.9480000000000075 2.233620533467539
7.496999999999986 2.267520341469921
0.09499999999999886 2.3762966751597387
7.231999999999999 2.485073008849557
8.735000000000014 1.7961213508872351
4.106000000000023 1.6490404286410132
0.09299999999998931 1.6502354849168526
2.9010000000000105 1.651430541192692
