0.324 4.488913580246914
0.27599999999999997 4.509565217391304
0.1190000000000001 4.46997756137704
1.585 4.430389905362776
0.11399999999999988 4.428060394293718
1.6869999999999998 4.425730883224659
0.11399999999999988 4.420533261681534
4.046 4.415335640138408
3.9459999999999997 3.936391282311202
4.514999999999999 3.8228748615725356
0.0940000000000012 3.5632023063722755
5.545999999999999 3.303529751172016
1.6439999999999984 4.150038929440388
1.7759999999999998 4.116612612612613
1.8939999999999984 3.9696684266103492
0.2970000000000006 3.918296805507493
1.8979999999999997 3.8669251844046366
0.11199999999999832 3.8511355035947235
1.9749999999999979 3.83534582278481
2.2249999999999943 3.7265761797752806
4.371000000000002 3.670371082132235
0.13000000000000256 3.5665211533725723
4.972999999999999 3.4626712246129094
0.12199999999999989 4.070139493818202
3.915999999999997 4.677607763023493
3.5150000000000006 4.687367283072545
3.9309999999999974 4.519411854489952
3.607999999999997 4.78210421286031
3.423000000000002 4.767217061057552
3.8829999999999956 4.484097862477467
0.3089999999999975 4.526961248029682
3.88900000000001 4.569824633581899
0.11999999999999034 4.671456391513658
3.426000000000002 4.773088149445417
3.6270000000000095 4.823358147229115
3.6030000000000086 4.6743957812933665
0.09499999999999886 4.664141066945858
4.117999999999995 4.653886352598349
3.3799999999999955 4.667569230769231
0.12000000000000455 4.5666444480205985
3.823999999999998 4.465719665271966
4.325999999999993 4.0021081830790575
4.8559999999999945 3.481372322899506
0.2360000000000042 3.7741555105621796
4.224999999999994 4.0669386982248525
3.8700000000000045 4.529351937984497
3.930000000000007 4.654984223918577
3.8359999999999985 4.812903023983316
3.394999999999996 5.052012960235641
0.1039999999999992 4.897570408468654
3.2379999999999995 4.743127856701668
3.6790000000000163 4.669675455286763
0.11999999999997613 4.626241754489019
3.7250000000000227 4.5828080536912745
3.822999999999979 4.490965210567617
0.26600000000001955 4.666948008671692
3.4829999999999757 4.842930806775767
0.12600000000000477 4.772362363301792
3.717000000000013 4.701793919827818
3.6740000000000066 4.620420250408274
0.12599999999997635 4.655364154266224
3.785000000000025 4.690308058124175
0.11299999999999955 4.692516636076725
3.620999999999981 4.694725214029274
3.9240000000000066 4.580032619775739
3.274000000000001 4.7920342089187535
3.723000000000013 4.630699973139941
2.515999999999991 4.558531001589825
