0.9319999999999999 1.5605236051502145
0.792 1.5715151515151513
0.11699999999999999 1.5593231766396043
1.814 1.5471312017640573
4.8469999999999995 1.5403771404992779
5.174999999999999 1.5408680193236717
0.1379999999999999 1.5412710466988728
2.700000000000001 1.541674074074074
0.09099999999999753 1.6236592861301447
1.6540000000000035 1.7056444981862153
1.689 3.360729425695678
0.11700000000000088 2.5047562063229476
4.137999999999998 1.6487829869502175
3.7169999999999987 1.9669367769706754
3.6419999999999995 2.06440197693575
0.26200000000000045 2.029405336293962
3.6799999999999997 1.9944086956521743
0.11899999999999977 2.1359307459018537
3.3260000000000005 2.277452796151533
2.5649999999999977 3.232605068226121
0.12600000000000477 4.239226716076349
1.2530000000000001 5.245848363926576
2.1539999999999964 3.4286722376973073
2.527000000000001 3.060384645825089
2.0619999999999976 3.4363297769156156
1.4339999999999975 5.510225941422595
2.850999999999999 6.051852683269029
2.3599999999999994 6.914484745762712
2.7890000000000015 6.243008963786302
0.10900000000000176 6.839506155533318
2.3900000000000006 7.436003347280335
0.10999999999999943 7.448065542253305
2.191999999999993 7.460127737226276
0.10800000000000409 6.0539639748830645
3.763999999999996 4.6478002125398525
4.052000000000007 4.1564284304047385
4.99199999999999 3.839083333333334
0.2990000000000066 4.196076154401155
3.4650000000000034 4.5530689754689755
2.8829999999999956 5.923313215400624
0.11499999999999488 4.837400919726314
4.615000000000009 3.751488624052005
3.668999999999997 4.607670754974109
2.9879999999999995 5.750607764390898
0.10999999999999943 5.571180843130546
3.2510000000000048 5.391753921870194
2.766999999999996 6.611524394651246
5.063000000000002 3.6465131345052337
4.087000000000003 4.196619525324199
0.3049999999999926 4.784257296764933
2.8589999999999947 5.371895068205667
2.9200000000000017 5.883471232876713
3.294000000000011 5.1824408014571945
0.10299999999999443 5.407650846922823
3.048000000000002 5.632860892388451
2.3259999999999934 7.25190369733448
2.290999999999997 7.628357922304671
0.10999999999998522 7.6495662182693716
2.2130000000000223 7.670774514234072
2.7680000000000007 6.413589595375723
4.471000000000004 3.802191903377321
0.2230000000000132 3.583871981651207
5.340000000000003 3.3655520599250925
4.537000000000006 3.45803835133348
5.314999999999998 3.243668109125118
0.09100000000000819 2.774292253919472
4.975999999999999 2.304916398713827
