1.269 1.1461055949566588
0.139 1.153034158149345
1.073 1.1599627213420316
0.12700000000000022 1.1567112575782321
0.9699999999999998 1.1534597938144329
0.12600000000000033 1.154007519934143
1.0769999999999995 1.1545552460538533
0.12600000000000033 1.1512618196906668
1.1390000000000002 1.1479683933274805
2.224 1.1459136690647478
6.340000000000002 1.1426056782334386
0.15799999999999947 1.1282081824277341
7.617000000000001 1.1138106866220296
6.147000000000002 1.109917683422808
0.1490000000000009 1.1291796879446343
0.9689999999999976 1.1484416924664607
0.12700000000000244 1.1467334597549255
0.9909999999999997 1.1450252270433905
0.29299999999999926 1.1418763327559707
1.0970000000000013 1.1387274384685506
0.11699999999999733 1.1383761086148063
1.1300000000000026 1.138024778761062
0.2569999999999979 1.1322655498343397
3.085000000000001 1.1265063209076174
0.1280000000000001 1.1268969731628387
2.392000000000003 1.1272876254180602
0.117999999999995 1.1233952148615236
6.597000000000001 1.1195028043049873
0.09499999999999886 1.1167660953244902
6.942 1.1140293863439932
6.421999999999997 1.1033497352849582
8.835999999999999 0.894258035310095
0.10000000000000853 0.8040156547671438
1.5789999999999935 0.7137732742241925
0.2879999999999967 0.7110045483978908
1.781000000000006 0.7082358225715891
0.15200000000000102 0.7119682514218489
1.7639999999999958 0.7157006802721088
0.13599999999999568 0.8011958438547833
1.4789999999999992 0.8866910074374578
0.09200000000001296 0.9636633243770718
2.6429999999999865 1.0406356413166857
0.16100000000000136 1.0645456994462217
6.6000000000000085 1.0884557575757576
0.09199999999999875 1.1131038599495744
6.3700000000000045 1.137751962323391
0.125 1.1325403790674549
7.640000000000001 1.1273287958115186
0.7780000000000058 1.142982005141388
0.1280000000000001 1.143044490942787
1.0749999999999886 1.143106976744186
0.2980000000000018 1.142545825536844
1.0440000000000111 1.141984674329502
1.1170000000000044 1.127455684870188
0.2569999999999908 1.1253862079208883
2.850999999999999 1.1233167309715886
0.2469999999999999 1.0889517822269323
6.713999999999999 1.0545868334822759
0.10600000000000875 1.0869307140384352
7.3999999999999915 1.1192745945945946
0.1039999999999992 1.1184152414770112
7.345000000000013 1.1175558883594279
0.15699999999998226 1.1218211890350673
6.706000000000017 1.126086489710707
0.09600000000000364 1.1287879091937314
5.153999999999996 1.131489328676756
0.13700000000000045 1.134243092011334
2.5439999999999827 1.136996855345912
2.662000000000006 1.1369706987227648
0.13700000000000045 1.1373677665437631
2.7469999999999857 1.1377648343647615
0.3269999999999982 1.1371653119192229
2.4320000000000164 1.1365657894736843
0.09599999999997522 1.1310417677701388
2.733000000000004 1.1255177460665935
4.286000000000001 1.1189491367242186
0.10499999999998977 1.1250796786989272
6.888000000000005 1.1312102206736356
0.11400000000000432 1.1285497311481054
2.835000000000008 1.1258892416225752
1.1169999999999902 1.1463849597135185
0.9579999999999984 1.1482839248434238
0.13800000000000523 1.1388287039947456
2.2249999999999943 1.1293734831460673
4.281000000000006 1.1190843260920347
