0.381 3.8173438320209976
0.122 3.817628971225223
0.32599999999999996 3.8179141104294483
0.7439999999999999 3.772172043010753
0.8099999999999998 3.7763456790123455
0.8739999999999997 3.767148741418764
1.709 3.7498326506729076
1.9729999999999999 3.671626964014192
0.13200000000000056 3.343993923231989
6.074 3.0163608824497854
0.13000000000000078 2.9121893210063132
5.855999999999998 2.808017759562841
6.351000000000003 2.7324213509683513
7.2059999999999995 2.413013599777963
3.317 2.2126692794694
2.700000000000003 2.8054844444444447
0.28599999999999426 2.814324108500738
2.9370000000000047 2.8231637725570313
2.338000000000001 2.8113977758768183
2.7650000000000006 2.671016274864376
0.13299999999999557 2.680637680768628
1.0730000000000004 2.69025908667288
0.12600000000000477 2.681048095372639
2.652000000000001 2.6718371040723983
2.7150000000000034 2.910373480662984
2.1640000000000015 3.4149907578558225
2.649000000000001 2.692650811627029
3.192999999999998 2.393312871907297
0.2980000000000018 2.237544607996659
3.7199999999999918 2.081776344086021
0.09000000000000341 2.1059810748757855
3.2830000000000013 2.13018580566555
0.12399999999999523 2.1611881118654273
3.277000000000001 2.1921904180653042
0.11800000000000921 2.1988767062937598
3.2860000000000014 2.2055629945222153
0.11399999999999011 2.342388866288166
3.4740000000000038 2.4792147380541163
0.12399999999999523 2.480011459006608
2.4450000000000074 2.4808081799591
6.477999999999994 2.6361395492435937
0.12000000000000455 2.495512647309501
7.352000000000004 2.354885745375408
7.337999999999994 2.3038353774870544
0.24500000000000455 2.36085119096012
3.1580000000000013 2.417867004433185
3.8769999999999953 1.8262821769409336
0.1280000000000001 1.7496016014981381
4.951000000000008 1.6729210260553424
2.5960000000000036 3.1619599383667185
0.10899999999999466 2.9600040743696265
2.7379999999999995 2.758048210372535
2.6650000000000063 2.1882536585365857
0.13799999999999102 1.98653186848864
4.207000000000008 1.784810078440694
0.09799999999998477 1.8736847368445368
3.7040000000000077 1.96255939524838
2.259999999999991 3.2940778761061953
0.2259999999999991 3.429904981666805
1.9260000000000161 3.5657320872274143
2.3029999999999973 3.560590534085975
0.09799999999998477 3.3670800866354345
5.349000000000018 3.1735696391848935
6.243000000000023 2.843635431683485
6.564000000000021 2.5898232784887263
0.13599999999999568 2.6419396710237066
6.670999999999992 2.694056063558687
0.12399999999999523 3.097264533341146
4.481999999999999 3.500473003123605
0.117999999999995 3.3453601137009583
5.404000000000025 3.190247224278312
0.09699999999997999 3.206427911099538
3.5589999999999975 3.222608597920764
