0.407 3.5734840294840295
0.09500000000000003 3.590568101698537
0.345 3.607652173913044
0.7919999999999999 3.5435555555555562
0.10200000000000009 3.5398933847141945
0.865 3.5362312138728327
2.261 3.526754533392305
1.742 3.6787967853042485
1.9159999999999995 3.7808559498956162
2.218 3.8250207394048688
4.391 3.744876337964017
0.1070000000000011 3.818782718107177
4.457999999999998 3.8926890982503366
4.308000000000003 4.036252553389043
0.09399999999999764 4.046052006137492
4.147000000000002 4.055851458885941
4.356999999999999 4.0568519623594215
4.494 4.05051357365376
0.10999999999999943 4.032663193233287
3.996000000000002 4.0148128128128135
0.10199999999999676 4.005534046230031
4.309000000000005 3.9962552796472495
0.28000000000000114 3.909786166227298
4.790999999999997 3.823317052807347
0.1180000000000021 3.790346781819865
4.384999999999998 3.757376510832383
0.11699999999999733 3.8829535983764805
4.432000000000002 4.008530685920578
4.314 3.999497450162263
4.099000000000004 3.981015857526226
0.09900000000000375 3.965525170142424
4.407999999999987 3.9500344827586216
0.09000000000000341 3.936179015822039
4.531000000000006 3.922323548885456
4.106000000000009 3.982610813443741
0.09499999999999886 3.982010914232111
4.393999999999991 3.9814110150204813
0.29700000000001125 3.7977707435617427
4.659999999999997 3.614130472103004
5.38600000000001 3.558244337170441
0.11599999999999966 3.7590900400711647
3.9839999999999947 3.9599357429718878
0.11299999999999955 3.9810121649005206
4.266999999999996 4.002088586829154
0.13100000000000023 4.028341717302165
4.27000000000001 4.054594847775176
4.166999999999987 4.057005999520039
4.234999999999999 4.057335537190083
4.319000000000003 4.058483908312109
4.509999999999991 4.056338802660753
0.2810000000000059 4.055656333023766
4.5530000000000115 4.054973863386778
4.788000000000011 3.5822021720969093
0.1150000000000091 3.5588140418281284
2.5779999999999745 3.535425911559348
0.12000000000000455 3.537796878457656
2.1210000000000093 3.540167845355964
2.1119999999999948 3.4419128787878788
0.09100000000000819 3.6181572548883327
1.961999999999989 3.794401630988787
1.8120000000000118 3.7900662251655626
2.1639999999999873 3.7892975970425136
1.8520000000000039 3.828315334773218
0.242999999999995 3.8950565738806953
4.4809999999999945 3.961797812988172
0.1290000000000191 3.986514763030188
4.2379999999999995 4.011231713072204
4.443999999999988 4.044115211521151
3.877999999999986 4.0456730273336765
0.125 4.045372412305975
4.2620000000000005 4.045071797278273
2.830999999999989 4.051311903920876
