1.326 1.096838612368024
1.1229999999999998 1.1083170080142475
1.012 1.105588932806324
1.1220000000000003 1.1082495543672015
1.1899999999999995 1.0987697478991598
0.11500000000000021 1.0951047882964748
2.335000000000001 1.0914398286937899
6.720000000000001 1.0779940476190477
7.6320000000000014 1.1116215932914046
2.532 1.1840695102685626
0.9200000000000017 1.2096086956521739
6.140000000000001 1.2245198697068407
6.553000000000004 1.1200097665191515
0.1490000000000009 1.1326392951132194
6.613999999999997 1.1452688237072874
0.09000000000000341 1.1573531110406357
1.2299999999999969 1.1694373983739839
0.8800000000000026 1.2731909090909093
0.12100000000000222 1.3422740259740262
0.7839999999999989 1.411357142857143
0.11299999999999955 1.4152409941727
0.8089999999999975 1.419124845488257
2.1400000000000006 1.3942542056074767
2.3689999999999998 1.3696783452933727
0.12599999999999767 1.3387092841313795
5.650999999999996 1.307740222969386
6.044000000000004 1.1801508934480476
7.2109999999999985 1.059748717237554
0.10000000000000853 1.2102651510981302
5.6910000000000025 1.3607815849587066
0.09999999999999432 1.391391199148731
4.917999999999992 1.4220008133387556
5.0460000000000065 1.4236638921918354
6.154000000000011 1.1776860578485535
0.15699999999999648 1.1522861795195927
7.643000000000001 1.1268863011906318
0.1599999999999966 1.1378875950397602
0.7740000000000009 1.1488888888888888
0.117999999999995 1.1449365521510368
1.0769999999999982 1.1409842154131848
0.1290000000000049 1.1414844448713435
1.043999999999997 1.141984674329502
0.16100000000000136 1.1392991963705272
1.108000000000004 1.1366137184115523
2.8460000000000036 1.1252902319044271
0.15699999999999648 1.131183163607863
2.602000000000004 1.137076095311299
0.10499999999998977 1.136443979859039
4.720000000000013 1.1358118644067794
6.597000000000008 1.2442698196149766
0.10099999999999909 1.2560784961070182
5.956000000000003 1.2678871725990597
0.13899999999998158 1.2719847241551099
4.570000000000022 1.2760822757111598
0.13100000000000023 1.2253003275943568
6.393000000000001 1.1745183794775536
0.11499999999998067 1.1735892429731694
6.199000000000012 1.1726601064687852
0.2769999999999868 1.2315488806497519
2.421999999999997 1.2904376548307184
0.10200000000000387 1.3043190501325084
0.8979999999999961 1.3182004454342984
0.09300000000001774 1.3110921663223856
0.992999999999995 1.303983887210473
0.11199999999999477 1.2976322236267765
3.7139999999999986 1.2912805600430801
2.686000000000007 1.3053790022338048
0.11899999999999977 1.3048954676064815
2.4470000000000027 1.3044119329791581
6.335000000000008 1.2401755327545385
5.5449999999999875 1.1985284039675381
0.146000000000015 1.285834877303177
4.931000000000012 1.3731413506388157
3.484000000000009 1.3750861079219288
