0.491 2.9621344195519352
0.10899999999999999 2.9734413104953923
0.41700000000000004 2.984748201438849
0.375 2.983616
0.13000000000000012 2.952572087870105
1.047 2.92152817574021
2.7380000000000004 2.9123418553688825
2.2409999999999997 2.859644801427934
2.534 2.858768745067088
2.9730000000000008 2.853648166834847
0.1280000000000001 2.833558928778248
2.424999999999999 2.813469690721649
3.1750000000000007 2.3027099212598423
0.120000000000001 2.7745311264330303
2.315999999999999 3.2463523316062184
2.2580000000000027 3.2504092116917627
0.2270000000000003 2.893167110030682
2.9869999999999983 2.535925008369601
0.14999999999999858 2.2278643333119135
4.319000000000003 1.9198036582542253
2.242000000000001 2.9317787689562893
2.7049999999999983 2.73026247689464
0.09499999999999886 2.7329402232368496
2.826999999999998 2.7356179695790592
6.079999999999998 2.709884210526316
0.1180000000000021 2.8047387430957027
6.1270000000000024 2.8995932756650893
4.396000000000001 3.9248935395814377
0.10799999999999699 4.041196323930846
3.924999999999997 4.157499108280254
3.9179999999999993 4.4440408371618165
0.09000000000000341 3.9798886678390684
5.055000000000007 3.5157364985163206
4.575000000000003 3.5743387978142076
0.125 3.6907950789941553
4.594999999999999 3.807251360174103
0.29400000000001114 4.032810003728012
3.9549999999999983 4.258368647281921
4.793999999999997 3.9976437213183136
0.10500000000000398 4.25001820769112
3.504000000000005 4.502392694063927
0.09399999999999409 4.369394312797282
4.031000000000006 4.236395931530637
4.155999999999992 4.165813282001926
3.7169999999999987 4.54816895345709
3.6769999999999925 4.673053032363339
0.12400000000000944 4.663742660632015
3.765999999999991 4.654432288900691
0.1290000000000049 4.609412751236773
4.007999999999996 4.564393213572855
0.28300000000000125 4.678030502452143
3.8530000000000086 4.79166779133143
3.682000000000002 4.658224877783813
0.11699999999999022 4.408485306479234
3.693000000000012 4.158745735174654
0.11699999999999022 3.309484281019949
6.983000000000004 2.460222826865244
0.11199999999999477 2.327781166519042
7.7760000000000105 2.1953395061728402
0.13399999999998613 2.3474120736571003
6.869 2.4994846411413603
0.12600000000000477 2.8582682887484046
3.330999999999989 3.217051936355449
2.3950000000000102 3.423816283924844
0.10800000000000409 2.942390613326532
2.8810000000000002 2.4609649427282196
0.11499999999998067 2.9869693965219097
2.2180000000000177 3.5129738503155994
2.1850000000000023 3.511190846681923
0.11400000000000432 3.554247437992976
2.1839999999999975 3.597304029304029
0.11299999999999955 3.76139271163961
1.6929999999999836 3.925481393975192
0.10800000000000409 3.923064958713131
1.7270000000000039 3.920648523451071
2.877999999999986 3.9851507991660884
