1.653 0.879859649122807
0.15200000000000014 0.8822325964164142
1.407 0.8846055437100213
0.09600000000000009 0.8845383449775402
1.2650000000000001 0.8844711462450592
0.1379999999999999 0.8841175916015629
1.407 0.8837640369580667
1.4849999999999994 0.8804956228956229
0.12400000000000055 0.8928965569675247
1.1159999999999997 0.9052974910394264
0.8759999999999994 1.3999543378995434
0.13400000000000034 1.3693708883753675
6.3370000000000015 1.3387874388511916
5.220000000000002 1.307023754789272
5.479999999999997 1.3341430656934306
0.12300000000000111 1.3425928266472544
5.565000000000001 1.351042587601078
0.134999999999998 1.3556013531037268
5.396000000000001 1.3601601186063754
0.1039999999999992 1.3538754693725705
5.621000000000002 1.3475908201387656
6.100999999999999 1.3590611375184394
0.10200000000000387 1.3728523509374373
0.8079999999999998 1.3866435643564354
0.7989999999999995 1.3848610763454314
0.11299999999999955 1.3780951462487252
2.105000000000004 1.371329216152019
2.1980000000000004 1.3574631483166515
0.09599999999999653 1.3552887051007778
2.3980000000000032 1.3531142618849041
0.10599999999999454 1.351446628659347
5.475000000000001 1.34977899543379
0.12099999999999511 1.3515003874911313
5.271000000000001 1.353221779548473
0.1290000000000049 1.3569748498881968
5.616 1.3607279202279206
5.697000000000003 1.3593484289977182
0.1039999999999992 1.3552344927059687
5.176000000000002 1.3511205564142195
0.12699999999999534 1.3506033152302257
5.320999999999998 1.350086074046232
5.329000000000008 1.360007506098705
6.298000000000002 1.3675439822165767
0.10299999999999443 1.3940275821626014
0.6260000000000048 1.420511182108626
0.8780000000000001 1.3995899772209568
0.12300000000000466 1.4002838252732284
0.8509999999999991 1.4009776733254997
2.071000000000012 1.3837489135683245
0.12999999999999545 1.3761855678952735
2.3400000000000034 1.3686222222222224
5.207000000000008 1.3598033416554638
0.09499999999999886 1.3589172471517195
6.0989999999999895 1.358031152647975
0.10300000000000864 1.3606671292221773
6.021000000000001 1.3633031057963794
5.501000000000005 1.3727569532812216
0.09399999999999409 1.3619688380863941
4.3160000000000025 1.3511807228915667
0.09400000000002251 1.3514405864682855
5.554999999999978 1.3517004500450043
0.13800000000000523 1.3621530951131366
5.295999999999992 1.3726057401812688
0.10300000000000864 1.3669223617710147
5.468999999999994 1.3612389833607605
0.13100000000000023 1.358766694820714
2.038000000000011 1.3562944062806672
0.9489999999999839 1.3644425711275023
2.201999999999998 1.3518365122615805
0.09599999999997522 1.3601977252955053
2.562000000000012 1.36855893832943
0.13900000000001 1.372781626196639
2.3179999999999836 1.377004314063848
2.2819999999999823 1.3805574057843994
0.11199999999999477 1.3756994949714074
4.848000000000013 1.3708415841584156
4.943999999999988 1.3695307443365696
3.5100000000000193 1.364900284900285
