0.33 4.4072969696969695
0.7309999999999999 4.365143638850889
0.6420000000000001 4.3714890965732085
0.7000000000000002 4.369771428571428
0.10099999999999998 4.362382164313021
1.831 4.354992900054614
1.476 4.341777777777778
0.12699999999999978 4.343633098355153
3.9719999999999995 4.345488418932528
0.12400000000000055 3.9223026510247054
5.236000000000001 3.499116883116883
5.431000000000001 3.0277576873503964
5.861999999999998 2.960356192425793
6.125 2.8388858775510206
6.038000000000004 2.785627028817489
0.24799999999999756 3.1734453902902677
2.1270000000000024 3.5612637517630463
2.2919999999999945 3.617640488656195
0.10999999999999943 3.556971308157885
1.8800000000000026 3.4963021276595745
0.12400000000000233 3.192296546817664
2.556999999999995 2.888290965975753
2.6799999999999997 2.885668656716418
0.1180000000000021 2.9692694856180113
2.320999999999998 3.052870314519604
1.5260000000000034 5.178023591087811
3.6189999999999998 4.767568941696602
3.908999999999999 4.174516244563827
3.831000000000003 4.544962672931351
4.004000000000005 4.438573426573426
0.09099999999999397 4.191380297464233
4.146000000000001 3.944187168355041
5.224999999999994 3.348195215311005
5.635000000000005 2.98879290150843
5.048000000000002 3.7964944532488123
0.23699999999999477 3.8454681597273437
4.051000000000002 3.894441866205875
4.658999999999992 3.6653599484868
0.14400000000000546 3.523084192169586
5.120999999999995 3.3808084358523725
4.774000000000001 3.541169669040637
0.12399999999999523 3.660052175624343
4.546999999999997 3.7789346822080487
4.675999999999988 3.748629597946963
0.12600000000000477 3.9256814731156657
4.459000000000003 4.102733348284369
3.283999999999992 5.621892813641899
0.11599999999999966 5.763026269127318
2.905000000000001 5.904159724612737
0.2820000000000107 5.949396021556954
2.5619999999999834 5.9946323185011705
2.526999999999987 6.7984709141274235
2.6110000000000184 6.538092684795098
0.09499999999999886 5.553367789976049
3.7580000000000098 4.568642895156999
3.4540000000000077 4.883592356687898
3.3429999999999893 5.227809751720012
3.8419999999999845 4.418382092660073
4.2549999999999955 4.172224676850764
3.8799999999999955 4.381340206185567
0.31399999999999295 4.641849590272271
3.665999999999997 4.902358974358975
2.5870000000000175 6.064599922690375
0.10999999999998522 5.996553056255779
2.907999999999987 5.928506189821182
0.09400000000002251 5.888593737439914
1.9609999999999843 5.848681285058644
