0.845 1.721192899408284
0.719 1.7310709318497917
0.6440000000000001 1.7373540372670806
0.714 1.7415350140056023
0.09200000000000008 1.72374367280591
1.9299999999999997 1.7059523316062177
3.8980000000000006 1.6440389943560798
0.09699999999999953 1.7011602738770693
4.119999999999999 1.7582815533980585
6.722999999999999 1.2619211661460656
0.11500000000000199 1.1150434552172077
7.047000000000001 0.9681657442883497
0.11499999999999844 1.5077602734323292
3.5710000000000015 2.047354802576309
0.1280000000000001 2.11017335504538
3.4599999999999973 2.172991907514451
3.905999999999999 1.8790128008192526
0.10600000000000165 2.074819350049914
3.3359999999999985 2.270625899280576
0.23799999999999955 3.118008310711546
2.091000000000001 3.9653907221425158
0.13700000000000045 2.9414246492859606
3.4279999999999973 1.917458576429405
3.1170000000000044 2.3693808148861084
3.261000000000003 2.371540018399264
0.13299999999999557 2.2047104751185276
3.477000000000004 2.0378809318377913
0.1389999999999958 1.8375960813353895
4.8260000000000005 1.637311230832988
5.897000000000006 1.2531863659487876
0.11399999999999011 1.2795437505320653
5.462000000000003 1.3059011351153427
0.12300000000000466 1.4660861283152793
4.698999999999998 1.626271121515216
0.2920000000000016 1.5928584765852358
4.965999999999994 1.5594458316552555
2.01400000000001 3.472393247269116
0.09299999999998931 3.180468437064393
2.487000000000009 2.8885436268596703
0.10999999999999943 3.316038342355455
1.9359999999999928 3.74353305785124
1.453000000000003 5.927592567102546
1.007000000000005 6.023412115193644
0.09199999999999875 6.018809612465446
1.293999999999997 6.0142071097372485
0.10800000000000409 6.005565626222972
2.8870000000000005 5.9969241427086954
0.1110000000000042 4.183817841933509
7.130999999999986 2.370711541158323
8.471000000000004 2.0284282847361585
0.13599999999999568 2.0329905452457773
3.4749999999999943 2.037552805755396
0.11599999999999966 2.0941635750407723
3.850999999999999 2.150774344326149
3.8219999999999885 2.1476839351125063
4.661999999999992 1.619806091806092
4.658999999999992 1.2517055162051944
0.14200000000002433 1.6684375956477238
3.600999999999999 2.085169675090253
3.1330000000000098 2.3202425789977656
3.042999999999978 2.446472559973711
0.24800000000001887 2.4259683290236334
2.8549999999999898 2.4054640980735558
4.442000000000007 1.8460243133723548
4.138000000000005 1.7133977767037216
4.548999999999978 1.7128546933391955
4.460000000000008 1.720168609865471
0.1419999999999959 1.8350795891223608
4.028999999999996 1.9499905683792507
3.1169999999999902 2.1321270452358037
2.8549999999999898 2.371614711033275
2.3870000000000005 2.0070381231671552
