0.474 3.0683713080168773
0.123 3.070778246601031
0.4049999999999999 3.0731851851851846
0.0990000000000002 3.0519792016638667
0.9259999999999997 3.030773218142549
1.008 3.0345634920634916
1.085 3.0345511520737327
0.11800000000000033 3.145442242703533
1.968 3.256333333333333
0.12399999999999967 2.954442756011229
2.731 2.652552178689125
0.0940000000000012 1.9515632355709776
6.783999999999999 1.2505742924528302
0.12199999999999989 1.820149492986485
2.8550000000000004 2.3897246935201397
0.11599999999999966 2.857988825376994
2.1980000000000004 3.326252957233849
0.1059999999999981 3.3473899194771395
2.232000000000003 3.36852688172043
2.113999999999997 3.4718183538315994
2.3599999999999994 3.2096644067796616
0.23100000000000165 3.0121017213803265
2.945999999999998 2.8145390359809914
1.8190000000000026 3.613550302363936
3.8909999999999982 4.425562580313545
0.10600000000000165 4.432547649827155
4.125999999999998 4.439532719340765
3.6679999999999993 4.491847328244274
3.905000000000001 4.549502688860435
0.09300000000000352 4.550982478994861
3.789999999999999 4.552462269129288
0.1109999999999971 4.507320005223654
3.6570000000000036 4.46217774131802
3.942 4.416984271943177
4.012999999999998 4.428618988288063
0.2790000000000106 4.500107649022421
3.576999999999998 4.571596309756779
3.826999999999998 4.571288215312255
3.831000000000003 4.396201513965022
4.524000000000001 4.2362298850574716
3.7240000000000038 4.236408163265306
4.065000000000012 4.200962361623616
4.13300000000001 4.1889958867650625
3.8490000000000038 4.392191218498311
3.8689999999999998 4.441151718790386
0.21999999999999886 4.410554869889945
4.001999999999995 4.379958020989505
0.10699999999999932 4.337676592086675
4.259 4.295395163183845
4.307000000000002 4.2865790573485025
0.09399999999999409 4.274450562471468
4.024000000000001 4.262322067594433
4.114999999999995 3.732259538274605
4.933000000000007 3.482614230691263
4.320000000000007 3.9516111111111107
3.896000000000015 4.4068172484599595
0.10599999999999454 4.387807484628841
3.86099999999999 4.368797720797721
0.22900000000001342 4.260987263440686
4.207999999999998 4.153176806083651
0.10200000000000387 4.137713220914579
4.117999999999995 4.122249635745508
4.421999999999997 4.014657620985979
4.110000000000014 4.136155717761556
4.174000000000007 4.305713464302827
0.12299999999999045 4.318665677485483
3.622000000000014 4.331617890668139
3.947999999999979 4.366792299898683
2.6219999999999857 4.374242562929062
