0.754 1.9289230769230772
0.6370000000000001 1.9539089481946625
0.5750000000000002 1.9458365217391307
0.125 1.9413419368820266
0.6419999999999999 1.9368473520249225
0.681 1.9200234948604995
0.125 1.8969646886067204
1.3599999999999999 1.8739058823529413
0.13900000000000023 2.0207530608652795
3.3420000000000005 2.167600239377618
2.9610000000000003 2.8652131036811888
2.1310000000000002 3.201625527921164
2.462999999999999 2.968373528217621
4.111999999999998 1.828441634241245
2.497 2.9392967561073293
0.09300000000000352 3.241118911262271
2.137999999999998 3.5429410664172125
5.147000000000002 3.536624829998057
5.419000000000004 2.9605447499538657
6.082999999999998 2.8308176886404732
0.11600000000000676 3.171642017858108
5.214999999999996 3.5124663470757427
4.0859999999999985 4.03232892804699
0.1110000000000042 3.9272883882919976
4.647999999999996 3.822247848537005
4.683 3.684354473628016
0.1110000000000042 3.549100249366309
4.780000000000001 3.4138460251046028
0.31399999999999295 3.290385362497736
5.498000000000005 3.166924699890869
0.11199999999999477 2.952649406956221
6.490000000000009 2.738374114021572
0.12399999999999523 2.599552996490026
2.8419999999999987 2.4607318789584802
2.9259999999999877 2.4551633629528364
2.953000000000003 2.4542770064341353
4.027999999999992 2.138230387288977
2.9070000000000107 2.086541451668387
3.5309999999999917 2.204016992353441
2.7049999999999983 2.8859475046210723
0.09399999999999409 2.887254860206361
2.418999999999997 2.8885622157916497
0.27000000000001023 2.8893272850343563
2.641999999999996 2.890092354277063
2.8530000000000086 2.481772169645987
4.3870000000000005 1.8879945292910874
0.11200000000000898 1.8881481733181917
4.346999999999994 1.8883018173452961
3.997 1.8893009757317987
0.09999999999999432 1.8587094220351785
3.1899999999999977 1.8281178683385582
0.11200000000000898 1.8158960708495575
4.1629999999999825 1.8036742733605569
0.13500000000001933 1.8930179384255745
3.6670000000000016 1.982361603490592
0.12699999999998113 2.5617748945723005
2.3700000000000045 3.141188185654009
0.31800000000001205 2.3547457256198796
4.378999999999991 1.56830326558575
6.138999999999982 1.3357289460824238
4.6129999999999995 1.5369694342076738
3.6929999999999836 2.1098770647170317
0.10200000000000387 2.0875027315509787
3.7150000000000034 2.065128398384926
4.128999999999991 1.902763865342698
3.490000000000009 1.9042521489971347
0.10599999999999454 1.9342786709592579
3.4470000000000027 1.9643051929213808
2.3830000000000098 2.0104070499370543
