0.283 5.1392508833922275
0.121 5.173474814081051
0.23900000000000005 5.207698744769875
0.5509999999999999 5.093459165154265
0.601 5.089584026622296
0.10099999999999998 5.080225023019885
1.0300000000000002 5.070866019417475
1.2649999999999997 5.065979446640316
1.4699999999999998 4.927972789115645
3.8499999999999996 4.758798961038961
3.460000000000001 4.752529479768786
3.6180000000000003 4.796464344941956
3.6519999999999975 4.761274917853231
3.583000000000002 4.694283003070053
0.11700000000000088 4.698884982109801
3.757999999999999 4.703486961149548
3.8640000000000008 4.710923395445135
3.3530000000000015 4.784727706531465
0.23799999999999955 4.75643084942169
3.641999999999996 4.728133992311917
3.8590000000000018 4.746699144856179
3.4470000000000027 4.7798363794604
3.683 4.8237328265001365
0.11599999999999966 4.808897810860515
3.5990000000000038 4.794062795220894
0.10099999999999909 4.786223784140462
3.414999999999999 4.778384773060029
3.655000000000001 4.763817236662106
3.7760000000000034 4.706580508474576
0.12300000000000466 4.702801748490161
3.4799999999999898 4.699022988505747
0.3119999999999976 4.716807840666947
3.6950000000000074 4.734592692828146
0.1110000000000042 4.749453064943069
3.5349999999999966 4.764313437057992
3.9809999999999945 4.814042702838483
0.11899999999999977 4.813425256239253
3.278000000000006 4.812807809640024
0.12299999999999045 4.823860303461008
3.5320000000000107 4.8349127972819925
3.6299999999999955 4.769454545454545
3.5449999999999875 4.768841748942172
3.5919999999999987 4.783634743875277
0.10800000000000409 4.7936523952316925
3.649000000000001 4.803670046588108
0.24399999999999977 4.794470126616052
3.8230000000000075 4.785270206643997
3.8740000000000094 4.7656933402168296
0.12699999999999534 4.734956379378849
3.646000000000001 4.704219418540867
3.25 4.725614769230771
3.6129999999999995 4.754978134514253
3.6380000000000052 4.69240241891149
3.977000000000004 4.317063112899171
0.12199999999998568 4.316659499131264
3.9080000000000155 4.316255885363358
0.09299999999998931 4.48337647913724
3.7580000000000098 4.650497072911123
0.23400000000000887 4.684912701037158
3.59699999999998 4.719328329163193
0.11000000000001364 4.741952946116754
3.725999999999999 4.764577563070317
3.6000000000000227 4.7221111111111105
0.10200000000000387 4.737053440272636
3.7819999999999823 4.751995769434162
0.1150000000000091 4.766174606228354
3.2819999999999823 4.780353443022547
0.11899999999999977 4.796666950433663
3.582000000000022 4.8129804578447795
0.12000000000000455 4.787981923274549
2.407999999999987 4.762983388704319
