0.871 1.6698140068886334
0.131 1.6770179642020975
0.7389999999999999 1.6842219215155614
0.6660000000000001 1.679963963963964
0.1379999999999999 1.6847211124167645
0.7360000000000002 1.689478260869565
0.7799999999999998 1.6763282051282054
0.12199999999999989 1.6699238936868182
1.532 1.663519582245431
4.080000000000001 1.7755196078431372
0.10099999999999909 1.695288454216638
5.253 1.6150573005901387
3.7049999999999983 1.8414747638326585
3.3889999999999993 2.1573042195337853
0.11500000000000199 2.0622408067841613
3.821999999999999 1.967177394034537
3.2089999999999996 2.287137425989405
0.0940000000000012 2.2315905458013674
3.4810000000000016 2.1760436656133293
0.12199999999999989 2.1383932541393227
3.9469999999999956 2.1007428426653156
0.23700000000000188 2.255550739264451
2.7269999999999968 2.4103586358635862
3.3459999999999965 2.207220561864913
3.6480000000000032 2.1199539473684212
3.835000000000001 1.8476432855280316
3.9069999999999965 2.0224376759662146
0.09300000000000352 2.495758813877041
2.488999999999997 2.969079951787867
0.10200000000000387 2.724170146210235
2.8769999999999953 2.4792603406326035
0.13500000000000512 2.355880243351651
3.4229999999999947 2.232500146070698
2.3699999999999903 3.267598312236287
0.3230000000000075 2.8143190750918103
2.9620000000000033 2.361039837947333
3.1940000000000026 2.2491571696931745
0.09799999999999898 2.261616551586468
3.1869999999999976 2.2740759334797613
0.11800000000000921 2.2799243786294774
3.7679999999999865 2.285772823779193
0.13300000000000978 2.130443559398551
3.070999999999998 1.9751142950179092
0.13299999999999557 1.8837321820552466
4.341999999999999 1.792350069092584
4.3019999999999925 1.814618317061832
0.0969999999999942 1.7766089843582362
4.0190000000000055 1.7385996516546405
4.361000000000004 1.750888328365054
0.3259999999999934 1.9459757638196602
3.307000000000002 2.1410631992742664
0.09799999999999898 2.5266905307201153
2.8440000000000083 2.9123178621659638
5.525999999999996 2.16094390155628
5.748000000000005 2.9839220598469036
5.948999999999998 2.5816520423600604
5.374000000000009 3.196824711574246
0.11899999999999977 3.0319830645543386
5.953999999999979 2.867141417534431
7.722000000000008 2.2233825433825434
3.1229999999999905 2.199039385206532
0.26599999999999113 2.1850425943771605
3.7770000000000152 2.171045803547789
0.13700000000000045 1.9877931995595908
3.929000000000002 1.8045405955713925
4.8489999999999895 1.6068830686739537
5.054000000000002 1.517996042738425
3.9879999999999995 1.9700381143430288
0.09300000000001774 2.232361399513857
2.6639999999999873 2.4946846846846853
3.1440000000000055 2.1536132315521628
2.3329999999999984 2.053493356193742
