0.36 4.040022222222222
0.309 4.027961165048543
0.09699999999999998 4.012909357453046
0.702 3.9978575498575495
0.0990000000000002 3.9877714277246135
0.7689999999999997 3.977685305591677
0.8260000000000001 3.986062953995157
1.616 3.9656336633663374
1.8240000000000007 3.97155701754386
2.1389999999999993 3.9662907900888262
4.118 3.993140359397766
4.033000000000001 4.302903049838829
4.211000000000002 4.129227261933033
3.7940000000000005 4.43321454928835
0.10700000000000287 4.41071154475341
4.027999999999999 4.3882085402184705
4.1860000000000035 4.348544672718585
0.11399999999999721 4.355832303723992
3.6769999999999996 4.363119934729399
0.12299999999999756 4.3106232710244425
4.044000000000004 4.258126607319486
0.24899999999999523 4.12096326016257
4.598000000000006 3.983799913005655
0.1109999999999971 4.145637995718514
3.825000000000003 4.307476078431372
4.237000000000002 4.193015813075289
4.161999999999999 4.145562710235464
4.071999999999996 4.00741257367387
0.1280000000000001 3.988630135446146
4.38600000000001 3.9698476972184222
0.11499999999999488 3.9158286725987805
4.602000000000004 3.861809647979139
0.09899999999998954 3.854287557464046
4.251000000000005 3.8467654669489533
4.569999999999993 3.8280787746170675
0.32100000000001216 3.8769587346278813
4.289999999999992 3.925838694638695
0.117999999999995 3.9726408238294146
4.768000000000001 4.0194429530201345
0.13100000000000023 4.153834550715014
3.679000000000002 4.288226148409893
0.12199999999999989 4.272872984451768
4.01100000000001 4.257519820493642
4.084999999999994 4.2382178702570386
0.11499999999999488 4.216570969867973
4.030000000000001 4.194924069478907
4.103999999999999 4.186846003898636
0.0940000000000083 4.200731489566534
4.158999999999992 4.214616975234431
4.364999999999995 4.191085452462772
0.32399999999999807 4.17089074781412
4.4480000000000075 4.150696043165468
4.0730000000000075 4.211044438988462
0.12600000000000477 4.215171670043681
3.6399999999999864 4.219298901098901
4.23599999999999 4.055650613786591
4.1839999999999975 4.080057361376673
0.11299999999999955 4.098656978050447
4.170000000000016 4.117256594724221
0.13199999999997658 4.1349365199125785
4.062000000000012 4.152616445100936
4.173000000000002 4.188010543973161
0.12700000000000955 4.158137567706425
4.111999999999995 4.128264591439689
0.2779999999999916 4.123145981639585
4.311000000000007 4.11802737183948
0.09700000000000841 4.0973350288454
4.1699999999999875 4.076642685851319
4.447000000000003 4.041387002473577
3.859000000000009 4.06559212231148
4.149000000000001 4.155241262954929
2.7569999999999766 4.160052230685526
