3.3009999999999997 0.4405961829748561
0.2160000000000002 0.44152809504235163
2.8129999999999997 0.4424600071098472
0.1880000000000006 0.4866133052627035
2.1079999999999997 0.5307666034155599
0.13599999999999923 0.62167441918629
1.745000000000001 0.7125822349570201
0.15399999999999991 0.7085368071336825
1.8559999999999999 0.7044913793103449
0.14000000000000057 0.7023191477286306
1.4429999999999996 0.7001469161469162
0.15499999999999936 0.6972875011085657
1.7660000000000018 0.6944280860702152
0.1529999999999987 0.664312082250794
2.1930000000000014 0.6341960784313726
0.11299999999999955 0.636568097509274
1.8870000000000005 0.6389401165871755
0.09499999999999886 0.6534556525312829
1.6660000000000004 0.6679711884753902
0.16300000000000026 0.6494413200232053
7.701999999999998 0.6309114515710205
0.1999999999999993 0.6035700384179983
12.736999999999998 0.576228625264976
0.14800000000000324 0.6209217660486371
1.9320000000000022 0.6656149068322983
0.1529999999999987 0.6862246524333482
2.0349999999999966 0.7068343980343982
0.1700000000000017 0.6764875565719857
1.7340000000000018 0.6461407151095733
0.17799999999999727 0.6297510670891548
1.804000000000002 0.6133614190687363
0.19700000000000273 0.6188264409101158
1.8389999999999986 0.6242914627514954
0.15699999999999648 0.6578018944897421
4.3160000000000025 0.6913123262279889
0.1739999999999995 0.6901845130821406
4.709000000000003 0.6890566999362923
0.259999999999998 0.6779537244492868
11.082 0.6668507489622812
0.3079999999999927 0.6639725442924613
1.9080000000000013 0.6610943396226415
0.1280000000000001 0.6572800890659791
1.9320000000000022 0.6534658385093167
0.1980000000000075 0.6025881990190673
2.3769999999999953 0.5517105595288179
0.10999999999999943 0.6144875060866721
1.6260000000000048 0.6772644526445265
0.15899999999999181 0.6775239400699091
4.248000000000005 0.6777834274952919
0.3289999999999935 0.677909570890503
4.480000000000004 0.6780357142857142
0.14000000000000057 0.6963665772435705
4.766000000000005 0.7146974402014268
0.12599999999999056 0.7373911422697179
2.923000000000002 0.7600848443380089
1.5190000000000055 0.8089795918367348
0.2560000000000002 0.8102869368305525
1.468999999999994 0.8115942818243702
0.15200000000000102 0.7566996324532493
6.501999999999995 0.7018049830821286
0.1280000000000001 0.6095092787794305
14.763000000000005 0.5172135744767323
0.1670000000000016 0.47231789009763103
2.692999999999998 0.4274222057185297
0.22499999999999432 0.4064516688970007
3.39200000000001 0.38548113207547174
0.23199999999999932 0.36300213736458137
4.212999999999994 0.35947685734630896
0.1839999999999975 0.3638525365569719
3.8559999999999945 0.3682282157676348
0.2580000000000098 0.36688412059029774
3.147999999999996 0.3655400254129606
0.26300000000000523 0.37635477650093957
2.3719999999999857 0.4182495784148398
0.3120000000000118 0.4415114182851485
2.483000000000004 0.46477325815545717
0.15500000000000114 0.48542922713761893
2.3710000000000093 0.5060851961197806
0.12399999999999523 0.5489785980598902
2.0 0.591872
0.19799999999997908 0.5895541405895692
2.2050000000000125 0.5872362811791384
0.1839999999999975 0.5930202024452393
1.9399999999999977 0.5988041237113403
0.16300000000001091 0.5979070423667139
2.3089999999999975 0.5970099610220875
0.20400000000000773 0.536848469160984
6.695999999999998 0.4766869772998805
0.20499999999998408 0.5058265337268844
14.686000000000007 0.5349660901538881
0.10999999999998522 0.5392360095038216
2.024000000000001 0.543505928853755
0.3440000000000225 0.5428943496587035
1.7469999999999857 0.542282770463652
0.18600000000000705 0.5419978387903301
1.657999999999987 0.5417129071170084
