1.02 1.4258901960784314
0.8639999999999999 1.4405555555555554
0.1280000000000001 1.439336903741788
0.778 1.4381182519280205
0.1280000000000001 1.4378198196056287
0.8649999999999998 1.4375213872832369
0.12799999999999967 1.4324812176590855
0.9160000000000004 1.4274410480349342
0.0940000000000003 1.422778280158206
4.519 1.4181155122814781
5.542999999999999 1.3068951831138371
7.927 1.0702530591648798
5.817 1.1728836169847
0.8109999999999999 1.3721824907521576
0.09099999999999753 1.3713086366804266
0.8279999999999994 1.3704347826086956
0.2530000000000001 1.3648604816199081
0.9190000000000005 1.3592861806311207
0.10800000000000409 1.3460527496514811
2.3189999999999955 1.3328193186718413
3.1199999999999974 1.1138692307692308
0.09600000000000364 1.1142587824919659
3.7819999999999965 1.114648334214701
0.09799999999999898 1.1594242812439886
6.133000000000003 1.2042002282732758
6.419000000000004 1.2047970088798878
5.984000000000002 1.184109625668449
0.11599999999999966 1.198941448778925
6.509999999999998 1.213773271889401
6.006 1.2304428904428906
0.27299999999999613 1.2581205277902527
0.9809999999999945 1.2857981651376147
0.1360000000000099 1.2857178198396833
0.9819999999999993 1.2856374745417516
0.12299999999999045 1.2776575998301176
2.5319999999999965 1.2696777251184834
2.1059999999999945 1.305982905982906
0.0969999999999942 1.3291830922587147
2.129000000000005 1.3523832785345233
5.595999999999989 1.2951179413867047
0.09199999999999875 1.4749165115194809
5.2050000000000125 1.6547150816522573
0.09899999999998954 1.8197619910879086
3.0559999999999974 1.9848089005235598
3.4749999999999943 2.2395349640287767
0.12600000000000477 2.104937598117367
3.9620000000000033 1.9703402322059567
3.103999999999999 2.251105670103093
0.09300000000000352 2.251087033164754
3.391999999999996 2.2510683962264153
0.10999999999999943 2.154078067956322
3.4420000000000073 2.057087739686229
0.2469999999999999 1.9849678883188648
4.329999999999998 1.9128480369515009
4.293999999999997 1.911608756404285
0.10600000000000875 1.8402663130815053
4.268999999999991 1.7689238697587257
0.13400000000000034 1.6908358286846727
3.616000000000014 1.6127477876106195
0.09499999999999886 1.4265172700854551
6.054000000000002 1.2402867525602908
0.14300000000000068 1.502342405406359
4.1200000000000045 1.7643980582524272
3.0260000000000105 2.4602167878387307
2.7719999999999914 2.4774891774891774
5.093999999999994 1.609744797801335
0.29699999999999704 2.041363504586053
2.8670000000000186 2.472982211370771
3.073999999999984 2.534735198438517
0.12600000000000477 2.5362978010055635
3.022999999999996 2.5378604035726102
3.086999999999989 2.5450314220926464
0.11400000000000432 2.616195452251337
2.473000000000013 2.687359482410028
0.12299999999999045 2.6844638996208556
2.5250000000000057 2.681568316831683
1.7820000000000107 2.688439955106621
