0.632 2.301278481012658
0.534 2.3307865168539323
0.484 2.311685950413223
0.12199999999999989 2.427181296071117
1.2029999999999998 2.542676641729011
0.9100000000000006 3.618118681318682
0.09299999999999997 3.3254966336077554
2.1129999999999995 3.032874585896829
2.290000000000001 3.1633711790393013
0.10999999999999943 3.2328915062187553
2.568999999999999 3.3024118333982093
4.055 4.055179284833539
4.424999999999999 3.9217193220338977
6.106999999999999 2.8472533158670372
0.09199999999999875 3.203103594031699
4.725999999999999 3.5589538721963603
4.314000000000004 4.097288827074641
3.6099999999999994 5.042384487534626
0.09000000000000341 5.174713910985309
3.022999999999996 5.307043334435991
4.1640000000000015 4.135414024975985
0.2259999999999991 4.811492512787573
3.338000000000001 5.487571000599161
3.1769999999999996 5.18605476864967
4.552999999999997 3.9020004392708105
3.969999999999999 4.346053400503778
6.897000000000006 2.3659828911120777
0.11499999999999488 2.5219449983090376
6.501999999999995 2.677907105505998
3.825000000000003 4.646287058823529
4.2379999999999995 3.8585653610193487
5.0260000000000105 3.4807640270592914
0.262999999999991 3.5305444284956327
4.704000000000008 3.5803248299319734
0.10899999999999466 3.6646603961234563
1.4860000000000042 3.7489959623149387
0.1110000000000042 3.7192595383350846
1.6439999999999912 3.6895231143552305
2.207000000000008 3.526227458087902
0.09599999999998943 3.5260965655389827
2.214000000000013 3.525965672990063
5.055999999999997 3.3436598101265824
4.750999999999991 3.6166735424121237
4.197999999999993 4.175462601238685
0.09600000000000364 5.448144232287234
2.7220000000000084 6.720825863335783
0.27899999999999636 4.620809982459808
7.323999999999998 2.5207941015838338
0.2750000000000057 3.053259348987549
2.1059999999999945 3.5857245963912634
0.09600000000000364 4.253493521824324
1.1850000000000023 4.9212624472573845
0.11599999999998545 4.920885483130658
1.5260000000000105 4.920508519003932
3.2959999999999923 5.1792961165048546
0.10499999999998977 3.9505358198250335
6.308000000000021 2.7217755231452125
0.09899999999998954 2.818034271593339
5.788000000000011 2.9142930200414647
0.10699999999999932 3.1121245403237627
5.280000000000001 3.3099560606060607
0.1209999999999809 3.3460941889003606
5.0190000000000055 3.3822323171946604
0.28000000000000114 2.783597143212715
8.125 2.184961969230769
0.27299999999999613 2.2800896533460344
3.2299999999999898 2.3752173374613004
3.3070000000000164 2.375721802237678
0.09399999999999409 2.4240662582616963
2.687999999999988 2.472410714285714
0.10900000000000887 2.5363128840245777
2.603999999999985 2.6002150537634408
0.09499999999999886 2.9837634408602147
0.9300000000000068 3.367311827956989
