0.33699999999999997 4.315750741839763
0.289 4.306712802768168
0.1090000000000001 4.2794897347174174
0.6599999999999999 4.252266666666666
0.7200000000000002 4.24838888888889
1.8830000000000005 4.234727562400425
0.11299999999999955 4.233765366404969
1.5140000000000002 4.232803170409511
7.072000000000001 2.440650452488688
0.12899999999999956 2.5933300224074136
6.671999999999999 2.7460095923261387
0.12600000000000122 3.615742384815552
3.6660000000000004 4.4854751773049655
3.7379999999999995 4.6424847512038525
5.866999999999997 2.963725242883927
5.0419999999999945 2.411663625545419
0.23700000000000188 2.8376301755473756
2.320999999999998 3.2635967255493323
2.263999999999996 3.662381625441696
2.628 2.5011598173515983
1.4980000000000047 4.930146862483311
0.10099999999999909 3.7947831974039667
2.9080000000000013 2.659419532324622
0.09899999999999665 2.5539170916633473
2.8939999999999984 2.4484146510020732
0.10699999999999932 2.3578750442958714
3.4849999999999994 2.2673354375896695
0.11400000000000432 2.4618560724972074
2.7819999999999965 2.656376707404745
0.12100000000000222 2.658444228376002
2.6809999999999974 2.6605117493472585
0.11899999999999977 2.7196718836927953
1.774000000000001 2.778832018038332
0.125 2.820877746542271
2.7049999999999983 2.8629234750462103
0.09000000000000341 3.2698949657039673
1.902000000000001 3.676866456361725
0.09799999999999898 3.532962480408681
5.162000000000006 3.389058504455637
3.620999999999995 4.651159348246339
4.867999999999995 3.9368742810188984
6.984999999999999 2.258609019327129
0.12199999999999989 3.099869014625485
4.332999999999998 3.94112900992384
3.0649999999999977 5.648652528548124
3.3760000000000048 5.0075663507109
0.12299999999999045 4.815787481060509
3.716000000000008 4.624008611410119
0.27899999999999636 4.306155841541237
4.394999999999996 3.988303071672355
0.1150000000000091 3.801510555792708
5.060999999999993 3.6147180399130607
5.154000000000011 3.582129608071401
4.439999999999998 3.8629693693693694
4.375 3.510456685714286
0.12899999999999068 3.1436020296197094
6.187000000000012 2.776747373525133
0.11400000000000432 2.727062519886782
6.376000000000005 2.6773776662484314
0.12399999999999523 2.3436619073457097
8.542000000000002 2.009946148442988
1.163000000000011 3.899597592433362
2.0570000000000164 3.9864073894020415
1.603999999999985 4.420224438902743
0.09499999999999886 4.3013027723230834
1.8629999999999995 4.182381105743425
2.0860000000000127 3.677829338446788
0.1150000000000091 3.3441113191396417
5.969999999999999 3.010393299832496
0.12699999999998113 3.769138929858528
3.4650000000000034 4.52788455988456
4.760999999999996 3.6211081705524046
3.7169999999999845 3.0856238902340603
