4.105 0.3543015834348356
0.20500000000000007 0.4525136235758249
2.26 0.5507256637168142
0.16199999999999992 0.6505660511743026
1.4910000000000005 0.7504064386317908
0.11399999999999899 0.7501899503171017
1.6580000000000013 0.7499734620024125
0.14700000000000024 0.8230799455317066
1.4589999999999996 0.8961864290610008
0.10999999999999943 1.001992337337518
0.9120000000000008 1.1077982456140352
1.1110000000000007 1.1038343834383437
0.8520000000000003 1.6323849765258214
0.13100000000000023 1.9088676964627829
3.121999999999998 2.185350416399744
3.3859999999999992 2.1592155936207913
0.11299999999999955 2.6923388135414124
2.3309999999999995 3.2254620334620334
2.3009999999999984 3.189667101260321
0.09600000000000009 2.1308375132681454
7.065999999999999 1.0720079252759698
10.884999999999998 0.7617484611851172
0.15800000000000125 0.6828889337721211
10.881999999999998 0.6040294063591252
0.8739999999999952 1.2660228832951945
0.12600000000000477 1.2687102234859138
0.9029999999999987 1.2713975636766333
0.10900000000000176 1.1331485984438519
2.9989999999999952 0.9948996332110704
0.09700000000000131 1.1151304888744427
1.070999999999998 1.2353613445378149
0.10300000000000153 1.6740451301002328
1.328000000000003 2.1127289156626508
2.0700000000000003 1.4936115942028985
0.13800000000000523 1.2464036004487296
7.647999999999996 0.9991956066945608
6.554000000000002 1.181600244125725
3.294000000000011 2.123072252580449
0.10999999999999943 2.062345265326168
3.5889999999999986 2.0016182780718865
0.09900000000000375 2.492060167842528
2.4299999999999926 2.9825020576131687
2.88600000000001 2.9843354123354127
0.11399999999999011 2.708201387001708
2.4939999999999998 2.4320673616680035
0.10999999999999943 2.4081880925987074
3.26400000000001 2.3843088235294116
0.3199999999999932 2.3847129207778437
3.272999999999996 2.385117018026276
2.862000000000009 2.4414507337526206
0.1349999999999909 2.82417433789689
2.3810000000000002 3.2068979420411594
0.11599999999999966 4.180048679899764
1.3740000000000094 5.15319941775837
0.14300000000000068 5.268490232716736
3.397999999999996 5.383781047675103
0.09799999999999898 5.40533790772938
3.402000000000001 5.426894767783657
0.10299999999999443 4.978579977658336
3.7860000000000014 4.530265187533017
0.09600000000000364 4.535719228893653
3.381999999999991 4.541173270254288
0.11600000000001387 4.655336218691831
3.6019999999999897 4.769499167129373
0.09900000000000375 4.216004679037761
4.661000000000001 3.6625101909461493
4.860000000000014 3.532707818930041
4.034999999999997 4.180403469640645
0.2529999999999859 3.760363049805032
5.231999999999999 3.340322629969419
19.13299999999998 0.8872327392463284
0.10400000000001342 1.0812412468735735
6.109999999999985 1.2752497545008183
5.199999999999989 2.2537246153846153
3.112000000000023 2.524586118251928
1.2579999999999814 2.1052655007949124
1.4230000000000018 1.7658861560084327
1.1510000000000105 1.779002606429192
