0.579 2.51193091537133
0.126 2.523419632838414
0.491 2.534908350305499
0.10200000000000009 2.533128383297546
0.44199999999999995 2.531348416289593
1.2340000000000002 2.478800648298217
1.3229999999999995 2.4886530612244897
3.6239999999999997 1.7683399558498896
2.7379999999999995 2.6457706355003654
3.334999999999999 2.543896851574213
3.108999999999998 2.1944882598906403
0.09500000000000242 2.21174169092093
3.2799999999999976 2.2289951219512196
0.10800000000000054 3.1586933195400473
1.8390000000000022 4.0883915171288745
2.762999999999998 2.656324285197249
3.100999999999999 2.442698484359884
0.29299999999999926 2.441783743210263
3.3969999999999985 2.4408690020606425
0.10900000000000176 2.902381276874743
1.9540000000000006 3.3638935516888426
2.091000000000001 3.5319751315160213
0.10099999999999909 4.876845168332427
1.243000000000002 6.221715205148834
5.956000000000003 2.7663022162525186
6.642000000000003 2.6747678410117435
5.259 3.280819927742917
4.944000000000003 3.3006035598705505
3.088000000000001 5.638520725388601
0.10300000000000864 6.706409968993514
2.285999999999987 7.774299212598427
0.12199999999999989 5.550013140974829
4.917000000000002 3.3257270693512306
6.668999999999997 2.623229869545659
0.22799999999999443 2.356524228729896
8.059000000000012 2.0898185879141336
7.216000000000008 2.6558625277161862
5.341999999999999 2.953272931486334
5.420000000000002 3.150721771217712
5.36099999999999 3.229457190822608
4.903999999999996 3.4472969004893956
0.09799999999999898 3.425749208158207
2.243000000000009 3.4042015158270176
2.2779999999999916 3.108207199297629
0.12300000000000466 2.9960164560232094
1.8589999999999947 2.8838257127487896
2.858000000000004 2.872095171448565
2.625 2.876775619047619
1.8470000000000084 3.1573881970763398
2.0989999999999895 3.577272987136732
0.10200000000000387 3.574710203642076
2.0349999999999966 3.57214742014742
0.2530000000000143 3.374766838541486
2.3429999999999893 3.1773862569355527
2.289999999999992 2.9989519650655017
0.11000000000001364 2.998569218364561
2.734999999999985 2.99818647166362
2.576999999999998 2.75127667830811
0.12600000000000477 2.7965456546655005
6.247000000000014 2.841814631022891
4.836000000000013 3.515219189412737
5.317000000000007 3.3801105886778258
4.766999999999996 3.2911936228235787
5.660999999999973 3.045415297650592
3.8319999999999936 2.9930229645093944
