1.677 0.8672677400119261
0.125 0.8706563419160753
1.424 0.8740449438202247
1.2819999999999996 0.8727425897035881
0.1120000000000001 0.8729780364248279
1.4240000000000004 0.8732134831460675
1.508 0.8670663129973476
0.09799999999999986 0.8701416266801777
1.1569999999999991 0.8732169403630078
0.14000000000000057 0.8714879028056173
1.4100000000000001 0.8697588652482269
0.1120000000000001 1.033116859924832
2.923 1.1964748546014368
0.14499999999999957 1.721494588973422
3.036999999999999 2.2465143233454072
2.7729999999999997 2.636532275513884
0.12399999999999878 2.261386057475958
3.9860000000000007 1.8862398394380326
0.12400000000000233 1.7202719739333323
4.721999999999998 1.554304108428632
0.09799999999999898 1.5671820917612496
4.794000000000004 1.5800600750938671
6.7209999999999965 1.233690224668948
2.9709999999999965 2.212402558061259
0.12199999999999989 2.83498405056621
2.136000000000003 3.4575655430711607
0.2569999999999979 3.0364581181706836
2.9570000000000007 2.615350693270206
3.5450000000000017 1.9987904090267985
4.419000000000004 1.788111337406653
3.780999999999999 1.9545199682623644
0.11699999999999733 1.9270378802696642
3.7549999999999955 1.8995557922769641
5.9339999999999975 1.2878072126727333
6.986999999999995 1.1083738371260914
0.11299999999999955 1.2553499424250871
4.987000000000009 1.4023260477240826
0.09399999999999409 1.8815455411147526
3.0430000000000064 2.3607650345054223
0.23699999999999477 2.7023228784454876
2.3810000000000002 3.0438807223855524
0.13299999999999557 2.6899349367284424
3.687000000000012 2.335989151071332
0.117999999999995 2.1620253851062987
3.051000000000002 1.988061619141265
5.117000000000004 1.5208880203244088
0.15399999999999636 1.2766778416659736
7.561000000000007 1.0324676630075387
3.381999999999991 2.066065050266115
0.1150000000000091 1.922550698478817
4.291999999999987 1.779036346691519
0.10999999999999943 1.6919315912968023
4.412000000000006 1.6048268359020854
0.10699999999999932 1.7592794068604698
4.328000000000003 1.9137319778188542
0.24200000000000443 1.9368621684700766
4.188000000000002 1.959992359121299
0.12600000000000477 1.9602059407236818
3.8519999999999754 1.9604195223260645
4.7409999999999854 1.2300561063066866
7.02200000000002 1.0693101680432926
0.9660000000000082 3.133142857142857
0.9979999999999905 3.1317034068136267
0.10300000000000864 3.1328176898013713
0.882000000000005 3.133931972789116
0.117999999999995 3.157671504063498
1.6129999999999995 3.18141103533788
1.9879999999999995 3.5664185110663986
0.30100000000001614 3.7099590082532785
2.0219999999999914 3.853499505440159
2.3289999999999793 3.294097037355088
3.191999999999979 2.4613132832080202
0.1150000000000091 2.455603549786396
6.403999999999996 2.449893816364772
0.09300000000001774 1.9157665908238348
12.47799999999998 1.3816393652828978
0.15100000000001046 1.4326592614584202
3.228999999999985 1.4836791576339425
