1.3110000000000002 1.1093882532418002
0.09799999999999986 1.1148381410223402
1.111 1.1202880288028805
1.1229999999999998 0.9963098842386464
1.6669999999999998 0.7459244151169768
0.15399999999999991 0.7269243082623325
1.8470000000000004 0.7079242014076881
0.15399999999999991 0.7114681162735539
1.4130000000000003 0.7150120311394197
2.032 0.6035236220472441
0.19100000000000072 0.5514551682947172
2.785 0.4993867145421903
0.1429999999999989 0.5075026075733926
13.232000000000001 0.5156185006045948
0.134999999999998 0.5428604798104941
1.9520000000000017 0.5701024590163934
0.12399999999999878 0.6295321038251366
1.647000000000002 0.6889617486338797
0.3349999999999973 0.6867230660977618
1.8249999999999993 0.6844843835616439
0.10500000000000398 0.6883046245041804
1.857999999999997 0.6921248654467169
0.1390000000000029 0.6928338888467914
2.073999999999998 0.6935429122468659
0.14000000000000057 0.5861581682188334
8.805 0.47877342419080077
0.20700000000000074 0.38723599055611657
3.7419999999999973 0.4043014430785676
0.25200000000000244 0.410238236990458
4.045000000000002 0.41617503090234853
0.2839999999999989 0.4164978562267324
4.2549999999999955 0.4168206815511163
0.21000000000000085 0.4091804738682719
4.433000000000007 0.4015402661854275
0.2599999999999909 0.39701187934100846
3.6650000000000063 0.39248349249658937
0.3370000000000033 0.393200251465475
4.120999999999995 0.3939170104343606
0.27200000000000557 0.3536287207122763
3.1469999999999914 0.40117445185891326
0.23400000000000887 0.4099947298377422
7.675999999999988 0.4188150078165712
0.1910000000000025 0.4316092795337901
2.4780000000000086 0.44440355125100894
0.21999999999999886 0.44181120323493206
2.673000000000002 0.4392188552188552
0.2189999999999941 0.42679381522719345
2.971999999999994 0.4143687752355317
0.15900000000000603 0.3964181977608087
3.844999999999999 0.3784676202860857
0.2530000000000001 0.3807977911856969
2.320999999999998 0.3831279620853081
0.17199999999999704 0.4016939400029824
2.9240000000000066 0.4202599179206567
0.2950000000000017 0.4565607154712833
2.418999999999997 0.49286151302190984
0.12300000000000466 0.4902108571691044
2.5829999999999984 0.4875602013162989
0.12300000000000466 0.5003796933261739
2.4549999999999983 0.5131991853360489
0.1319999999999908 0.5317066672378141
2.0919999999999987 0.5502141491395793
0.1110000000000042 0.5806293687418524
5.405000000000001 0.6110445883441257
0.15399999999999636 0.8128150805935619
1.4140000000000015 1.0145855728429982
11.301999999999992 0.6681592638471068
0.1150000000000091 0.5678336803442685
12.47399999999999 0.4675080968414302
0.1810000000000116 0.45510344601107655
2.241000000000014 0.44269879518072286
0.29999999999998295 0.4485210511336685
2.539999999999992 0.4543433070866142
0.21399999999999864 0.4533171492085917
2.65300000000002 0.45229099133056916
0.13399999999998613 0.4559094708205641
2.5759999999999934 0.459527950310559
0.11600000000001387 0.4924122510173484
2.4650000000000034 0.5252965517241379
0.13900000000001 0.5281918976283491
5.60499999999999 0.5310872435325603
0.18299999999999272 0.5948546585555778
2.0930000000000177 0.6586220735785953
0.09199999999998454 0.6603814034890003
2.0180000000000007 0.6621407333994053
0.18999999999999773 0.6973495429010756
1.7479999999999905 0.732558352402746
0.13500000000001933 0.7731046199883553
1.3520000000000039 0.8136508875739645
0.14999999999997726 0.7944922133025638
3.241000000000014 0.7753335390311631
0.1769999999999925 0.7384355497176609
6.829000000000008 0.7015375604041587
