0.39 3.7292512820512815
0.10799999999999998 3.7334544698544696
0.33299999999999996 3.7376576576576577
0.29900000000000004 3.7419933110367887
0.10099999999999998 3.70483358597403
0.8339999999999999 3.667673860911271
1.4249999999999998 3.6652575438596493
0.6920000000000002 3.682820809248555
0.1280000000000001 3.6804821125773413
0.7669999999999995 3.6781434159061277
0.11800000000000033 3.6651362796276223
2.3230000000000004 3.652129143349117
5.053 3.254255293884821
4.971000000000002 3.4909692214846113
0.12899999999999778 3.4860427689004636
4.995000000000001 3.4811163163163164
0.10500000000000043 3.4178234154377756
5.013999999999999 3.354530514559235
4.998000000000001 3.5365554221688678
0.10000000000000142 3.552536483874083
5.100999999999999 3.5685175455792986
0.09799999999999898 3.516036838420047
4.631999999999998 3.463556131260795
4.933 3.4907488343807014
0.25499999999999545 3.49623582036374
5.231000000000002 3.501722806346779
4.687000000000005 3.5152754427138895
0.11699999999999733 3.534696680894517
3.460000000000001 3.5541179190751446
2.0429999999999993 3.617249143416545
4.518000000000001 3.6118158477202296
4.760000000000005 3.657931092436975
0.14000000000000057 3.674836755192314
4.814000000000007 3.6917424179476535
4.347999999999999 3.760947562097516
4.923000000000002 3.5535892748324187
3.448999999999998 3.433955349376631
2.4920000000000044 3.4561765650080254
0.2949999999999875 3.588694417473338
1.6300000000000097 3.7212122699386505
2.0930000000000035 3.7182914476827524
0.10699999999999932 3.7196052090653993
2.097999999999999 3.7209189704480465
0.10300000000000864 3.7119253039839597
1.8869999999999862 3.7029316375198733
0.1150000000000091 3.663431646951679
2.1069999999999993 3.6239316563834842
0.0969999999999942 3.61792008329168
4.853000000000009 3.6119085101998762
4.911999999999992 3.724366449511401
4.932000000000002 3.7433690186536897
4.552999999999997 3.767095102130464
4.076000000000008 3.7679705593719333
0.12199999999998568 3.7673152511834456
4.561000000000007 3.7666599429949574
4.635999999999996 3.682260569456428
4.689999999999998 3.660759061833689
0.29400000000001114 3.706261203514709
4.496000000000009 3.7517633451957293
0.11599999999998545 3.7615709259427073
4.6340000000000146 3.7713785066896848
4.475999999999999 3.7925433422698838
0.1209999999999809 3.7701175651606964
4.737000000000023 3.747691788051509
4.549999999999983 3.736175824175824
4.507999999999981 3.9867009760425907
0.09700000000000841 3.9108669876546367
4.091000000000008 3.835032999266683
0.10800000000000409 3.730736524875243
4.753999999999991 3.626440050483803
3.098000000000013 3.702151065203357
