0.644 2.2583975155279505
0.542 2.2963837638376385
0.4909999999999999 2.278729124236253
0.10699999999999998 2.2864641931144365
0.5420000000000003 2.29419926199262
1.4660000000000002 2.245899045020464
0.13199999999999967 2.260815999782959
2.8160000000000007 2.2757329545454543
2.761 2.6237305324157916
3.218 2.6363878185208205
2.601000000000001 2.6230926566705106
0.09799999999999898 2.6213105705423496
2.791000000000002 2.619528484414188
0.10899999999999821 2.661049648389697
2.782 2.7025708123652055
0.11799999999999855 2.3288325558895817
3.7540000000000013 1.9550942994139584
4.059999999999999 1.8657162561576357
0.31400000000000006 2.2365738513492586
3.1800000000000033 2.607431446540881
0.12999999999999545 2.6078919137466308
2.520000000000003 2.6083523809523808
2.786999999999999 2.6499318263365628
0.11400000000000432 2.6648120670144353
2.8859999999999957 2.6796923076923083
0.11599999999999966 2.687452087661293
2.629000000000005 2.695211867630277
2.921999999999997 2.7041971252566737
2.764000000000003 2.6736758321273513
6.670999999999999 2.4461376105531403
0.12899999999999778 2.5084484007291024
6.773000000000003 2.5707591909050644
0.12199999999999989 2.573769330119779
6.896999999999991 2.576779469334493
0.10300000000000864 2.5149573914329233
6.665999999999997 2.453135313531353
2.840999999999994 2.528619500175995
2.7749999999999915 2.6117045045045053
0.12300000000000466 2.550475373639536
3.4599999999999937 2.4892462427745667
2.4170000000000016 2.509547372776169
3.1129999999999995 2.499962736909733
0.09100000000000819 2.477030724003436
3.1809999999999974 2.454098711097139
0.11599999999999966 2.4761433848656953
2.796999999999997 2.4981880586342515
0.10299999999999443 2.4584104689750292
3.1570000000000107 2.418632879315807
0.23499999999999943 2.4213150702638604
2.9209999999999923 2.4239972612119134
3.1310000000000002 2.645363142765889
3.0690000000000026 2.674632779406973
6.432999999999993 2.666187470853412
6.2949999999999875 2.4397534551231144
0.10300000000000864 2.523742544197866
6.587999999999994 2.607731633272617
0.11199999999999477 2.5825894121419264
6.675000000000011 2.557447191011236
0.125 2.3818436160658853
7.782000000000011 2.2062400411205343
0.12299999999999045 2.2746655681549446
2.930999999999983 2.343091095189355
0.2550000000000239 2.5009943154286596
3.084000000000003 2.658897535667964
0.12399999999999523 2.6512310198846905
2.681999999999988 2.6435645041014166
0.11899999999999977 2.633970867746229
2.968999999999994 2.624377231391041
2.968999999999994 2.584018861569552
3.216000000000008 2.442945273631841
2.497000000000014 2.661529835802964
0.09999999999999432 2.678487847837788
2.5120000000000005 2.6954458598726116
1.7750000000000057 2.6990422535211267
