1.863 0.7806806226516371
0.13900000000000023 0.7867224769309142
1.5699999999999998 0.7927643312101913
0.1389999999999998 0.7875905572134874
1.4300000000000002 0.7824167832167833
0.16900000000000048 0.804591370331796
1.5039999999999996 0.8267659574468087
1.545 0.8463016181229774
0.15799999999999947 0.846229536029663
1.1940000000000008 0.8461574539363484
0.10099999999999909 0.9074231187533244
1.266 0.9686887835703003
0.12600000000000122 0.9652544886039608
1.4459999999999997 0.9618201936376213
0.18099999999999916 1.2585102791757745
4.387000000000002 1.5552003647139276
4.503 1.623607372862536
3.224 2.332057071960298
3.0479999999999983 2.4079475065616798
3.117000000000001 2.4301597690086623
2.882999999999999 2.876043010752688
0.10799999999999699 3.125148815437946
1.9480000000000004 3.374254620123204
6.484999999999999 2.655337548188126
0.11599999999999966 2.3264426017930813
9.170000000000002 1.997547655398037
0.14300000000000068 2.0252398471164943
2.2659999999999982 2.0529320388349515
0.12299999999999756 2.271999436819746
3.172000000000004 2.49106683480454
0.12599999999999767 2.417439538556726
3.1529999999999987 2.3438122423089123
3.7390000000000043 1.9076844075956134
2.714000000000013 2.8157140751658067
3.048000000000002 2.540750656167979
2.0670000000000073 3.383357522980165
0.117999999999995 3.8322651738857916
1.6779999999999973 4.281172824791418
0.12700000000000955 3.9692344037094984
4.60499999999999 3.657295982627579
0.09700000000000841 4.449641426762367
3.6559999999999917 5.241986870897155
3.1770000000000067 4.965811772112056
0.13099999999998602 4.583903917552091
4.064000000000007 4.2019960629921265
0.13299999999999557 3.9257366486967378
4.744 3.649477234401349
3.781000000000006 4.471183284845279
0.11999999999999034 4.226647957602245
4.315000000000012 3.982112630359212
5.123999999999995 3.42088056206089
0.2680000000000007 2.9924366370220357
7.135000000000005 2.563992711983181
5.566999999999993 3.316381534039878
0.125 3.3092866468813176
5.194000000000003 3.3021917597227572
0.10899999999999466 3.1436369877330987
5.14500000000001 2.9850822157434402
6.9879999999999995 2.458462507155123
0.14399999999997704 2.011585057427241
10.910000000000025 1.5647076076993585
1.1129999999999995 2.808122192273136
1.3689999999999998 2.0190854638422207
0.13300000000000978 2.102662845638239
1.4069999999999823 2.186240227434257
1.3389999999999986 3.58164002987304
1.9639999999999986 3.9672993890020365
1.6259999999999764 4.71829766297663
1.664999999999992 4.718625825825826
1.2180000000000177 5.456354679802955
2.757000000000005 6.253208560029019
2.556999999999988 4.485437622213532
