1.5230000000000001 0.9549625738673669
1.294 0.961854714064915
0.11100000000000021 0.9611230651869639
1.165 0.9603914163090128
0.12599999999999945 0.9606655690509516
1.2940000000000005 0.9609397217928903
0.10200000000000031 0.9549023717817862
1.3779999999999992 0.9488650217706821
0.12700000000000067 0.9523473642439031
1.0569999999999995 0.9558297067171241
0.14300000000000068 0.9254914956943285
1.3699999999999992 0.8951532846715329
0.15500000000000114 0.8617080491501763
10.243 0.8282628136288197
0.12899999999999778 0.7181987924994084
11.219000000000001 0.6081347713699973
1.0890000000000022 1.0218916437098255
0.10699999999999932 1.0290828081562826
1.0949999999999989 1.0362739726027397
0.2779999999999987 1.0234703196347033
1.2360000000000042 1.0106666666666666
1.3119999999999976 0.9801585365853657
4.088999999999999 0.3517750061139643
0.15099999999999625 0.5509183792739502
3.595000000000006 0.750061752433936
2.554000000000002 1.1471072826938133
0.13600000000000279 0.9499093127941036
3.835000000000001 0.7527113428943938
0.26200000000000045 0.6061128698907766
15.419999999999995 0.4595143968871595
1.2600000000000051 1.050057142857143
0.1280000000000001 1.1436059589148502
0.9110000000000014 1.2371547749725575
0.26500000000000057 1.1955984304871936
1.0930000000000035 1.1540420860018297
0.12999999999999545 1.138130376334248
1.125 1.1222186666666667
0.2569999999999908 1.095133253599114
3.010000000000005 1.0680478405315614
0.117999999999995 1.0822026740962198
3.916000000000011 1.0963575076608782
3.6850000000000023 0.7813362279511532
0.3089999999999975 0.7312131755299418
10.641000000000005 0.6810901231087304
9.170000000000002 0.9392357688113414
0.1349999999999909 1.2362040913022225
0.5799999999999983 1.5331724137931038
0.12199999999999989 1.528893899204244
0.8059999999999974 1.5246153846153845
0.2850000000000108 1.3087018261298737
1.090999999999994 1.092788267644363
0.12300000000000466 1.08922516830494
1.1599999999999966 1.0856620689655172
0.32500000000000284 0.9807003262519682
3.6569999999999965 0.8757385835384194
3.2860000000000014 0.9003870967741935
0.14700000000000557 0.907124372958209
3.6140000000000043 0.9138616491422247
0.242999999999995 1.0296665209149582
7.165999999999997 1.1454713926876918
0.14499999999999602 1.059178365758945
7.7620000000000005 0.9728853388301985
0.1740000000000066 0.9078079873341743
6.9199999999999875 0.8427306358381502
0.1839999999999975 0.7560778685263625
1.4819999999999993 0.6694251012145749
0.27800000000002 0.6663309414118852
1.7399999999999807 0.6632367816091954
0.09300000000001774 1.031693069917783
0.8569999999999993 1.4001493582263709
0.28899999999998727 1.5111451016483965
1.7040000000000077 1.6221408450704222
0.11000000000001364 1.2136934591844257
3.819999999999993 0.8052460732984292
0.11099999999999 0.7993796119150233
8.935000000000002 0.7935131505316173
0.33199999999999363 0.7183586885231967
12.114000000000004 0.6432042265147763
0.10300000000000864 0.7798325659322853
1.4579999999999984 0.9164609053497943
0.1839999999999975 0.7540973657987418
2.1639999999999873 0.5917338262476893
0.13900000000001 0.5946328012281358
1.8410000000000082 0.5975317762085822
0.32399999999998386 0.5959327638884817
1.5940000000000225 0.5943337515683813
0.15899999999999181 0.6170244256417405
1.4039999999999964 0.6397150997150998
