3.053 0.4763865050769735
0.1549999999999998 0.4783785091961479
2.591 0.4803705133153223
0.2290000000000001 0.4794615611914507
2.338 0.4785526090675791
0.15199999999999925 0.4793257253832104
2.59 0.4800988416988417
0.2060000000000013 0.4783899239482178
2.7429999999999986 0.47668100619759385
0.15600000000000058 0.47843365899233303
2.103999999999999 0.4801863117870722
0.20400000000000063 0.4792429218841757
2.564 0.4782995319812792
0.129999999999999 0.476729540503793
2.927000000000003 0.4751595490263068
0.17799999999999727 0.47746835390034004
2.5130000000000017 0.4797771587743733
0.17800000000000082 0.6295384393311643
1.4279999999999973 0.7792997198879553
0.13700000000000045 0.7906109906860271
1.4149999999999991 0.801922261484099
0.0920000000000023 0.843247156942923
3.663999999999998 0.8845720524017469
0.1280000000000001 0.8648458833915462
8.963000000000001 0.8451197143813455
0.125 0.8989261676583276
8.703000000000003 0.9527326209353095
0.0969999999999942 0.9747684456989714
1.1240000000000023 0.9968042704626333
1.0670000000000002 1.0370234301780692
0.13300000000000267 1.0427455050433725
1.0949999999999989 1.0484675799086756
0.09299999999999642 1.036545603141151
2.911999999999999 1.0246236263736264
0.10400000000000631 0.9730854570379918
3.5209999999999937 0.9215472877023572
0.2560000000000002 0.9637682655793967
2.7890000000000015 1.0059892434564361
0.2989999999999995 1.1060409524688335
5.9140000000000015 1.2060926614812308
0.10599999999999454 1.2197222506889691
6.196000000000012 1.2333518398967074
0.1039999999999992 1.2994662567496233
5.670999999999992 1.3655806736025393
0.1290000000000049 1.2825673522386625
5.829999999999998 1.1995540308747854
5.507999999999996 1.3042498184458968
0.09600000000000364 1.3241603074530368
2.259999999999991 1.344070796460177
0.13400000000000034 1.4129763350936322
0.9819999999999993 1.4818818737270874
0.1150000000000091 1.4746688100471632
1.5139999999999958 1.467455746367239
0.27200000000000557 1.4637114647971106
2.1940000000000026 1.4599671832269823
0.30699999999998795 1.4517372898383432
5.408000000000001 1.4435073964497043
0.10600000000000875 1.440329592918394
4.861999999999995 1.4371517893870835
0.14000000000000057 1.4962927413018123
4.909000000000006 1.5554336932165411
4.846999999999994 1.4607996698989065
5.374000000000009 1.5412415333085225
0.11699999999999022 1.4944697966366245
5.670000000000016 1.4476980599647264
0.13599999999999568 1.4590063508546374
5.135999999999996 1.4703146417445485
3.805000000000007 1.5326402102496715
0.28199999999998226 1.4858524434332936
2.0100000000000193 1.4390646766169157
0.10800000000000409 1.4480878938640134
0.7920000000000016 1.457111111111111
0.10799999999997567 1.4493673636736366
2.1680000000000064 1.4416236162361624
0.14099999999999113 1.4155471022357282
3.26400000000001 1.389470588235294
0.13700000000000045 1.3447067589242416
6.307999999999993 1.2999429296131895
4.907000000000011 1.4448828204605664
4.905000000000001 1.5885374108053005
5.661000000000001 1.3552291114644055
5.899000000000001 1.3318379386336667
0.09699999999997999 1.3285151806827358
5.015000000000015 1.3251924227318046
5.0800000000000125 1.3328661417322836
0.11499999999998067 1.3413282587369393
1.5170000000000243 1.3497903757415952
