0.35 4.155451428571428
0.299 4.162675585284281
0.10200000000000009 4.13286995638483
0.6839999999999999 4.10306432748538
0.11299999999999999 4.101693021651537
0.746 4.100321715817694
1.9500000000000006 4.089226666666667
1.5690000000000008 4.08442574888464
3.45 5.002979710144928
3.719000000000001 4.926425383167518
3.525999999999998 4.663571185479296
3.7959999999999994 4.571551106427819
0.10600000000000165 4.448484010925352
4.02 4.325416915422886
3.7550000000000026 4.479258588548602
3.9790000000000028 4.442247800955014
0.12099999999999511 4.04324682340043
4.9950000000000045 3.644245845845846
0.29699999999999704 3.764868381871821
4.128999999999998 3.885490917897796
4.789999999999999 3.594961169102297
0.10900000000000176 4.072947913743695
4.024999999999999 4.550934658385093
3.274000000000001 5.032405620036652
4.271000000000001 4.159636619058769
5.9609999999999985 2.8944526086227143
2.956000000000003 5.520359945872801
3.8769999999999953 4.491037400051587
0.12400000000000944 3.5619667000257933
6.75 2.6328959999999997
0.26500000000000057 2.238864516245487
8.86399999999999 1.8448330324909747
0.12199999999999989 3.163155131342181
1.6030000000000086 4.481477230193387
0.09499999999999886 4.695847016180704
1.475999999999999 4.910216802168022
1.8389999999999986 4.683410549211528
1.3260000000000076 4.574340874811464
1.73599999999999 4.482940092165899
4.195999999999998 4.126101048617731
0.1039999999999992 4.40648606631053
3.6069999999999993 4.686871084003327
0.09000000000000341 4.636311976482581
3.747 4.585752868961836
0.24899999999999523 4.283404710656253
4.403000000000006 3.9810565523506702
0.10200000000000387 4.125692608574962
4.283999999999992 4.270328664799253
0.11800000000000921 4.297025690713443
4.269999999999996 4.323722716627635
3.6599999999999966 4.686225136612022
3.330999999999989 4.610701891323927
4.356000000000023 3.9439247015610657
4.4010000000000105 3.8788820722563053
0.09399999999999409 3.907455708296883
4.361999999999995 3.9360293443374603
3.3799999999999955 4.990511242603549
0.3170000000000073 4.493034313574294
4.373999999999995 3.995557384545039
3.787000000000006 4.482551888038025
0.11199999999999477 4.362281439837412
4.185000000000002 4.242010991636798
0.11699999999999022 3.4341215162107983
6.473000000000013 2.6262320407847985
0.12999999999999545 3.4048348285860675
4.295999999999992 4.183437616387336
0.12100000000000932 2.902358469245647
9.676999999999992 1.6212793221039579
0.1220000000000141 2.3565209395907916
2.1899999999999977 3.091762557077625
0.09000000000000341 3.5288282984063617
1.2079999999999984 3.965894039735099
