2.055 0.7077411192214113
0.1509999999999998 0.7105009321035423
1.7449999999999997 0.7132607449856733
0.16999999999999993 0.7115973775689788
1.5760000000000005 0.7099340101522843
0.11800000000000033 0.7664349071277636
1.5109999999999992 0.8229358041032429
1.3520000000000003 0.967112426035503
0.1399999999999988 1.0929120634399467
0.8290000000000006 1.2187117008443906
2.2620000000000005 1.247186560565871
0.14499999999999957 1.139582575989054
8.221 1.031978591412237
6.010000000000002 1.1352186356073215
7.811 0.9360010241966457
0.09900000000000375 0.9074737886281445
1.2909999999999968 0.8789465530596435
0.2749999999999986 1.0572695178750244
1.0110000000000028 1.2355924826904054
0.10799999999999699 1.2354561837083153
1.041000000000004 1.235319884726225
2.3629999999999995 1.470703343207787
0.13400000000000034 1.4194740696055588
4.804000000000002 1.3682447960033306
0.2779999999999987 1.255656216296047
6.4609999999999985 1.1430676365887635
6.57 1.1771068493150685
0.12000000000000455 1.272502459406569
5.18 1.3678980694980694
0.12199999999999989 1.3048561540323917
6.3629999999999995 1.241814238566714
0.13400000000000034 1.2830970834410629
5.579999999999998 1.3243799283154118
0.30299999999999727 1.3388895349731564
0.9320000000000022 1.353399141630901
0.9420000000000073 1.3402292993630576
3.6450000000000102 0.8819818930041152
0.14999999999999147 0.8828932601267363
3.112000000000009 0.8838046272493573
0.9050000000000011 1.2972729281767954
0.0969999999999942 1.2941103272418188
2.3530000000000086 1.2909477263068423
0.14499999999999602 1.3078944138379311
6.501000000000005 1.3248411013690202
0.10199999999998965 1.1700001322744682
5.9750000000000085 1.0151591631799164
0.11899999999999977 1.1819629438083288
5.769999999999996 1.3487667244367414
0.13800000000000523 1.3610906106349787
5.6839999999999975 1.373414496833216
0.10200000000000387 1.498444237264192
4.304000000000002 1.6234739776951677
0.09399999999999409 1.5433989282879823
5.2180000000000035 1.4633238788807972
0.09099999999999397 1.435069052494243
5.033000000000001 1.4068142261076892
0.9250000000000114 1.4135697297297296
1.0109999999999957 1.4190148367952524
0.09300000000001774 1.4629302688098758
0.8489999999999895 1.5068457008244993
1.7120000000000175 1.5002990654205606
5.376999999999981 1.3964470894550864
0.14000000000001478 1.32683994043837
5.781999999999982 1.2572327914216535
0.10600000000002296 1.3479029657591362
5.174999999999983 1.4385731400966186
0.1220000000000141 1.496340202091758
4.418999999999983 1.5541072640868976
5.688999999999993 1.4413851291966953
0.1279999999999859 1.2739967631312024
6.407000000000011 1.1066083970657095
0.09800000000001319 1.1688674007800457
2.8479999999999848 1.2311264044943822
0.13800000000000523 1.2709494998723407
5.853000000000009 1.310772595250299
0.33499999999997954 1.125779783435232
8.350999999999999 0.9407869716201652
1.0360000000000014 1.0618301158301158
0.8330000000000268 1.137296518607443
0.7860000000000014 1.1426972010178116
