3.8459999999999996 0.3781612064482579
0.18799999999999972 0.3803282983685665
3.2540000000000004 0.3824953902888752
0.1559999999999997 0.3815293277974988
2.9399999999999995 0.3805632653061225
0.15700000000000003 0.3798328521652564
3.280000000000001 0.37910243902439034
0.21999999999999886 0.3761288450829714
3.5040000000000013 0.3731552511415525
0.21799999999999997 0.37236504741704324
2.719000000000001 0.371574843692534
0.16199999999999903 0.37075876422937415
3.3149999999999977 0.3699426847662142
0.1910000000000025 0.3737324715904904
3.6839999999999975 0.37752225841476655
0.22300000000000253 0.37465073759467893
3.2429999999999986 0.37177921677459136
0.25700000000000145 0.3523827262807726
3.3419999999999987 0.36701376421304605
0.2569999999999979 0.3669791450944889
3.4070000000000036 0.3669445259759318
0.33899999999999864 0.3556834002464375
3.3019999999999996 0.37831132646880683
0.24399999999999977 0.38394027395842645
3.301000000000002 0.38956922144804607
0.18299999999999983 0.39445257296722125
3.6019999999999968 0.3993359244863965
0.2150000000000034 0.40286128832226964
2.756999999999998 0.40638665215814285
0.24499999999999744 0.3919521114765466
2.9310000000000045 0.37751757079495046
0.19899999999999807 0.35058182473406685
3.5730000000000004 0.3786812202630842
0.22800000000000153 0.38067218769277467
3.796999999999997 0.38266315512246507
0.19500000000000028 0.38872811735362006
4.335000000000001 0.39479307958477505
0.2750000000000057 0.39468000862707586
3.6899999999999977 0.3945669376693766
0.31399999999999295 0.36085603756067114
3.3830000000000098 0.3728548625480343
0.1869999999999976 0.37702163417256784
3.3119999999999976 0.38118840579710145
0.1560000000000059 0.4175613195479104
2.888999999999996 0.45393423329871935
0.20600000000000307 0.4604768706781977
2.35799999999999 0.46701950805767606
0.1280000000000001 0.45230065973140976
2.683000000000007 0.4375818114051434
0.17600000000000193 0.40984023862221175
3.222999999999999 0.38209866583928015
0.15800000000000125 0.38028314306268296
3.844999999999999 0.3784676202860857
0.15899999999999181 0.38088036186718083
2.3200000000000074 0.38329310344827594
0.15800000000000125 0.38128235419327383
3.239999999999995 0.37927160493827167
0.1910000000000025 0.3913522466897352
7.941999999999993 0.4034328884411987
0.2289999999999992 0.37711588711753524
3.5900000000000034 0.3507988857938718
0.24200000000000443 0.35397433825149305
3.691999999999993 0.358747562296858
0.20800000000001262 0.36260356961553997
3.4509999999999934 0.36645957693422193
0.2540000000000049 0.3684676916929174
3.9679999999999893 0.3704758064516128
0.23700000000000898 0.38432016705917477
4.753 0.3981645276667367
0.27600000000001046 0.40747146020264
4.516999999999996 0.4167783927385433
0.2560000000000002 0.4164533646086892
3.709000000000003 0.4161283364788352
0.214999999999975 0.41572729592951796
3.4850000000000136 0.41532625538020074
0.34499999999999886 0.41658342108863333
4.090000000000003 0.417840586797066
0.2639999999999816 0.412086225850809
4.086000000000013 0.4063318649045521
0.20699999999999363 0.4053088252826532
4.003000000000014 0.4042857856607543
0.20599999999998886 0.41829381282210754
4.8370000000000175 0.4323018399834608
0.2779999999999916 0.4368166959881677
4.4909999999999854 0.4413315519928746
0.23199999999999932 0.43721989022683416
5.1650000000000205 0.4331082284607937
0.20499999999998408 0.4198156999980226
4.552999999999997 0.40652317153525147
0.24600000000000932 0.403142945673839
4.264999999999986 0.3997627198124266
0.24600000000000932 0.395248804381895
3.5570000000000164 0.39073488895136343
0.35599999999999454 0.3920716515954228
3.0900000000000034 0.39340841423948214
0.2779999999999916 0.39770619782976097
3.01400000000001 0.4020039814200398
