0.5509999999999999 2.639578947368421
0.46799999999999997 2.6594871794871797
0.42199999999999993 2.6513175355450236
0.4680000000000002 2.6569572649572653
1.2599999999999998 2.6130857142857145
0.9740000000000002 2.6165420944558524
0.12399999999999967 2.6131443127228384
1.0810000000000004 2.6097465309898245
0.12899999999999956 2.7048561037787406
3.0300000000000002 2.799965676567657
2.391 2.853477206189879
0.11500000000000021 2.675738747041967
6.946999999999997 2.498000287894055
5.5489999999999995 3.133569291764282
10.853000000000002 1.5497665161706438
4.486000000000004 1.6885439144003567
0.14499999999999602 1.5446970290028474
5.919000000000004 1.4008501436053384
4.931999999999995 1.332734793187348
0.24900000000000233 1.7445221411192213
3.424999999999997 2.1563094890510945
1.411999999999999 2.0443682719546743
0.09100000000000108 2.0101529034062273
3.5859999999999985 1.9759375348577806
0.11399999999999721 1.9266316327175574
4.209000000000003 1.8773257305773345
0.09700000000000131 1.786144516664814
4.359999999999992 1.6949633027522935
4.596000000000004 1.5519651871192341
0.12299999999999045 1.2888582982576036
7.450000000000003 1.025751409395973
0.1700000000000017 0.8976808690172353
1.7039999999999935 0.7696103286384978
0.09300000000000352 0.7758676643192488
1.4080000000000013 0.782125
0.10900000000000887 0.7780209706657877
1.516999999999996 0.7739169413315754
0.17099999999999227 0.7732520716695519
1.5940000000000083 0.7725872020075283
0.10899999999999466 0.783662709729849
4.286000000000001 0.7947382174521698
0.09900000000000375 0.9878652146450878
5.135999999999996 1.1809922118380058
0.13800000000000523 1.2781073446537619
5.658999999999992 1.3752224774695176
0.16600000000001103 1.164488941850214
8.184999999999988 0.9537554062309103
0.2820000000000107 0.9665231152460927
1.2860000000000014 0.9792908242612751
0.14799999999999613 1.064419134758375
1.0960000000000036 1.1495474452554746
0.09399999999999409 1.1699381486877165
0.9669999999999987 1.1903288521199586
0.12600000000000477 1.1878897207109311
1.1029999999999944 1.1854505893019036
0.2780000000000058 1.2385996907862173
2.4839999999999947 1.2917487922705313
0.31400000000000716 1.2677070707070706
6.0719999999999885 1.24366534914361
0.14100000000000534 1.3244466504754193
4.150000000000006 1.4052279518072288
6.288000000000011 1.1941310432569976
0.1279999999999859 1.2290703903469824
5.751000000000005 1.2640097374369674
0.14500000000001023 1.4363065108965305
4.627999999999986 1.6086032843560933
3.5080000000000098 1.9576966932725197
3.2299999999999898 2.5387120743034055
2.664999999999992 2.6604277673545966
2.4339999999999975 3.20122267871816
0.2599999999999909 2.9376542114399444
2.8689999999999998 2.674085744161729
2.4819999999999993 3.1653956486704273
0.11599999999998545 3.101399835304135
2.1880000000000166 3.0374040219378426
0.11699999999999022 2.8904524161553073
2.4679999999999893 2.7435008103727716
1.742999999999995 2.74859437751004
