0.42 3.462876190476191
0.9359999999999999 3.409102564102564
0.32299999999999995 3.4639504643962846
0.8960000000000001 3.4138839285714284
0.10499999999999998 3.416437291388518
0.9630000000000001 3.4189906542056074
1.8830000000000005 3.403326606479023
0.11399999999999988 3.405360386964817
2.1259999999999994 3.407394167450611
5.622 3.2588715759516185
4.334000000000001 3.794128287955699
4.475999999999999 3.877034852546917
0.12700000000000244 3.8782960965099598
4.481999999999999 3.879557340473003
0.11400000000000077 3.949290737142117
4.184999999999999 4.019024133811231
0.11599999999999966 3.9404388748584234
4.577000000000002 3.8618536159056154
0.12099999999999511 3.9684249051097362
4.467000000000006 4.074996194313857
4.539999999999999 3.533742731277533
0.25 3.759911180453581
4.32 3.9860796296296295
5.157000000000004 3.5519705254993212
4.031000000000006 4.087347060282808
4.758000000000003 3.733881462799496
4.425000000000011 3.899171073446328
4.614999999999995 3.53590119176598
0.09600000000000364 2.963484240486121
7.2819999999999965 2.391067289206262
0.10999999999999943 3.17733288988615
1.3250000000000028 3.9635984905660377
1.093999999999994 3.9244387568555763
0.10600000000000875 3.94232081172437
1.813999999999993 3.9602028665931637
4.195999999999998 4.013786463298379
0.10699999999999932 3.999480463922011
4.8089999999999975 3.985174464545644
0.09100000000000819 4.008996230227832
3.911999999999992 4.03281799591002
0.09000000000000341 3.818151137646928
4.739000000000004 3.603484279383836
4.397999999999996 3.936589358799454
0.1039999999999992 3.900798566002379
4.373999999999995 3.865007773205304
0.12600000000000477 3.748869214298212
4.730000000000004 3.63273065539112
4.567999999999998 3.837257443082312
2.075000000000003 3.991629879518072
2.0559999999999974 3.9924357976653693
1.8910000000000053 3.9934087784241137
0.10899999999999466 4.015932367124231
3.8029999999999973 4.0384559558243485
0.09800000000001319 3.7914309900846526
4.84699999999998 3.544406024344956
4.369 3.9072922865644317
4.5589999999999975 3.7659486729545946
4.692999999999984 3.594274025143832
0.10600000000002296 3.639490797096478
4.742999999999995 3.6847075690491247
4.599000000000018 3.691111980865405
0.09899999999998954 3.7446591140955183
4.674000000000007 3.798206247325631
0.31799999999998363 3.8260584625882297
4.411000000000001 3.853910677850828
0.09800000000001319 3.593193796184824
5.393000000000001 3.3324769145188204
0.11099999999999 3.3205109161375206
4.74199999999999 3.3085449177562207
1.2139999999999986 3.63035255354201
1.3199999999999932 3.62939393939394
