1.7970000000000002 0.8093533667223151
0.11199999999999988 0.8122208876833579
1.5270000000000001 0.8150884086444008
0.16500000000000004 0.811171909949906
1.3859999999999997 0.8072554112554112
0.1200000000000001 0.8107842216722374
1.5270000000000001 0.8143130320890636
0.16500000000000004 0.8265073819842368
1.5590000000000002 0.83870173187941
0.13299999999999912 0.9150878629956423
1.0190000000000001 0.9914739941118744
1.2040000000000006 1.0185714285714287
0.11500000000000021 0.936305982905983
4.094999999999999 0.8540405372405372
0.10100000000000087 0.8397146794598525
8.265999999999998 0.8253888216791678
0.13400000000000034 0.6074575298840075
7.4510000000000005 0.38952623808884723
0.2759999999999998 0.3696583101664951
3.2439999999999998 0.35020961775585696
0.2959999999999994 0.40605433249882944
2.701999999999998 0.4623182827535159
0.2610000000000028 0.4446332449624153
3.0120000000000005 0.4269482071713147
0.16799999999999926 0.6013942761854415
1.8539999999999992 0.7758403451995683
0.20300000000000296 0.6228454209008819
5.738999999999997 0.4698504966021955
0.10000000000000142 0.6226281214615743
1.4269999999999996 0.775405746320953
0.16100000000000136 0.8082420672996706
1.365000000000002 0.8410783882783882
0.18900000000000006 0.5675892307513494
4.096999999999994 0.4058999267756895
0.2600000000000051 0.3881838363641834
4.015000000000001 0.3704677459526774
1.5790000000000006 0.7137732742241925
0.10799999999999699 0.5418235912932183
8.359000000000002 0.36987390836224426
0.2639999999999958 0.37765599314147247
4.594000000000008 0.4251858946451893
0.21399999999999864 0.376891347783322
2.7379999999999995 0.4789685902118334
0.1460000000000008 0.3991757104191418
3.4479999999999933 0.38061716937354984
0.30299999999999727 0.4488618586629787
2.030000000000001 0.5783408866995072
0.11200000000000898 0.5205537462138609
6.563999999999993 0.4627666057282145
0.15200000000000102 0.5967821443144399
4.661000000000001 0.7307976829006652
0.12699999999999534 0.710868926920418
1.2870000000000061 0.6909401709401709
0.20300000000000296 0.5078432355757937
3.783999999999992 0.3752536997885835
0.29000000000000625 0.6237632429849652
1.2920000000000016 0.922780185758514
0.1319999999999908 0.7549490672382313
2.1450000000000102 0.5871179487179488
0.30299999999999727 0.5522902718222156
6.188999999999993 0.5174625949264824
0.1880000000000024 0.4768581037150843
6.7819999999999965 0.4362536125036862
0.11299999999999955 0.4399629158703278
7.444000000000003 0.4436722192369694
0.17799999999999727 0.5815713152353353
1.994000000000014 0.7194704112337013
0.1699999999999875 0.7528857895135932
1.6270000000000095 0.786301167793485
0.1670000000000016 0.8695668734895027
1.1049999999999898 0.9528325791855203
0.09000000000000341 0.9524729057876252
3.038000000000011 0.9521132323897301
0.25899999999998613 0.6356209350476698
9.484000000000009 0.3808713622943905
0.35900000000000887 0.36394831048241494
7.645999999999987 0.4087679832592205
0.10599999999999454 0.6182804951261137
1.4300000000000068 0.827793006993007
0.12000000000000455 0.7133544128397042
2.162000000000006 0.5989158186864015
0.12699999999998113 0.6470581487208189
1.6709999999999923 0.6952004787552363
0.12400000000002365 0.7290324474573082
1.806999999999988 0.7628644161593802
3.5889999999999986 0.8893552521593757
0.11899999999999977 0.9148913574229715
3.3499999999999943 0.9404274626865672
0.13900000000001 0.7136154307279892
13.651999999999987 0.4868033987694111
0.14300000000000068 0.7473208483208758
0.9399999999999977 1.0078382978723404
0.242999999999995 0.6922126499843881
2.3850000000000193 0.376587002096436
