0.45999999999999996 3.16175652173913
0.393 3.167022900763359
0.11299999999999988 3.1409454126458303
0.901 3.1148679245283017
0.09699999999999998 3.1164757563518166
0.9809999999999999 3.1180835881753315
0.11500000000000021 2.862481224016407
1.263 2.606878859857482
1.6419999999999995 2.535030450669915
2.8309999999999995 2.5588555280819496
3.385 2.50632082717873
0.11899999999999977 2.538515349535107
2.654 2.5707098718914843
2.8869999999999987 2.532422583997229
0.120000000000001 2.5197211286108185
2.9989999999999988 2.507019673224408
0.09299999999999997 2.469854549903553
3.0169999999999995 2.4326894265826984
0.0940000000000012 2.2751660719718076
3.5770000000000017 2.1176427173609174
0.11799999999999855 2.1164274811294383
3.9200000000000017 2.1152122448979593
0.269999999999996 2.100947074829932
3.1500000000000057 2.0866819047619045
3.7010000000000005 1.9955039178600376
0.09799999999999898 1.996407950665556
3.872 1.9973119834710744
0.13000000000000256 1.8924138121189884
3.9639999999999986 1.7875156407669022
0.134999999999998 1.7774151677330372
4.471000000000004 1.7673146946991725
0.1319999999999979 1.8871934690225904
3.682000000000002 2.007072243346008
0.1109999999999971 2.1332212657971725
3.1570000000000036 2.2593702882483373
3.1169999999999973 2.451667629130575
3.2310000000000016 2.3968455586505724
0.25499999999999545 2.402935352525424
2.903000000000006 2.409025146400275
0.10999999999999943 2.3605808062223455
3.1069999999999993 2.312136466044416
0.09199999999999875 2.3108610947175556
3.1380000000000052 2.3095857233906947
3.5859999999999985 2.401782487451199
0.11700000000000443 2.4048277516621073
6.552000000000007 2.4078730158730157
7.063999999999993 2.417456398640997
0.13800000000000523 2.4103606257502594
7.2039999999999935 2.403264852859522
0.09100000000000819 2.375139576228456
7.202999999999989 2.3470142995973897
0.10099999999999909 2.3624862840247927
3.2110000000000127 2.377958268452196
0.2749999999999915 2.3902848688715004
2.9470000000000027 2.4026114692908043
3.448999999999998 2.4014589736155414
0.15099999999999625 2.4018485971384704
3.4170000000000016 2.402238220661399
3.1200000000000045 2.420364102564103
2.38600000000001 2.4441307627829003
0.11299999999999955 2.4319745015977023
3.10299999999998 2.419818240412504
0.09000000000000341 2.303039947273921
3.325000000000017 2.1862616541353384
3.5529999999999973 2.095304249929637
2.8029999999999973 2.450089190153407
0.2820000000000107 2.450394266325956
3.3460000000000036 2.4506993424985057
3.141999999999996 2.2565372374283896
5.524000000000001 1.4105314989138305
0.11099999999999 1.6089114502814146
4.2450000000000045 1.8072914016489987
0.11400000000000432 2.140112808158462
3.1769999999999925 2.472934214667925
0.125 2.4630894772121468
2.709000000000003 2.4532447397563684
0.09000000000000341 2.452801290559097
2.7609999999999957 2.4523578413618257
1.9529999999999745 2.4530465949820788
