1.648 0.8825291262135923
0.17700000000000005 0.8947614091179278
5.39 0.9069936920222633
2.4540000000000006 1.8616169519152403
2.099 2.35419151977132
0.0990000000000002 2.45224029113566
2.048 2.5502890625
2.0740000000000016 3.0899054966248793
0.11299999999999955 4.67011236867482
1.158999999999999 6.250319240724761
1.3039999999999985 6.506055214723926
0.09600000000000009 6.590925846109517
1.022000000000002 6.6757964774951075
3.5950000000000024 4.827151043115438
0.1059999999999981 4.191144116936987
4.891000000000002 3.555137190758536
0.10199999999999676 8.358013039823712
1.2780000000000022 13.16088888888889
0.12099999999999866 12.142339976225438
1.5890000000000022 11.123791063561987
0.11199999999999832 8.357197743083205
3.2560000000000002 5.5906044226044225
4.113999999999997 3.899657754010695
0.09000000000000341 3.899983350391531
4.414999999999999 3.900308946772367
6.864999999999995 2.668246467589221
0.22300000000000608 3.9949914508488744
3.0959999999999965 5.321736434108527
0.11200000000000188 6.476548629425398
2.327999999999996 7.631360824742268
1.6049999999999969 10.750051090342678
0.09700000000000131 9.025625992598632
2.2349999999999994 7.301200894854587
3.2849999999999966 5.3003811263318115
0.1180000000000021 6.924372381347723
2.0789999999999935 8.548363636363636
0.12100000000000932 8.550489349562572
1.911999999999992 8.552615062761506
2.3460000000000036 7.457084398976983
2.5090000000000003 6.712573933838184
0.2849999999999966 6.711452233025534
2.8560000000000088 6.710330532212884
2.2819999999999965 6.913402278702893
0.11700000000000443 7.088541207407593
2.350999999999999 7.263680136112292
2.3659999999999997 7.317464074387151
2.583999999999989 6.542393188854488
0.12600000000000477 4.880074497048967
5.340000000000003 3.2177558052434456
5.4410000000000025 3.2215754456901307
8.051999999999992 2.2719930452061603
16.58 1.1135281061519904
0.18999999999999773 0.8520458236242083
12.787000000000006 0.5905635410964262
1.6850000000000023 1.524339465875371
0.10999999999998522 1.5747991701671227
4.6200000000000045 1.6252588744588745
3.711999999999989 1.9583297413793106
3.1599999999999966 2.355891139240506
3.877999999999986 1.7709128416709643
0.13800000000000523 1.5734946822887461
5.959000000000003 1.376076522906528
0.12899999999999068 1.8760476448312802
2.984000000000009 2.376018766756032
0.3019999999999925 2.6303966473543214
2.7009999999999934 2.8847745279526107
0.10500000000001819 4.16873836561099
1.4069999999999823 5.452702203269369
0.09000000000000341 5.948874481454208
1.218999999999994 6.445046759639048
1.049999999999983 6.329371428571429
3.359000000000009 5.1325084846680555
4.450999999999993 2.576783644124916
