0.497 2.9263742454728368
0.10699999999999998 2.9378790658643803
0.42199999999999993 2.9493838862559243
0.379 2.9521266490765163
0.1259999999999999 2.9257505283297274
1.055 2.899374407582938
1.1350000000000002 2.900870484581498
2.224 2.881503597122302
2.5230000000000006 2.871232659532303
3.324 2.552315282791817
1.854000000000001 3.679969795037756
4.297999999999998 4.037600744532341
0.0990000000000002 4.517101521691458
3.4800000000000004 4.996602298850575
0.11899999999999977 5.137086213749103
3.187000000000001 5.277570128647631
0.11400000000000077 4.510021990006644
4.722999999999999 3.7424738513656575
0.21999999999999886 3.27600679757664
6.478999999999999 2.809539743787622
4.741 3.383925754060325
5.573999999999998 3.089318980983136
0.12600000000000477 3.7741521876678097
4.107999999999997 4.458985394352483
0.277000000000001 3.150253622626113
8.947000000000003 1.8415218508997429
2.3559999999999945 3.3538471986417657
2.2080000000000055 3.346938405797101
0.09099999999999397 3.3597179026621435
2.114999999999995 3.372497399527186
2.1950000000000074 3.4814797266514805
0.10200000000000387 3.4778883604096347
2.228999999999999 3.474296994167789
2.6850000000000023 2.6046182495344508
0.11899999999999977 2.5538436195407446
2.8700000000000045 2.503068989547038
0.13299999999999557 2.5961504502466175
2.694999999999993 2.689231910946197
0.291000000000011 2.7108583412599003
3.152000000000001 2.732484771573604
2.2180000000000035 2.7347051397655546
2.899000000000001 2.6845063815108654
0.10200000000000387 2.627562767592849
6.734999999999999 2.570619153674833
5.480000000000004 3.0849532846715335
0.11499999999999488 3.2583560112193295
5.007000000000005 3.4317587377671255
0.09300000000000352 3.0797598544111073
6.426000000000002 2.727760971055089
6.453000000000003 2.834974120564079
2.3970000000000056 3.4244672507300793
0.29299999999999216 3.4269329895793903
2.201999999999998 3.4293987284287013
0.10600000000000875 3.363002360257313
1.7689999999999912 3.296605992085925
0.22700000000000387 2.9028477601732385
6.847000000000008 2.509089528260552
6.833000000000027 2.4983111371286406
3.0030000000000143 2.479059607059607
0.09499999999999886 2.479168792699479
2.769999999999982 2.4792779783393506
0.12800000000001432 2.6632570447252313
2.8799999999999955 2.8472361111111115
0.11299999999999955 3.4645046416234884
1.7369999999999948 4.081773172135866
1.90300000000002 4.094469784550709
0.09600000000000364 3.7865023365151744
4.8870000000000005 3.47853488847964
0.11599999999998545 3.2853830670890973
5.812000000000012 3.092231245698555
0.2709999999999866 5.258638102735695
2.1129999999999995 7.425044959772835
0.09899999999998954 5.570691912953889
4.63900000000001 3.7163388661349432
4.034999999999997 2.8424446096654274
