0.664 2.190373493975904
0.1429999999999999 2.204491559822176
0.561 2.218609625668449
0.135 2.2170830306560063
0.5050000000000001 2.215556435643564
0.09899999999999975 2.1932430865229886
1.4090000000000003 2.170929737402413
1.206 2.730089552238806
1.1340000000000003 3.670652557319224
1.7070000000000007 2.63288107791447
0.09299999999999997 2.554965502460884
3.424999999999999 2.4770499270072985
5.1690000000000005 1.3199195202166765
0.120000000000001 1.507918934313859
4.311 1.6959183484110416
2.463000000000001 3.052599269183922
1.9559999999999995 3.7522617586912075
2.0189999999999984 3.7517622585438333
2.1020000000000003 3.944639391056137
0.10099999999999909 3.9662535757169817
4.023000000000003 3.987867760377827
5.07 3.3964228796844176
0.1319999999999979 3.30925031407264
5.685000000000002 3.2220777484608623
0.11699999999999733 3.177207695523207
5.259999999999998 3.1323376425855516
6.268000000000001 2.8343663050414807
0.13300000000000267 2.938953482384914
5.668999999999997 3.043540659728347
0.1290000000000049 3.088416259203652
5.207999999999991 3.1332918586789567
0.09300000000000352 3.22807264689673
5.240000000000009 3.322853435114504
0.24799999999999045 3.507681444338885
4.813000000000002 3.6925094535632663
0.0969999999999942 3.371399289363241
5.361000000000004 3.050289125163216
5.647000000000006 3.097984770674694
2.3559999999999945 3.0761799660441427
3.3760000000000048 2.5511824644549765
0.12399999999999523 2.550943629199734
2.378 2.550704793944491
0.12099999999999511 2.8906251242449725
2.409000000000006 3.2305454545454544
1.938999999999993 4.026038164002062
1.8810000000000002 3.7147432216905893
0.12300000000000466 2.8510759315116143
3.8419999999999987 1.9874086413326395
3.7250000000000085 1.9008042953020132
0.2569999999999908 2.106871290348577
3.581000000000003 2.3129382853951412
0.12199999999999989 3.2398315792457946
1.9699999999999989 4.166724873096448
1.782999999999987 4.235297812675266
0.11599999999999966 5.192988914347245
2.497 6.150680016019223
0.09800000000001319 5.79365266623746
3.1599999999999966 5.4366253164556975
4.4410000000000025 3.8439450574195004
6.3559999999999945 2.701220893643801
6.188999999999993 2.72546905800614
0.11199999999999477 2.9394728906053795
5.542000000000002 3.1534767232046192
3.1059999999999945 5.465365099806825
0.09099999999997976 4.626922413326374
4.686000000000007 3.788479726845924
0.3160000000000025 3.386742058330776
5.694999999999993 2.985004389815628
0.10500000000001819 3.1313903947983848
5.483000000000004 3.2777763997811413
0.12299999999999045 3.1818779717237726
5.084000000000003 3.0859795436664044
0.10699999999999932 4.237596836540924
3.198999999999984 5.389214129415444
0.10300000000000864 5.178206891472556
2.3089999999999975 4.967199653529667
