1.167 1.246279348757498
0.13400000000000012 1.2517457349848096
0.9899999999999998 1.2572121212121212
0.11699999999999999 1.2543644498678055
0.8940000000000001 1.2515167785234895
0.09699999999999998 1.25313275858566
0.9910000000000001 1.2547487386478307
0.11699999999999999 1.2435553306811256
1.061 1.2323619227144205
0.13999999999999968 0.9903705909868398
1.3500000000000005 0.7483792592592591
0.25099999999999945 0.7082099942992957
4.223 0.6680407293393323
7.0280000000000005 1.207156516789983
5.613999999999997 1.2152946205913786
6.023 1.2138641872820857
6.107999999999997 1.230935166994106
6.046999999999997 1.2137297833636516
1.0489999999999995 1.225898951382269
0.1490000000000009 1.2324188986024178
1.1610000000000014 1.2389388458225667
0.3230000000000004 1.2402042295411175
2.171999999999997 1.2414696132596685
0.14400000000000546 1.223308233203261
2.4309999999999974 1.2051468531468532
2.3569999999999993 1.2247127704709375
0.13800000000000523 1.2236151844073113
5.795999999999999 1.2225175983436851
0.10699999999999932 1.21333621459397
6.562000000000005 1.2041548308442547
0.13700000000000045 1.2155623896874435
6.022999999999996 1.2269699485306325
5.8870000000000005 1.2116242568370987
0.11899999999999977 1.2121982955655235
1.0409999999999968 1.2127723342939483
1.0729999999999933 1.2221957129543335
0.11899999999999977 1.2228934120327222
0.9000000000000057 1.223591111111111
0.09999999999999432 1.2212841245648698
2.362000000000009 1.2189771380186283
0.13599999999999568 1.2216610800935543
2.4809999999999945 1.2243450221684804
0.125 1.2181950272677469
7.106000000000009 1.2120450323670136
0.09799999999999898 1.2086030844330597
5.033000000000001 1.2051611364991062
6.495999999999995 1.1980270935960589
0.09900000000000375 1.2063332916245426
6.427000000000007 1.2146394896530261
1.0420000000000016 1.2086065259117085
1.041000000000011 1.2102824207492795
0.23999999999999488 1.2060087977020157
2.4620000000000033 1.2017351746547522
2.7109999999999985 1.218257469568425
0.2750000000000057 1.2050665887119023
6.8870000000000005 1.1918757078553794
0.1280000000000001 1.1975579941443883
6.275999999999996 1.2032402804333973
0.12700000000000955 1.2059409692322425
4.824999999999989 1.208641658031088
6.2050000000000125 1.2101041095890415
6.013000000000005 1.2089339763845006
0.9909999999999854 1.2108254288597375
0.10900000000000887 1.2149616330704456
0.9710000000000036 1.2190978372811534
0.12899999999999068 1.2134929484913228
1.0720000000000027 1.2078880597014925
0.13800000000000523 1.2055495270213203
2.4739999999999895 1.203210994341148
0.11899999999999977 1.206965994408143
2.896000000000015 1.210720994475138
0.10699999999999932 1.2147335403838082
2.6189999999999998 1.2187460862924782
2.6010000000000275 1.2112387543252596
0.10199999999997544 1.2059662606314645
5.534999999999997 1.2006937669376696
5.619 1.2050115678946434
3.9039999999999964 1.2271516393442625
