0.219 6.641132420091324
0.187 6.655828877005348
0.11399999999999999 6.583710262168568
0.43099999999999994 6.511591647331787
0.46899999999999986 6.5220469083155646
4.343 4.1133889016808665
3.337999999999999 4.653385260635111
3.7509999999999994 4.601514262863238
2.7230000000000008 6.728378993756884
2.4480000000000004 6.717218954248366
2.539999999999999 6.832129133858268
2.5440000000000005 6.834974842767296
2.4770000000000003 6.790317319337909
0.3150000000000013 6.789111040621336
2.603999999999999 6.7879047619047626
0.10299999999999798 6.787503462235007
2.682000000000002 6.78710216256525
0.1180000000000021 6.7896543835688234
2.3619999999999948 6.792206604572396
2.5349999999999966 6.792845759368835
2.6839999999999975 6.824706408345754
0.11599999999999966 6.823553204172876
2.414999999999999 6.8224
2.692999999999998 6.597032305978463
0.10600000000000165 6.574974945241415
2.6330000000000027 6.552917584504367
2.5160000000000053 6.485764705882353
0.2779999999999987 6.430680229176987
2.7310000000000016 6.3755957524716225
2.807000000000002 6.331331670822943
0.09100000000000108 5.985079628514919
2.8999999999999986 5.638827586206896
0.10499999999999687 4.89712400688017
4.210000000000001 4.155420427553444
0.09000000000000341 4.156950707603882
4.050000000000004 4.158480987654321
4.072000000000003 4.706459724950883
0.12699999999999534 4.754505965976202
3.2849999999999966 4.802552207001522
0.11300000000001376 4.406079108901089
4.258999999999986 4.009606010800657
4.822000000000003 3.5904437992534217
0.26900000000000546 3.5990571535746407
4.685999999999993 3.6076705078958597
0.12300000000000466 3.6325725889841154
4.697999999999993 3.6574746700723715
0.10200000000000387 3.618464923355565
4.897000000000006 3.5794551766387586
0.10499999999998977 2.6891419442682487
10.170000000000002 1.7988287118977386
0.13800000000000523 3.2853404350390734
3.8689999999999998 4.771852158180408
0.12199999999999989 4.350147792328867
4.366 3.928443426477325
5.221999999999994 2.9410662581386435
6.302999999999997 2.7256442963668097
0.09700000000000841 2.977860937208949
5.284999999999997 3.230077578051088
0.30299999999999727 2.6626931702801206
8.194000000000017 2.095308762509153
0.1379999999999768 1.8351323353991973
6.804000000000002 1.5749559082892417
0.09800000000001319 1.901916660314776
3.679000000000002 2.22887741234031
0.10300000000000864 2.2133289727541596
3.225999999999999 2.1977805331680096
3.742999999999995 2.0816927598183272
4.655000000000001 1.6481099892588613
4.38900000000001 1.7900460241512877
0.10499999999998977 1.8520852240572105
3.4720000000000084 1.9141244239631334
0.1279999999999859 1.9783231471248546
3.3149999999999977 2.042521870286576
1.358000000000004 3.527835051546392
