1.036 1.403868725868726
0.8799999999999999 1.4143636363636365
0.121 1.4117510877032289
0.794 1.409138539042821
0.1030000000000002 1.4110783604305013
0.8799999999999999 1.4130181818181817
0.121 1.408730358363441
0.931 1.4044425349087004
1.827 1.3949162561576354
2.971 1.5127324133288456
0.1120000000000001 1.5981895843187193
5.039 1.6836467553085932
3.689000000000002 1.8494616427216046
0.11599999999999966 1.7517787851617073
4.419999999999998 1.65409592760181
4.916 1.5294043938161108
3.713000000000001 1.9766830056558042
0.09599999999999653 2.2329698301364793
3.0429999999999993 2.489256654617155
4.8629999999999995 1.7050446226609093
3.567999999999998 1.8422219730941707
0.3200000000000003 1.8041047694260905
4.182000000000002 1.7659875657580106
0.14099999999999824 1.8499345180628013
3.9990000000000023 1.933881470367592
0.09700000000000131 1.8866852834704004
3.8519999999999968 1.8394890965732087
3.7580000000000027 2.102624800425758
3.014000000000003 2.4519044459190447
4.171999999999997 1.7096912751677853
0.14499999999999602 1.6578981806692226
4.75800000000001 1.60610508617066
0.125 1.6546258881480087
4.546999999999997 1.7031466901253574
3.7960000000000065 1.8423076923076926
0.28699999999999193 1.7601877167448297
4.281000000000006 1.6780677411819667
0.125 1.7814890071319456
3.844999999999999 1.8849102730819245
4.431999999999988 1.9433194945848373
3.328000000000003 1.8225889423076926
4.573999999999998 1.7014394403148225
0.11899999999999977 1.8038928581305491
4.094999999999999 1.906346275946276
0.12099999999999511 1.9714523568597602
3.4310000000000116 2.036558437773244
4.213999999999999 1.8119658281917417
4.427000000000007 1.5993892026202843
0.25900000000000034 1.6306167521929673
4.983999999999995 1.6618443017656501
0.1490000000000009 1.8046407748448654
4.214999999999989 1.9474372479240807
3.858000000000004 1.957370658372213
0.12600000000000477 1.8120228541932515
3.4989999999999952 1.6666750500142897
0.11600000000001387 1.9417957476230292
3.3870000000000005 2.2169164452317687
0.10799999999997567 2.0150833161554202
4.0090000000000146 1.813250187079072
5.260999999999996 1.4150572134575174
3.3290000000000077 2.062961850405527
4.846000000000004 1.692125464300454
0.23499999999998522 1.7936756698674148
3.741000000000014 1.8952258754343758
3.209000000000003 2.428100966033032
4.288999999999987 1.7887507577523896
0.11700000000001864 1.8846088046387357
3.9669999999999845 1.980466851525082
0.13800000000000523 2.053908201690838
3.1239999999999952 2.127349551856594
4.138000000000005 1.6362880618656355
1.9370000000000118 2.473309241094476
