0.305 4.768550819672131
0.09499999999999997 4.787055332615989
0.25900000000000006 4.805559845559847
0.235 4.761089361702128
0.6499999999999999 4.705907692307693
1.1260000000000001 4.638536412078151
1.5260000000000002 4.199517693315858
4.34 3.977023041474655
5.408999999999999 3.3872020706230352
3.945000000000002 4.168251457541192
5.842000000000002 2.970490927764464
6.041 2.8783605363350437
5.987000000000002 2.809356271922499
0.11399999999999721 2.8555259565067503
3.923000000000002 2.9016956410910018
0.26500000000000057 2.905520101247255
2.8499999999999943 2.909344561403509
2.146000000000001 3.062930102516309
2.402000000000001 3.0746711074104915
0.09599999999999653 3.0748289930690627
2.5150000000000006 3.074986878727634
2.289999999999999 3.094197379912664
0.10900000000000176 3.1155115522032553
2.5189999999999984 3.136825724493847
2.355000000000004 3.138021231422505
2.1629999999999967 3.2976569579288024
2.121000000000002 3.6029457802923153
5.792000000000002 3.068378453038674
0.10599999999999454 3.5332845810425644
4.090000000000003 3.998190709046455
0.10999999999999943 3.5985029244628874
5.468999999999994 3.1988151398793203
6.097000000000008 2.7623172051828773
0.09900000000000375 3.543241635082414
4.431999999999988 4.32416606498195
4.000999999999991 3.943110222444389
0.10500000000000398 3.6392222987221947
5.1200000000000045 3.335334375
3.708999999999989 4.667867349689944
0.28300000000000125 4.944425336364429
3.2379999999999995 5.220983323038913
3.240000000000009 5.303338271604937
3.6450000000000102 4.808941563786008
4.254000000000005 4.300443817583451
7.653999999999996 2.4121107917428795
14.203000000000017 1.2076029007956064
0.09199999999998454 1.586399767153733
1.3070000000000164 1.9651966335118596
0.09099999999997976 1.9677890524507524
1.4680000000000177 1.9703814713896455
1.2479999999999905 2.4251730769230773
0.818000000000012 3.8208312958435213
1.5759999999999934 2.877685279187817
3.8389999999999986 2.1359833289919252
2.9000000000000057 2.444841379310345
0.09799999999998477 2.6842923594487935
2.6650000000000205 2.923743339587242
2.5730000000000075 2.9817147298872912
1.5749999999999886 4.988261587301588
3.1510000000000105 4.979092351634402
3.4809999999999945 4.95262740591784
0.11699999999999022 4.828500741515114
2.437999999999988 4.704374077112387
