0.247 5.888291497975708
0.5489999999999999 5.81224043715847
0.482 5.822605809128629
0.11699999999999999 5.807931692443103
0.528 5.793257575757576
0.565 5.827412389380531
2.683 5.789414834140887
0.11600000000000055 5.8034165508756335
2.9670000000000005 5.817418267610381
0.13299999999999912 5.389263696491353
3.6929999999999996 4.961109125372326
0.10500000000000043 4.732506356715196
3.651 4.503903588058066
3.8739999999999988 4.4795064532782645
0.1280000000000001 4.008282111911711
4.916 3.537057770545159
6.225999999999999 2.701512367491166
5.646000000000001 3.1306595820049594
0.23899999999999721 2.9051655042366913
6.792999999999999 2.679671426468423
0.125 2.646085315777932
2.5159999999999982 2.612499205087441
0.10300000000000153 2.51091353696995
1.9519999999999982 2.409327868852459
0.125 2.255995092664403
3.6780000000000044 2.102662316476346
0.125 1.9602218714244224
3.897999999999996 1.8177814263724987
0.10300000000000153 2.028106577208912
3.530000000000001 2.2384317280453256
3.6060000000000016 2.049373266777593
0.09300000000000352 1.9818567890517058
3.725999999999999 1.9143403113258186
4.11999999999999 1.8548174757281557
0.26400000000001 1.9007883255966065
3.9779999999999944 1.9467591754650573
0.13400000000000034 1.984571027871337
3.4579999999999984 2.022382880277617
3.700000000000003 1.9415697297297296
0.09799999999999898 1.9086057758379495
3.8640000000000043 1.8756418219461692
0.14300000000000068 1.8132825901761747
4.918999999999997 1.75092335840618
3.2920000000000016 1.8425200486026727
0.10899999999999466 1.9223384909851546
3.8870000000000005 2.0021569333676363
0.1110000000000042 2.1453892259919387
3.4110000000000014 2.288621518616241
2.410000000000011 2.899349377593361
0.27899999999999636 2.79634558826758
2.8349999999999937 2.693341798941799
2.6119999999999948 2.7107565084226644
2.938999999999993 2.8181803334467506
2.6580000000000013 3.088204665161776
2.265999999999991 3.332540158870256
0.13300000000000978 3.4112419525649904
1.6709999999999923 3.489943746259725
4.673999999999992 3.6755960633290545
0.1280000000000001 3.4123193376966245
5.4210000000000065 3.149042612064194
5.3770000000000095 3.193037009484843
0.1209999999999809 3.130245364171409
5.498999999999995 3.0674537188579745
0.10500000000001819 3.1388488285693255
5.443999999999988 3.210243938280676
4.611999999999995 3.680707718993929
0.09200000000001296 3.707106330580035
4.7549999999999955 3.7335049421661406
4.388999999999982 3.873228525860105
0.30400000000000205 4.392483079546615
3.6590000000000202 4.911737633233124
3.1709999999999923 4.947688426363923
0.1290000000000191 6.068526448377958
2.397999999999996 7.189364470391993
0.09999999999999432 6.812769777283539
1.7820000000000107 6.436175084175085
