1.296 1.1222283950617284
0.10899999999999999 1.1273744341095722
1.099 1.1325204731574159
0.09699999999999998 1.1307688137734608
0.9910000000000001 1.1290171543895056
0.1080000000000001 1.1302301422538976
1.0989999999999998 1.1314431301182895
0.09700000000000042 1.1273779224474607
1.1639999999999997 1.1233127147766322
0.15299999999999958 1.119806160279249
2.2830000000000013 1.116299605781866
0.10699999999999932 1.1148064721884863
2.5340000000000007 1.1133133385951066
6.322999999999999 1.3417517001423376
2.5280000000000022 2.6988386075949364
4.4239999999999995 1.6526003616636527
4.581999999999997 1.6408886948930599
0.13500000000000156 1.4299298149768405
6.021000000000001 1.218970935060621
5.809000000000005 1.3039779652263725
0.09199999999999875 1.2919729282754278
6.477999999999994 1.279967891324483
0.11600000000000676 1.520617386176711
3.7319999999999993 1.761266881028939
0.24899999999999523 1.5771026973986642
5.302 1.3929385137683896
0.1290000000000049 1.2694977097591207
6.7479999999999905 1.146056905749852
0.14200000000001012 1.2424328973193703
0.8999999999999915 1.338808888888889
0.10099999999999909 1.3542243202208422
0.9660000000000082 1.3696397515527954
0.12399999999999523 1.512461173711501
1.6950000000000074 1.6552825958702067
0.11499999999999488 1.5701427388572937
2.0819999999999936 1.4850028818443806
0.1150000000000091 1.437365037794475
2.3019999999999925 1.3897271937445697
0.09300000000000352 1.4585921964778077
5.070000000000007 1.5274571992110455
0.13799999999999102 1.5626091113715725
4.3770000000000095 1.5977610235320996
0.30399999999998784 1.3001230459552766
7.166000000000011 1.0024850683784536
0.09199999999999875 1.1346527771537434
5.720999999999989 1.266820485929033
0.13300000000000978 1.69645541699562
4.051000000000002 2.126090348062207
0.1529999999999916 1.8590525231124682
3.8100000000000023 1.5920146981627294
0.09100000000000819 1.5827424885880368
4.945999999999998 1.5734702790133441
4.633999999999986 1.6846111350884767
4.872 1.43420197044335
0.13400000000000034 1.4313322777386817
0.882000000000005 1.4284625850340134
0.11899999999999977 1.4300571631637728
0.804000000000002 1.4316517412935326
0.09299999999998931 1.422610735511631
0.9249999999999972 1.4135697297297296
2.233000000000004 1.436947604120018
2.01100000000001 1.4526544007956241
2.8640000000000043 2.0362067039106146
0.12600000000000477 2.0729918037676143
3.5589999999999975 2.1097769036246135
3.873000000000019 1.8769222824683707
0.1379999999999768 1.742762783412232
4.628000000000014 1.6086032843560933
4.068000000000012 1.6882005899705013
0.14699999999999136 1.5357365972794477
5.927999999999997 1.3832726045883939
3.2539999999999907 2.1788690842040563
0.12700000000000955 2.487313264742861
2.7869999999999777 2.7957574452816654
0.3050000000000068 2.5039848356742813
3.4679999999999893 2.2122122260668973
5.727000000000004 1.3718372620918455
4.128999999999991 1.6095519496246065
4.609999999999985 1.4687548806941433
0.10300000000000864 1.240590458098551
4.731999999999999 1.0124260355029586
