2.0540000000000003 0.7080856864654334
0.15299999999999958 0.7104689600712046
1.746 0.7128522336769759
0.15399999999999991 0.7138880976691588
1.5650000000000004 0.7149239616613419
0.14400000000000013 0.7153940476124786
1.737 0.7158641335636153
0.15299999999999958 0.7115112987991143
1.8490000000000002 0.7071584640346132
0.15300000000000047 0.7090725465845128
1.4209999999999994 0.7109866291344124
1.5909999999999993 0.7708108108108107
0.10200000000000031 0.7387570314216656
1.968 0.7067032520325205
0.15499999999999936 0.7038069372963096
9.734000000000002 0.7009106225600987
0.1269999999999989 0.7507128389270438
9.133000000000003 0.8005150552939888
0.09499999999999886 0.7754956228850897
1.5120000000000005 0.7504761904761905
0.3499999999999943 0.7864244020188721
1.5190000000000055 0.8223726135615537
0.1039999999999992 0.8534036382800891
1.4540000000000006 0.8844346629986246
0.13599999999999568 0.8934118107966774
1.5940000000000012 0.9023889585947302
0.09900000000000375 1.096592277286834
2.0889999999999986 1.2907955959789377
0.10499999999999687 1.2795345945262655
2.3100000000000023 1.268273593073593
0.2740000000000009 1.2568092603049124
6.210000000000001 1.2453449275362316
0.10299999999999443 1.2440081354622583
5.702000000000005 1.2426713433882848
0.10899999999999466 1.2497485872341456
6.286999999999999 1.2568258310800065
0.10099999999999909 1.245071794044676
5.992000000000004 1.2333177570093459
0.10899999999999466 1.2321949503030851
5.794000000000011 1.2310721435968244
0.10599999999999454 1.2236729490863318
6.283000000000001 1.2162737545758395
0.11599999999999966 1.2267293301181086
1.0600000000000023 1.2371849056603776
0.15200000000000102 1.2351837182277252
0.8930000000000007 1.2331825307950728
0.10699999999999932 1.2161797701872072
2.4009999999999962 1.199177009579342
0.09000000000000341 1.1973059388707414
2.540999999999997 1.195434868162141
2.831000000000003 1.203196043800777
1.8250000000000028 1.217385205479452
6.48599999999999 1.1998741905642925
0.1110000000000042 1.1944000864487623
6.5660000000000025 1.1889259823332319
0.132000000000005 1.206536572105649
5.707999999999998 1.224147161878066
0.09199999999999875 1.2083272120494502
6.402999999999992 1.1925072622208341
0.09600000000000364 1.1744421008148103
6.123000000000005 1.1563769394087864
1.2180000000000035 1.0735238095238095
1.3279999999999887 1.0802891566265063
1.1829999999999927 1.0814133558748944
0.11299999999999955 1.1976151178351455
1.9550000000000125 1.3138168797953964
0.14099999999999113 1.3339964548789716
2.1359999999999957 1.3541760299625467
5.944999999999993 1.2227619848612281
6.175999999999988 1.205410621761658
0.10900000000000887 1.19473979363945
5.799999999999983 1.1840689655172416
0.09700000000000841 1.1949786004056797
6.800000000000011 1.2058882352941176
0.10199999999997544 1.2462066834245946
5.511000000000024 1.2865251315550719
1.1650000000000205 1.1832583690987124
0.13399999999998613 1.184441961834183
1.1270000000000095 1.185625554569654
1.0730000000000075 1.193394221808015
0.13299999999998136 1.2117514536815273
2.15300000000002 1.2301086855550396
0.13899999999998158 1.306158853228565
1.818000000000012 1.3822090209020905
3.77800000000002 1.268078348332451
