0.489 2.9742494887525566
0.11299999999999999 2.9830862828378164
0.41600000000000004 2.9919230769230767
0.3740000000000001 2.9915935828877
0.125 2.9903352529823115
0.4159999999999997 2.989076923076923
1.12 2.939721428571428
2.19 2.926239269406393
0.1070000000000002 2.9691736887572504
2.4049999999999994 3.012108108108108
0.09299999999999997 3.205552451489951
2.4960000000000004 3.398996794871795
0.10699999999999932 3.2842855986695136
5.188000000000001 3.1695744024672323
0.10899999999999821 3.167856714096233
5.481000000000002 3.1661390257252333
0.12600000000000122 2.713493124876659
7.690999999999999 2.260847224028085
0.11299999999999955 2.09334987808594
3.811 1.9258525321437947
12.75 0.594102588235294
0.12400000000000233 0.5881091654248101
2.4709999999999965 0.5821157426143262
1.064 1.053015037593985
0.1180000000000021 1.2086924756403958
0.8109999999999999 1.3643699136868066
2.1469999999999985 1.344503027480205
2.219000000000001 1.3446164939161784
1.1870000000000047 2.733587194608256
0.09799999999999898 2.9358818325982456
1.4959999999999951 3.1381764705882347
0.09900000000000375 2.2416162383112774
5.302999999999997 1.3450560060343204
0.12100000000000222 1.2628144235331498
6.472999999999999 1.1805728410319791
0.1290000000000049 1.1495965461840525
6.923000000000002 1.1186202513361259
6.983999999999995 1.0013459335624284
0.13100000000000023 0.9040310802006415
8.905000000000001 0.8067162268388547
0.10099999999999909 0.8698369012982152
1.3200000000000074 0.9329575757575757
1.3340000000000032 1.0908605697151423
2.0559999999999974 1.0806070038910507
0.14499999999999602 1.0777477972475387
2.980000000000004 1.0748885906040269
0.12099999999999511 0.9512991131785311
3.870999999999995 0.8277096357530354
0.1530000000000058 0.8016415567127828
3.6950000000000074 0.7755734776725303
0.10599999999999454 0.774197935747462
4.1440000000000055 0.7728223938223938
0.1519999999999868 1.4159711253548464
0.5590000000000117 2.059119856887299
0.10099999999999909 2.151563721453674
3.6910000000000025 2.244007586020049
0.09999999999999432 2.3359121041605717
3.3810000000000002 2.4278166223010946
0.12600000000000477 2.429545143088731
3.1059999999999945 2.431273663876368
2.7789999999999964 2.098487225620727
0.12300000000000466 2.012390867812929
3.8980000000000103 1.9262945100051305
0.10299999999998022 2.2492972903882693
2.826000000000022 2.572300070771408
2.6650000000000205 2.7934769230769234
0.13399999999998613 3.0991678120590365
2.016999999999996 3.40485870104115
0.26900000000000546 3.43458820138665
2.3670000000000186 3.4643177017321505
2.163000000000011 3.2778733240869165
3.813999999999993 2.0429407446250654
3.914999999999992 1.9596301404853131
0.09499999999999886 1.980134907268376
3.927000000000021 2.0006396740514387
2.843999999999994 2.336793248945148
7.510999999999996 2.2953130075888697
5.513999999999982 2.080026115342764
