3.599 0.40411447624340086
0.22299999999999986 0.4052969507278402
3.062 0.40647942521227964
0.23800000000000043 0.4056376865569358
2.7639999999999993 0.4047959479015919
0.23800000000000132 0.50420768268866
2.0599999999999987 0.6036194174757281
0.1330000000000009 0.9849528644327438
0.956999999999999 1.3662863113897594
0.14000000000000057 1.2109968652037617
0.9570000000000007 1.0557074190177638
0.16699999999999982 0.9655268001584179
1.400999999999998 0.875346181299072
1.4960000000000022 0.9296737967914438
0.10299999999999798 0.96100150744922
1.2149999999999999 0.992329218106996
0.09700000000000131 0.9975432951047941
7.291 1.0027573721025922
0.10300000000000153 1.1886320681353912
5.469999999999999 1.37450676416819
0.11100000000000065 1.1796338999963454
7.452999999999996 0.9847610358245005
9.029000000000003 0.8389420755343893
1.7319999999999993 0.8304896073903003
0.09199999999999875 0.7473159358824649
1.6870000000000047 0.6641422643746295
0.10999999999999943 0.7586339695041999
1.296999999999997 0.8531256746337702
0.09499999999999886 0.9351336618411981
2.838000000000001 1.0171416490486258
0.14300000000000068 1.0113857891350309
2.9669999999999987 1.0056299292214357
0.13000000000000256 0.9766420674144562
3.4239999999999995 0.9476542056074768
7.117999999999995 1.0382186007305423
0.0940000000000083 0.9679409137556563
7.945999999999998 0.8976632267807703
0.32200000000000273 1.0124458991046708
1.1199999999999903 1.1272285714285715
0.09300000000000352 1.2881535122336227
0.9050000000000011 1.449078453038674
0.09499999999999886 1.2592204084789016
2.5720000000000027 1.0693623639191292
0.32399999999999807 0.9551286118661068
3.4240000000000066 0.8408948598130843
0.09999999999999432 0.8393111916274467
3.6260000000000048 0.8377275234418091
8.661000000000001 0.9944338990878653
0.3089999999999975 1.0072721126788133
5.945999999999998 1.0201103262697613
3.183000000000007 1.0063361608545398
0.12299999999999045 0.9954191126320593
1.2110000000000127 0.9845020644095787
0.27199999999999136 0.8577089544334602
1.722999999999999 0.7309158444573418
0.11700000000000443 0.7641617196970253
1.5799999999999983 0.7974075949367088
0.09000000000000341 0.9283622292621245
2.792999999999992 1.0593168635875403
0.3050000000000068 0.9082343144164203
4.361999999999995 0.7571517652453004
0.18999999999999773 0.8423300069164354
8.850000000000009 0.9275082485875706
0.10800000000000409 1.093994151000512
5.9909999999999854 1.2604800534134535
0.2740000000000009 1.1039765011177747
6.155000000000001 0.947472948822096
0.921999999999997 1.0760173535791755
1.079999999999984 1.068548148148148
0.29700000000002547 1.0633428571428571
1.1339999999999861 1.0581375661375663
0.09100000000000819 0.9738914415818183
3.1069999999999993 0.8896453170260703
0.10099999999999909 0.862990140840387
3.6779999999999973 0.8363349646547037
0.3019999999999925 0.8006840590428492
3.890999999999991 0.7650331534309947
0.13400000000001455 0.7979450262783039
9.377999999999986 0.8308568991256132
0.132000000000005 0.7742662418920863
10.689999999999998 0.7176755846585594
0.09700000000000841 0.7882516085599973
1.4910000000000139 0.8588276324614352
0.11199999999999477 0.8625067296165443
1.2699999999999818 0.8661858267716535
0.12700000000000955 0.8633236127500411
1.100999999999999 0.8604613987284288
0.2680000000000007 0.8507175907499822
1.068000000000012 0.8409737827715356
