0.61 2.3842754098360657
0.09499999999999997 2.400526054432596
0.515 2.416776699029126
0.46599999999999997 2.400978540772532
3.818 1.9555285489785226
4.019 1.9840736501617318
3.2490000000000006 1.9724419821483532
3.5219999999999985 2.0568199886428165
4.6690000000000005 1.8170691796958662
0.12899999999999778 1.8305162114695546
3.700000000000003 1.8439632432432431
0.09600000000000009 1.9374127327327328
3.599999999999998 2.0308622222222223
0.10099999999999909 1.8605920823341329
4.448 1.6903219424460432
0.2430000000000021 1.8583338039121435
3.622 2.026345665378244
4.008000000000003 1.8899221556886228
0.09300000000000352 2.082359157405354
3.644999999999996 2.274796159122085
3.346999999999994 1.9638625634896922
3.780000000000001 1.9537989417989416
0.12100000000000222 1.9995908223937846
3.780999999999999 2.045382702988628
0.11999999999999744 2.0687072948069796
3.3870000000000005 2.092031886625332
0.11299999999999955 2.133800084281829
3.632000000000005 2.175568281938326
3.298000000000009 2.240764099454215
0.2919999999999874 2.1736649794376808
3.38600000000001 2.106565859421146
0.12599999999999056 2.0282571578299913
3.919000000000011 1.9499484562388363
4.037999999999997 1.9178325903912825
3.687000000000012 1.8967724437211826
0.11399999999999011 1.9422722207537846
3.6140000000000043 1.9877719977863864
3.7750000000000057 1.919862251655629
0.12999999999999545 1.8940734251770552
4.609999999999999 1.8682845986984815
3.4199999999999875 1.7735602339181287
4.685000000000002 1.6611278548559232
0.30100000000000193 1.9214649894737974
3.5779999999999887 2.1818021240916714
0.14800000000001035 1.874069858279864
4.4609999999999985 1.5663375924680565
0.11899999999999977 1.9077084133179754
3.394999999999996 2.249079234167894
0.11700000000000443 2.057411290338229
3.7950000000000017 1.8657433465085642
0.09299999999998931 2.0816417148631583
3.605000000000004 2.297540083217753
0.09199999999999875 2.3530611214210833
3.4080000000000013 2.4085821596244132
0.09399999999999409 2.443060108683598
3.048000000000016 2.4775380577427826
2.4310000000000116 2.3988877005347593
4.326999999999998 1.7353122255604345
0.2560000000000002 1.8834917751614357
3.578000000000003 2.031671324762437
0.12600000000000477 1.9263806721659547
4.087999999999994 1.8210900195694721
0.1220000000000141 1.8022095125113005
3.850999999999999 1.783329005453129
4.323999999999984 1.8964014801110085
2.8669999999999902 2.472982211370771
3.1559999999999775 2.468877059569075
3.125 2.4550246399999995
3.6670000000000016 2.1424903190619036
3.1859999999999786 2.0859510357815445
0.30400000000000205 2.068567762665083
3.301000000000016 2.051184489548621
0.10699999999999932 2.0625619417440078
2.3100000000000023 2.073939393939394
