0.9249999999999999 1.5723329729729731
0.7849999999999999 1.5855286624203826
0.1080000000000001 1.5829168735830725
0.7079999999999997 1.5803050847457625
0.0990000000000002 1.5821627334556836
0.7850000000000001 1.584020382165605
0.11499999999999977 1.5863820015323773
0.8230000000000004 1.5887436208991494
2.8519999999999994 1.4595091164095375
0.16800000000000015 1.3377888036303185
5.957 1.2160684908510995
0.11700000000000088 1.1446500582022734
7.904999999999999 1.0732316255534473
0.09700000000000131 0.9122304351066071
9.081999999999997 0.7512292446597667
0.19400000000000261 0.6291089275690633
2.1950000000000003 0.50698861047836
0.19500000000000028 0.5196106279408685
2.131999999999998 0.5322326454033772
0.2950000000000017 0.927060238045604
0.9450000000000003 1.3218878306878308
0.972999999999999 1.3216526207605346
0.13700000000000045 1.3325062485325674
2.5870000000000033 1.3433598763046
0.10499999999999687 1.3842782468203763
1.892000000000003 1.4251966173361528
0.10499999999999687 1.480342543468915
1.9080000000000013 1.5354884696016773
0.1559999999999988 1.153690536826989
10.018999999999998 0.7718926040523006
0.10999999999999943 1.2119794099767216
4.2890000000000015 1.6520662159011426
0.10900000000000176 1.7001109840567659
4.520000000000003 1.7481557522123894
3.940000000000005 1.8756446700507612
3.6629999999999967 1.9472650832650835
0.13500000000000512 1.8947810469363024
4.147999999999996 1.8422970106075214
4.3430000000000035 1.7831471333179831
4.114000000000004 1.6999027710257657
2.396000000000001 1.9607212020033389
0.10899999999999466 1.9342274080561574
3.7990000000000066 1.907733614108976
0.09300000000000352 1.8933074702307533
4.584000000000003 1.8788813263525306
0.11399999999999011 1.878675101082738
3.228999999999999 1.8784688758129453
4.129000000000005 1.8848108500847667
4.117999999999995 1.8956988829528894
3.6750000000000114 1.9013420408163264
0.12399999999999523 1.8627140208859463
4.185999999999993 1.8240860009555662
0.11800000000000921 1.8156285032853379
3.917999999999992 1.8071710056151096
0.26900000000000546 1.8139649268567966
4.548999999999992 1.8207588480984833
4.347000000000008 1.8883018173452961
0.6849999999999739 1.453495033858133
7.413000000000011 1.0186882503709698
0.6080000000000041 1.7317105263157897
0.09299999999998931 1.7211035390199636
0.5800000000000125 1.7104965517241377
0.1209999999999809 1.7386738450389516
1.7129999999999939 1.7668511383537653
0.09300000000001774 1.7645744255698332
2.6670000000000016 1.7622977127859014
0.12699999999998113 1.738741263985358
4.004000000000019 1.715184815184815
0.09499999999999886 1.6996585402685218
4.869 1.6841322653522284
0.31799999999998363 1.7869008874735557
3.7520000000000095 1.8896695095948828
3.9979999999999905 1.948918459229615
0.09600000000000364 1.9490466279887912
3.936000000000007 1.9491747967479676
4.319999999999993 1.818637037037037
3.5560000000000116 1.8689088863892014
3.436000000000007 1.970593713620489
2.4799999999999898 1.931774193548387
