1.125 1.292807111111111
0.9629999999999999 1.2924610591900314
0.13100000000000023 1.2967282040136203
0.8599999999999999 1.3009953488372092
0.14100000000000001 1.2974570916922779
0.9610000000000003 1.2939188345473465
0.15199999999999925 1.2835580251623044
2.5860000000000003 1.2731972157772624
0.10299999999999976 1.3923850847569585
1.686 1.5115729537366547
0.11100000000000065 1.5244883842252754
1.834999999999999 1.5374038147138964
7.832999999999998 1.0830966424103152
13.567 0.5028867104002359
0.1980000000000004 0.5271717992040823
2.0180000000000007 0.5514568880079287
0.11500000000000199 0.756949818049766
1.178999999999995 0.9624427480916032
0.2950000000000017 0.958738193617667
1.3079999999999998 0.9550336391437307
0.11599999999999966 0.9552166709834553
1.3460000000000036 0.9553997028231798
0.15399999999999636 0.9524219636228111
1.5150000000000006 0.9494442244224423
0.09000000000000341 0.8362764163141978
3.728999999999999 0.7231086082059534
0.1419999999999959 0.5723552826610425
6.949000000000005 0.4216019571161318
0.14299999999999358 0.426847647733828
2.6570000000000036 0.43209333835152425
0.1700000000000017 0.4311355659983255
2.800999999999995 0.4301777936451267
0.17200000000000415 0.4293168760971747
3.088000000000001 0.42845595854922275
0.2289999999999992 0.6958724237190557
1.1700000000000017 0.9632888888888886
0.13399999999999324 1.1993775899465575
4.969000000000008 1.4354662910042264
0.12899999999999068 1.4177925079059244
5.457999999999998 1.4001187248076221
0.13100000000000023 1.6257356712730435
4.183000000000007 1.8513526177384647
0.12699999999999534 1.6823739933531103
4.621000000000009 1.513395368967756
0.09099999999999397 1.2685836756481932
7.016999999999996 1.0237719823286304
0.09100000000000819 1.0749282534390199
6.435999999999993 1.1260845245494095
0.14400000000000546 1.4203777191729725
5.022999999999996 1.7146709137965357
1.2279999999999944 1.8092247557003256
0.2600000000000051 1.63003967091504
5.36399999999999 1.4508545861297542
2.3859999999999957 3.271788767812238
0.11599999999999966 2.926040617288689
2.7079999999999984 2.5802924667651403
1.490000000000009 5.124579865771812
0.10599999999999454 5.630095825433567
1.1539999999999964 6.135611785095321
1.7970000000000113 4.609144129104062
0.10099999999999909 4.738868624457131
1.6859999999999928 4.8685931198102015
0.11299999999999955 5.687631916506011
2.6359999999999957 6.506670713201821
2.358000000000004 6.513251908396946
2.8859999999999957 5.952784476784477
0.12000000000000455 5.953539081782542
2.8669999999999902 5.954293686780606
0.132000000000005 5.240389659103459
3.7930000000000064 4.526485631426312
0.10599999999999454 4.409289635051578
3.930000000000007 4.292093638676843
3.9469999999999743 4.427810488978971
3.75 4.526779733333334
0.23699999999999477 4.186771881834598
4.614999999999981 3.8467640303358612
0.10099999999999909 3.554821554515339
5.210000000000008 3.262879078694817
0.09100000000000819 3.1358801889372296
5.972999999999985 3.0088812991796416
0.13500000000001933 2.692830287523467
6.600999999999999 2.376779275867293
0.09999999999999432 1.7487151709549673
15.383999999999986 1.1206510660426419
0.11299999999999955 2.040287725837956
1.0580000000000211 2.95992438563327
