0.9099999999999999 1.5982505494505497
0.09099999999999997 1.6052392643625806
0.772 1.6122279792746115
0.12200000000000011 1.601886393620236
0.7029999999999998 1.5915448079658607
0.0990000000000002 1.593882801929015
0.7789999999999999 1.5962207958921695
0.12299999999999978 1.598316028301042
0.8170000000000002 1.6004112607099146
0.09199999999999964 1.5911776973940635
1.6110000000000007 1.5819441340782125
0.09199999999999964 1.6192501370139518
4.373 1.6565561399496913
0.11800000000000033 1.5295424111882694
6.0489999999999995 1.4025286824268475
5.346999999999998 1.2759798017579953
0.13600000000000279 1.6588086665869004
3.5809999999999995 2.0416375314158053
0.12199999999999989 1.7756934645030835
4.98 1.5097493975903618
0.1269999999999989 1.5734586827345072
4.482999999999997 1.6371679678786526
0.11200000000000188 1.7179912506218247
4.2109999999999985 1.7988145333649965
4.509999999999998 1.8384993348115302
0.277000000000001 1.7580766199325644
3.9179999999999993 1.6776539050535988
0.09500000000000597 1.654348153940227
4.527999999999999 1.6310424028268549
4.567 1.6933636960805785
0.13800000000000523 1.6954734148826467
4.1739999999999995 1.697583133684715
0.12199999999999989 1.650177368059396
4.929999999999993 1.602771602434077
4.800999999999988 1.5392709852114141
0.09799999999999898 1.5361121743164312
4.653000000000006 1.5329533634214483
2.1469999999999914 1.4900568234746159
0.8700000000000045 1.5073747126436778
0.12999999999999545 1.5131577011494253
0.7249999999999943 1.5189406896551725
0.7820000000000107 1.501319693094629
0.12099999999999511 1.5627934189363777
4.462000000000003 1.6242671447781265
0.12999999999999545 1.6556979210668303
5.105000000000004 1.6871286973555342
0.09799999999999898 1.6815825857598339
3.6189999999999998 1.6760364741641336
4.359999999999999 1.7849504587155967
0.1389999999999958 1.7465767610864638
4.570000000000007 1.7082030634573306
0.12399999999999523 1.708728733294223
4.087999999999994 1.7092544031311154
0.11700000000000443 2.6115586327666622
2.173000000000002 3.513862862402209
0.11400000000000432 2.683212959196918
3.8220000000000027 1.8525630559916275
0.27899999999999636 1.6980511888232457
5.366 1.5435393216548638
5.323999999999998 1.5417821187077385
4.1980000000000075 1.7988413530252498
0.09899999999998954 1.9041925579736863
2.9020000000000152 2.0095437629221227
0.09899999999998954 2.0099520688773933
3.7350000000000136 2.010360374832664
3.9809999999999945 1.8260035167043454
0.11899999999999977 1.700625118487594
4.725999999999999 1.5752467202708424
4.35299999999998 1.577670572019297
0.1419999999999959 1.5631544550370327
5.295000000000016 1.5486383380547684
0.2920000000000016 1.5384967935154203
4.638999999999982 1.5283552489760723
5.182000000000016 1.5036233114627555
0.11699999999999022 1.593957868684177
4.555000000000007 1.6842924259055985
0.14099999999999113 1.6672367401529673
4.760999999999996 1.6501810544003361
0.15000000000000568 1.4976102600477699
4.9410000000000025 1.3450394656952034
4.411000000000001 1.5350170029471775
1.8930000000000007 2.530797675647121
