1.419 1.0249527836504582
1.203 1.0346134663341646
0.0950000000000002 1.0475702402760871
1.0549999999999997 1.0605270142180097
0.14900000000000002 1.0653134210504849
1.162 1.0700998278829603
0.1379999999999999 1.0648457000030684
1.234 1.0595915721231768
0.9550000000000001 1.05791832460733
0.1379999999999999 1.1611034922005723
0.9699999999999998 1.2642886597938146
0.1330000000000009 1.3188770480448755
6.177 1.3734654362959364
0.10899999999999999 1.3255589353764325
5.34 1.2776524344569287
7.981999999999999 0.9159488849912303
0.10200000000000031 1.3477439099512365
4.225000000000001 1.7795389349112427
3.982999999999997 1.842687421541552
0.12100000000000222 1.6927090875528532
4.909999999999997 1.5427307535641546
4.346000000000004 1.907876668200644
4.707000000000001 1.3964410452517526
0.2710000000000008 1.363568270373624
5.549999999999997 1.3306954954954955
6.983999999999995 1.1073298969072165
0.11800000000000921 1.0757308063392235
1.1539999999999964 1.0441317157712307
0.14000000000000057 1.0429603460745915
1.269999999999996 1.0417889763779526
0.1290000000000049 1.0451028602819996
1.0750000000000028 1.0484167441860466
0.14000000000000057 1.0454113390518904
2.965999999999994 1.0424059339177343
0.1290000000000049 1.2437680199089427
5.287999999999997 1.4451301059001513
4.474999999999994 1.7305492737430166
0.12099999999999511 1.850538091365732
3.5490000000000066 1.9705269089884476
0.23699999999999477 2.125912549445002
3.149000000000001 2.2812981899015563
3.558000000000007 2.036953344575604
0.13799999999999102 1.9566893084533794
4.590000000000003 1.8764252723311547
0.11800000000000921 1.7139451202420106
2.5120000000000005 1.5514649681528665
0.11699999999999022 1.4617412946491206
3.632000000000005 1.3720176211453745
0.13800000000000523 1.7711475372893957
3.596999999999994 2.1702774534334166
0.10500000000000398 2.0155557706581195
3.7549999999999955 1.860834087882823
0.14000000000000057 2.0731323986256376
3.340999999999994 2.2854307093684523
2.9129999999999967 2.430654308273258
0.27299999999999613 2.3999141106583686
3.4960000000000093 2.3691739130434786
0.12399999999999523 2.130914832934006
4.337000000000003 1.892655752824533
4.153999999999996 1.8178950409244103
3.3160000000000025 1.7586537997587455
4.619 1.6256107382550335
5.676000000000016 1.2807117688513037
0.13299999999998136 1.3031600154797829
5.616000000000014 1.325608262108262
3.451999999999998 1.9894553881807646
3.6319999999999766 2.2577202643171805
0.2550000000000239 2.373600300697916
2.8479999999999848 2.489480337078652
3.1059999999999945 2.508620734063104
0.09699999999997999 2.523660466303557
3.02200000000002 2.5387001985440105
5.204000000000008 1.5097063797079167
0.11299999999999955 1.470845432905025
4.6410000000000196 1.4319844861021331
2.660000000000025 2.5454736842105263
2.2630000000000052 2.117012814847548
