4.416 0.3706503623188405
0.2190000000000003 0.36649175739382067
3.685999999999999 0.36233315246880077
0.11300000000000132 0.5390703529515691
1.5109999999999992 0.740473858371939
1.7279999999999998 0.7195925925925926
0.1869999999999994 0.7135668590668591
1.8480000000000008 0.7075411255411257
0.13700000000000045 0.7050612442726489
1.4379999999999988 0.7025813630041723
0.17400000000000126 0.7004820254656396
1.7560000000000002 0.6983826879271071
0.14099999999999824 0.7348796412458609
1.8030000000000008 0.7713765945646146
0.1039999999999992 0.7347560448213925
1.7270000000000003 0.6981354950781703
0.20200000000000173 0.6236524211436263
5.285 0.5491693472090824
0.22199999999999775 0.5759026518515022
4.689 0.602635956493922
0.17800000000000082 0.499466574359272
18.52 0.39629719222462206
0.19599999999999795 0.4876506222266739
2.2210000000000036 0.5790040522287258
0.17300000000000182 0.5247666646488738
3.056999999999995 0.4705292770690219
0.19000000000000483 0.4604270179557328
2.4879999999999995 0.4503247588424437
0.1599999999999966 0.48949682758175694
2.0930000000000035 0.5286688963210702
0.11399999999999721 0.5934835307293425
1.7439999999999998 0.6582981651376147
0.29400000000000404 0.6748052456828018
4.315999999999995 0.6913123262279889
0.13599999999999568 0.669938516055171
2.0400000000000063 0.648564705882353
0.15200000000000102 0.6451542651095206
4.372 0.641743824336688
0.2879999999999967 0.6495243353053946
1.918999999999997 0.6573048462741011
0.12300000000000466 0.6207616318367266
2.1610000000000014 0.5842184173993521
0.15000000000000568 0.5741341549362351
2.3249999999999886 0.5640498924731182
0.1700000000000017 0.6227526690088363
1.6159999999999997 0.6814554455445543
0.17300000000000182 0.6960120268196612
4.052000000000007 0.7105686080947681
0.1280000000000001 0.7874021194540142
8.385999999999996 0.8642356308132602
0.15099999999999625 0.7435210983627368
13.829000000000008 0.6228065659122135
0.1909999999999883 0.5631699873728677
1.7660000000000053 0.503533408833522
0.8100000000000023 1.5170864197530867
0.2710000000000008 1.5179266493669892
0.7849999999999966 1.5187668789808917
0.13400000000000034 1.5144002260611893
0.8340000000000032 1.510033573141487
1.9649999999999892 1.629809669211196
0.132000000000005 1.441386519263181
5.650999999999996 1.2529633693151656
6.893000000000001 0.7777501813433919
9.770999999999987 0.8400826936853956
0.17500000000001137 0.7895710984313749
1.7309999999999945 0.7390595031773541
0.14300000000000068 0.9325671847437573
0.9350000000000023 1.1260748663101605
0.8810000000000002 1.1260930760499432
0.11999999999997613 1.0518411116683823
3.0960000000000036 0.9775891472868216
0.2880000000000109 0.7944909742693889
5.111999999999995 0.6113928012519562
0.10900000000000887 0.8111379036148765
1.1709999999999923 1.0108830059777967
0.13400000000001455 0.9489305456647923
3.4679999999999893 0.8869780853517878
0.3100000000000023 0.6111815686929232
21.139999999999986 0.3646149479659413
0.14000000000001478 0.41723923130305396
2.7620000000000005 0.49909341057204926
0.12000000000000455 0.5345723025556492
2.343999999999994 0.5700511945392494
0.1349999999999909 0.6479825133693979
1.76400000000001 0.7259138321995465
0.13399999999998613 0.6418757801971364
1.9720000000000084 0.5578377281947262
0.15799999999998704 0.5426627393757595
1.7960000000000207 0.5274877505567929
0.38399999999998613 0.4984025963418849
4.3629999999999995 0.46931744212697685
