0.42 3.462876190476191
0.36 3.457333333333333
0.32199999999999995 3.4747080745341608
0.8960000000000001 3.4138839285714284
0.09899999999999975 3.412687228818699
1.5310000000000001 3.41149052906597
1.8820000000000001 3.405134962805526
0.11699999999999999 3.4070663049321745
2.125000000000001 3.4089976470588232
2.4939999999999998 3.4017225340817965
0.10599999999999987 3.5263221906643443
4.504000000000001 3.650921847246892
0.09299999999999997 3.7249364052346543
4.568 3.798950963222417
4.964000000000002 3.502855761482676
4.937999999999999 3.406159578776833
5.130000000000003 3.445556335282651
5.175000000000004 3.517489468599034
0.12899999999999778 3.3971426101165108
4.896000000000001 3.276795751633987
0.10199999999999676 3.440392852794808
4.778000000000006 3.60398995395563
0.31099999999999994 3.425024571165304
5.643000000000001 3.246059188374978
2.9299999999999997 2.418331740614334
3.2659999999999982 2.4193704837721985
1.6089999999999947 2.917782473586078
2.4069999999999965 2.9633701703365185
0.09000000000000341 2.9632376249123458
2.5790000000000077 2.963105079488173
0.11899999999999977 3.1606956446877117
2.3059999999999974 3.3582862098872504
0.09399999999999409 3.6110215579822995
1.8100000000000023 3.8637569060773482
1.8590000000000089 3.864339967724583
0.2330000000000041 3.8152030786744557
4.471999999999994 3.766066189624329
4.954999999999998 3.867750554994954
4.140000000000001 3.8107207729468606
4.650000000000006 3.6724541935483868
4.76700000000001 3.6318691000629326
4.411999999999992 3.831718948322756
4.484999999999999 3.831174136008919
0.11599999999999966 3.626695228879118
5.122 3.422216321749317
7.932000000000002 2.3063651033787185
0.2600000000000051 2.9141798809529993
5.24199999999999 3.52199465852728
4.935999999999993 3.4747941653160455
4.590000000000003 3.3460235294117653
0.11299999999999955 3.6692627523888945
4.302999999999997 3.992501975366024
0.09499999999999886 3.9507918624253975
4.36699999999999 3.9090817494847716
4.781999999999982 3.590330405687996
0.1220000000000141 3.4401747600899504
5.1270000000000095 3.290019114491905
2.9690000000000225 2.7618861569552036
2.6210000000000093 2.705089660434949
2.8829999999999814 2.7026625043357613
0.11400000000000432 2.703932098430222
2.8360000000000127 2.7052016925246827
2.8130000000000166 2.792929968005688
2.377999999999986 2.794718250630782
0.12700000000000955 2.7928578887119286
2.4259999999999877 2.790997526793075
1.7110000000000127 2.8
