0.766 1.8987049608355087
0.133 1.9082430813422535
0.649 1.9177812018489984
0.5830000000000002 1.9191355060034305
0.11499999999999977 1.919024543125172
0.6480000000000001 1.9189135802469135
1.746 1.8857319587628862
2.2139999999999995 1.880090334236676
1.9040000000000008 3.8046848739495793
1.8610000000000007 4.558783449758194
5.404000000000002 3.042885270170245
0.0990000000000002 3.4376979354384796
4.527999999999999 3.832510600706714
8.216999999999999 2.116122185712547
0.0940000000000012 1.8486065474017281
4.6419999999999995 1.581090909090909
4.743000000000002 1.5970499683744466
4.960000000000001 1.6717
0.32500000000000284 1.6453386699507389
4.060000000000002 1.6189773399014777
4.981000000000002 1.4827062838787393
0.12400000000000233 1.5001435658012223
5.0959999999999965 1.5175808477237052
0.09700000000000131 1.5985287504795345
4.219000000000001 1.6794766532353638
4.794999999999995 1.647896558915537
0.10999999999999943 1.624602667323424
4.615000000000009 1.601308775731311
4.274000000000001 1.6688890968647636
0.125 1.6116870219881183
4.915999999999997 1.5544849471114728
0.8719999999999999 1.5039174311926606
0.1280000000000001 1.5103829580205725
0.7259999999999991 1.5168484848484847
0.7779999999999916 1.509038560411311
0.12100000000000932 1.5958798560124818
4.307000000000002 1.6827211516136524
0.09099999999999397 1.654348304709979
5.296999999999997 1.6259754578063055
0.10699999999999932 1.5922241112258662
3.891999999999996 1.5584727646454266
0.10700000000001353 1.4864686614939238
5.501999999999995 1.414464558342421
0.1110000000000042 1.4488708883294852
5.262999999999991 1.4832772183165495
0.12000000000000455 1.5707121734677194
4.213999999999999 1.6581471286188894
0.09199999999999875 1.6547249483924897
4.623999999999995 1.6513027681660901
4.453000000000003 1.5900507523018188
1.9269999999999925 1.713905552672548
1.8730000000000047 1.7131361452215694
0.12699999999999534 1.700142570673483
2.8389999999999844 1.6871489961253965
3.383999999999986 1.7233144208037823
0.1150000000000091 1.7223513873849265
4.361999999999995 1.7213883539660706
0.13599999999999568 1.719140091012322
4.234000000000009 1.7168918280585734
4.414000000000016 1.6865917535115538
4.086000000000013 1.6807635829662257
0.12299999999999045 1.6004893183648332
5.3940000000000055 1.520215053763441
0.10200000000000387 1.5981737207351483
4.22999999999999 1.6761323877068557
4.7660000000000196 1.6348669744020141
0.3170000000000073 1.6411345823266243
4.656999999999982 1.6474021902512348
4.718999999999994 1.6648679805043438
4.319999999999993 1.5383888888888888
1.6949999999999932 1.4825109144542774
0.10499999999998977 1.6045067219826192
1.186000000000007 1.7265025295109613
