0.378 3.847640211640211
0.122 3.8564909132735217
0.32199999999999995 3.865341614906832
0.737 3.808
1.2999999999999998 3.8011138461538456
0.10000000000000009 3.8910691547294434
2.0029999999999997 3.9810244633050416
0.09000000000000075 4.549802966476802
1.2519999999999998 5.1185814696485625
4.107 4.202649135622108
0.09999999999999964 3.799320489961193
5.395 3.3959918443002777
0.09700000000000131 4.017283933433637
3.544999999999998 4.638576022566996
3.686 4.707978296256104
0.11100000000000065 3.8811431969599504
5.692999999999998 3.054308097663797
0.12100000000000222 3.1500425088859316
5.181999999999999 3.2457769201080664
0.10999999999999943 3.422858317487842
4.910000000000004 3.599939714867617
4.361000000000004 4.174044485209813
0.232999999999997 3.7970192581666202
4.6910000000000025 3.419994031123428
0.12099999999999511 3.269767305416787
5.520000000000003 3.1195405797101454
2.472999999999999 3.1272106752931665
0.12299999999999756 3.1168083187952025
2.281000000000006 3.106405962297238
0.12399999999999523 3.097099815849674
2.5590000000000046 3.08779366940211
2.394999999999996 3.0856116910229643
0.1039999999999992 3.084706407552122
2.3130000000000024 3.0838011240812797
2.100999999999999 3.6372432175154685
0.09600000000000364 3.8565710824419446
1.9000000000000057 4.075898947368421
0.09799999999999898 4.0768416019640945
1.7149999999999892 4.0777842565597675
4.202000000000012 4.163331746787244
0.09399999999999409 4.241985011413119
3.897999999999996 4.320638276038994
0.10099999999999909 4.351071767191879
4.374000000000009 4.381505258344764
0.1280000000000001 4.381308585851082
3.600999999999999 4.381111913357401
0.09799999999999898 4.368733507699109
3.9200000000000017 4.356355102040817
3.9740000000000038 4.356597886260694
0.12999999999999545 4.014261584311928
4.603999999999999 3.6719252823631616
0.0969999999999942 3.6662583378155817
4.694000000000003 3.660591393268002
0.2960000000000065 4.194551429032167
3.7069999999999936 4.728511464796331
0.09900000000000375 4.825123098553667
3.7169999999999987 4.921734732311003
4.204999999999998 4.39055790725327
0.09200000000001296 4.261734857241093
4.1499999999999915 4.132911807228916
3.820999999999998 4.019431562418214
4.346999999999994 3.952090177133655
4.545000000000016 3.755986798679868
4.519999999999982 3.7984424778761054
3.9139999999999873 4.309639243740419
0.2779999999999916 4.307636571857891
4.059000000000026 4.305633899975364
4.123000000000019 4.117250545719136
4.3279999999999745 4.101852125693161
4.7309999999999945 3.5932361023039525
5.126999999999981 3.505373122683831
3.1240000000000236 5.02212548015365
2.5219999999999914 6.835882632831086
1.8719999999999857 6.12674358974359
