0.358 4.06259217877095
0.307 4.054201954397394
0.09300000000000008 4.068809006395777
0.274 4.08341605839416
0.764 4.003717277486911
4.473000000000001 3.9938403755868546
0.12199999999999989 4.021555224289777
3.8359999999999994 4.049270072992701
4.288 4.025251865671642
0.11500000000000021 4.015399872494763
4.574 4.005547879317884
0.12099999999999866 4.0263712815245585
4.063000000000002 4.047194683731233
4.370000000000001 3.9710773455377577
0.1280000000000001 3.9864795243223883
4.344999999999999 4.001881703107019
4.171999999999997 4.031547459252157
0.31700000000000017 4.056848094522152
4.329999999999998 4.082148729792148
4.635000000000005 3.927294066882416
4.192999999999998 3.8261845933699026
0.10600000000000165 3.9650303329099277
4.195999999999998 4.103876072449953
0.10200000000000387 4.044271297047252
4.596999999999994 3.984666521644551
0.10900000000000176 4.1011761179651325
1.6799999999999997 4.2176857142857145
0.11400000000000432 4.1112919194844695
1.972999999999999 4.0048981246832245
0.1280000000000001 4.0030013092284555
1.8469999999999942 4.001104493773687
1.781000000000006 4.004959011791128
0.11899999999999977 4.024132415948474
1.8900000000000006 4.04330582010582
0.10999999999999943 4.051057522212238
1.9080000000000013 4.058809224318657
0.09499999999999886 4.089444924580594
3.968999999999994 4.1200806248425295
4.391000000000005 3.9841311774083352
0.10799999999998988 4.0071227794196504
4.179000000000002 4.030114381430965
0.12199999999999989 4.047369385837435
4.715000000000003 4.064624390243903
3.835000000000008 4.113789830508474
4.192999999999998 4.072719294061531
0.10500000000000398 4.0660337384727345
4.265000000000001 4.059348182883939
4.070999999999998 4.152676000982559
0.22100000000000364 4.109807349603706
4.224999999999994 4.0669386982248525
4.390999999999991 3.9919362332042816
0.1110000000000042 4.029096367324524
4.499000000000009 4.066256501444766
0.09999999999999432 4.085862962752625
4.497 4.105469424060485
0.1039999999999992 4.057361172993309
4.278000000000006 4.009252921926133
0.12099999999999511 4.052939077660852
3.7489999999999952 4.096625233395572
4.2949999999999875 3.999938533178114
0.10500000000001819 3.9989107185796895
4.269999999999982 3.9978829039812656
4.260999999999996 4.029326449190331
0.23199999999999932 4.018456049494191
4.209000000000003 4.0075856497980515
0.09900000000001796 4.021872270626508
4.329999999999984 4.036158891454965
4.305000000000007 3.943187921022067
0.09499999999999886 3.9177478741264684
4.561000000000007 3.89230782723087
4.177999999999997 4.068836764001914
0.12000000000000455 4.0794852914228965
4.3940000000000055 4.090133818843878
0.10900000000000887 4.050835255113578
3.9110000000000014 4.011536691383278
4.26400000000001 4.043174484052533
2.8649999999999807 4.003233507853403
