0.426 3.4141032863849765
0.362 3.4382320441988954
0.833 3.3691428571428568
0.9090000000000003 3.365060506050605
0.09599999999999964 3.1429683482633983
2.7300000000000004 2.920876190476191
1.4880000000000004 4.306763440860215
0.11099999999999977 4.0254294427728405
4.61 3.744095444685466
0.0909999999999993 3.707121440291451
4.991999999999999 3.670147435897436
0.11200000000000188 3.4641357349885435
5.047000000000001 3.2581240340796507
4.684000000000001 3.704869342442357
0.11599999999999966 3.576767872331849
5.042000000000002 3.448666402221341
3.9549999999999983 4.252747408343867
4.475999999999999 3.948995531724754
0.1280000000000001 4.076947292311903
4.329000000000001 4.204899052899052
0.257000000000005 4.23188833717424
3.766999999999996 4.258877621449428
3.711999999999996 4.638971982758622
3.9239999999999995 4.668071355759429
2.338000000000001 4.649447390932422
1.703000000000003 4.639849677040515
0.09599999999999653 4.629312338520258
1.6000000000000014 4.618774999999999
0.09900000000000375 4.587827042027366
3.581000000000003 4.556879084054733
0.12099999999999511 4.0490061476812205
4.917000000000002 3.541133211307708
4.265999999999991 4.165974683544304
0.3200000000000074 4.389418935566228
3.5450000000000017 4.612863187588152
4.040000000000006 4.330277227722772
3.6980000000000075 4.554312601406165
0.09900000000000375 4.587827147098067
4.146999999999991 4.621341692789969
3.4080000000000013 4.629220657276996
3.716000000000008 4.5955091496232505
4.141000000000005 4.1809031634870815
3.6440000000000055 4.639282107574094
3.700000000000003 4.644004324324324
0.2879999999999967 4.544750323460666
3.942999999999998 4.445496322597008
4.259 4.295395163183845
4.26700000000001 4.326762596672135
0.1319999999999908 4.383938522572215
3.862000000000009 4.441114448472295
3.339999999999989 4.5982778443113785
4.139999999999986 4.1496946859903385
3.7249999999999943 4.5828080536912745
3.8739999999999952 4.431843056272586
0.12299999999999045 4.337673477821829
3.9749999999999943 4.2435038993710705
0.3170000000000073 4.4432939263061515
3.76400000000001 4.6430839532412325
3.907999999999987 4.343762538382803
0.09300000000001774 4.339502270412403
4.094999999999999 4.335242002442003
0.103999999999985 4.315662446760552
3.957000000000022 4.2960828910791005
4.569999999999993 3.9326144420131293
0.1349999999999909 3.874959289133085
4.110000000000014 3.817304136253041
3.850999999999999 4.476784211893015
2.502999999999986 4.58220695165801
