0.818 1.7780048899755503
0.693 1.796017316017316
0.1100000000000001 1.7988588995545518
0.621 1.8017004830917873
0.6900000000000004 1.8021101449275365
0.10899999999999999 1.7917471705564112
0.734 1.7813841961852859
2.4609999999999994 1.6913937423811456
0.14000000000000057 1.544936253429955
5.18 1.3984787644787646
0.11899999999999977 1.3952111623870445
6.094999999999999 1.391943560295324
0.10400000000000276 1.2328512261659181
6.353999999999999 1.0737588920365124
0.16699999999999804 1.1419029481698617
6.042000000000002 1.2100470043032108
0.11899999999999977 1.6475293257788932
3.6060000000000016 2.085011647254576
0.09299999999999642 3.059939578437623
1.8190000000000026 4.03486750962067
1.4009999999999962 5.406715203426124
0.09500000000000597 4.282114646648324
2.6259999999999977 3.1575140898705247
0.27599999999999625 2.7946371781206123
2.703000000000003 2.4317602663706994
0.10799999999999699 2.4492401866255635
2.9939999999999998 2.4667201068804276
0.10900000000000176 2.468758136507306
3.1300000000000026 2.4707961661341846
2.8060000000000045 2.5252002851033497
0.09700000000000131 2.537473327450029
3.0989999999999966 2.549746369796709
0.09499999999999886 3.819652799223423
1.4520000000000053 5.089559228650137
6.190999999999995 2.63579130996608
0.12300000000000466 2.4094046820642836
7.975999999999999 2.1830180541624875
0.10699999999999932 2.413040984806458
1.9869999999999948 2.643063915450428
0.3059999999999974 2.295271863044067
3.591000000000008 1.9474798106377054
0.11700000000000443 2.0109631221828437
3.462999999999994 2.0744464337279815
0.1389999999999958 2.2602201794019594
2.963000000000008 2.4459939250759373
0.13100000000000023 2.626646245458438
3.067999999999998 2.807298565840939
0.1349999999999909 2.3452164980710437
3.2210000000000036 1.8831344303011488
3.043999999999997 2.5566307490144546
3.484000000000009 2.240668197474168
0.11599999999999966 2.2266406218529804
3.1580000000000013 2.2126130462317923
3.9450000000000074 1.935519391634981
0.23699999999999477 1.9781044446759382
3.504000000000005 2.020689497716895
0.10499999999998977 1.5774929274396583
7.302000000000007 1.1342963571624214
0.0969999999999942 1.8127396808573868
3.2950000000000017 2.491183004552352
0.1110000000000042 1.8742575029421769
6.006 1.2573320013320013
0.09399999999999409 1.7475639285247881
2.6060000000000088 2.237795855717575
0.103999999999985 1.8164728070858407
5.382000000000005 1.3951497584541062
0.09700000000000841 2.259525889111024
2.326999999999998 3.1239020197679417
3.623000000000019 2.0548208666850685
3.568000000000012 1.9247757847533637
0.3059999999999832 2.0869133997820577
3.646000000000015 2.2490510148107514
2.921999999999997 2.4264339493497604
3.451999999999998 2.257177288528389
4.097000000000008 1.872577983890652
0.10200000000000387 1.7507729231085025
4.8230000000000075 1.6289678623263528
3.4110000000000014 1.948355321020229
2.8530000000000086 2.373277252015422
2.5790000000000077 1.8576192322605665
