1.0630000000000002 1.3682107243650048
0.1419999999999999 1.3725124418285202
0.9040000000000001 1.3768141592920355
0.09699999999999998 1.375665064904003
0.8140000000000001 1.3745159705159704
0.9929999999999994 1.2522215508559917
0.10900000000000087 1.2428730395789396
1.0599999999999996 1.2335245283018872
0.14900000000000002 1.246524842767296
5.088 1.2595251572327044
0.09699999999999953 1.2655463244474914
5.697000000000001 1.2715674916622783
0.10299999999999798 1.3841867098396077
5.668000000000003 1.4968059280169372
0.13100000000000023 1.4994668125333477
4.541999999999998 1.502127697049758
4.881 1.4978701085843065
0.120000000000001 1.4774769147572695
5.159999999999997 1.4570837209302325
0.13800000000000523 1.4537813861568158
5.059999999999995 1.4504790513833992
0.14300000000000068 1.4626064981687636
0.8719999999999999 1.4747339449541284
0.1290000000000049 1.487319005845156
0.9589999999999961 1.4999040667361836
0.1460000000000008 1.4964835948298858
1.8059999999999974 1.493063122923588
0.09800000000000608 1.4811634571488552
1.9939999999999998 1.4692637913741224
0.09799999999999898 1.4559332450123987
2.0009999999999977 1.4426026986506748
0.10199999999999676 1.2433075376265013
6.787000000000006 1.044012376602328
0.1699999999999946 0.7980564957354848
14.312000000000005 0.5521006148686416
0.14000000000000057 0.8755439244555974
0.9399999999999977 1.1989872340425531
0.23399999999999466 1.1990031227246987
1.0520000000000067 1.1990190114068442
0.9200000000000017 1.3722782608695652
0.9480000000000075 1.3833502109704638
2.6700000000000017 1.030112359550562
0.15099999999999625 0.9826144779240306
3.0790000000000077 0.9351165962974992
0.12199999999999989 0.9681515743517819
3.033999999999992 1.0011865524060646
8.079999999999998 1.0659396039603959
0.1560000000000059 0.8826110286345673
8.673999999999992 0.6992824533087387
0.11800000000000921 0.7184407464622924
1.6659999999999968 0.7375990396158462
0.29999999999999716 0.7927796051564295
1.406000000000006 0.8479601706970128
0.09899999999998954 0.9734425635334976
1.1460000000000008 1.0989249563699823
0.2330000000000041 1.0963504563270676
2.9279999999999973 1.093775956284153
0.09600000000000364 1.1637633919772394
5.739000000000004 1.233750827670326
5.915000000000006 1.4002759087066778
0.2740000000000009 1.3853172531847244
5.990000000000009 1.3703585976627712
0.11499999999998067 1.4490409213278452
4.943000000000012 1.5277232449929192
2.524000000000001 1.5461553090332807
4.920999999999992 1.525847591952855
5.274000000000001 1.3783314372392872
0.13299999999998136 1.3780992740518108
5.40300000000002 1.3778671108643343
0.2769999999999868 1.4307821866721029
1.8629999999999995 1.4836972624798712
0.8549999999999898 1.514451461988304
0.7610000000000241 1.5265177398160314
0.1419999999999959 1.5118173669191175
2.3419999999999845 1.4971169940222036
5.322000000000003 1.441554302893649
5.7660000000000196 1.3625584460631288
0.13700000000000045 1.3682587557998092
4.836999999999989 1.3739590655364895
4.739000000000004 1.4287740029542098
3.151999999999987 1.5199238578680205
