0.477 3.0490733752620547
0.123 3.0573445694044263
0.406 3.065615763546798
0.09800000000000009 3.0612996850520875
0.3659999999999999 3.056983606557377
1.016 3.0106692913385826
1.093 3.0123403476669712
0.10699999999999976 3.007684700543889
2.1340000000000003 3.003029053420806
2.4079999999999995 3.008355481727575
1.763 4.812192853091322
4.300000000000001 3.824128372093023
0.10099999999999909 3.47376397006379
5.556000000000001 3.1233995680345568
5.867000000000001 2.963725242883927
0.12899999999999778 2.562536998208862
7.782 2.1613487535337965
0.125 2.294975114182737
3.1189999999999998 2.428601474831677
0.2640000000000029 2.939567487311802
2.4029999999999987 3.4505334997919266
0.1039999999999992 3.4531973492650487
1.902000000000001 3.455861198738171
0.10199999999999676 3.5623468934575104
2.0130000000000052 3.6688325881768504
1.7920000000000016 4.315620535714285
0.10899999999999466 4.378308381064691
3.710000000000001 4.440996226415096
3.7560000000000002 4.729980830670927
5.182000000000002 3.329570050173679
0.125 3.1333041035605618
5.55599999999999 2.937038156947444
3.378 5.154455891059799
0.125 5.155876813782946
3.445999999999998 5.157297736506093
4.225999999999999 3.8695220066256506
4.998000000000005 3.500264105642257
0.28999999999999204 3.5799721223561134
4.602000000000004 3.659680139069969
0.10899999999999466 3.2056264299082793
6.965000000000003 2.75157272074659
6.658000000000001 2.369537999399219
4.680999999999997 3.6481333048493907
0.12000000000000455 2.9029001519261906
8.024000000000001 2.157666999002991
3.3640000000000043 2.077120095124852
0.14400000000000546 1.8145380963429139
4.9199999999999875 1.5519560975609756
3.003 1.5567072927072927
0.09199999999999875 1.5576589790577522
2.1189999999999998 1.5586106654082115
2.0560000000000116 1.5606536964980546
2.519999999999982 1.9007206349206351
1.141999999999996 2.2491348511383538
2.0519999999999925 2.244019493177388
2.1680000000000064 2.235734317343174
3.3659999999999854 2.211710041592394
3.765999999999991 1.823579394583112
0.13700000000000045 1.822298247147208
4.503000000000014 1.8210170997113042
0.09600000000000364 1.8647535027493265
3.714999999999975 1.9084899057873486
3.0970000000000084 2.5159108814982236
0.10299999999998022 2.5160649848619356
3.0490000000000066 2.5162190882256477
2.9039999999999964 2.7054104683195592
0.09299999999998931 2.9855897550443005
2.0349999999999966 3.2657690417690417
0.25900000000001455 3.263655233793962
2.0759999999999934 3.2615414258188826
3.812000000000012 3.008726128016789
