0.568 2.5605774647887323
0.136 2.582213418586835
0.4780000000000001 2.603849372384937
0.11699999999999999 2.587966065502813
0.43499999999999983 2.5720827586206894
0.4770000000000001 2.606825995807128
0.14100000000000001 2.5706746158037364
4.648 2.534523235800344
0.14199999999999946 2.535762013782991
2.526 2.5370007917656374
2.814 2.5743141435678747
3.4559999999999995 2.454831018518519
2.9289999999999985 2.329349265961079
3.25 2.2495704615384615
3.3550000000000004 2.2409991058122203
3.1400000000000006 2.337396178343949
2.6670000000000016 2.8401979752530933
0.3200000000000003 2.888684180683578
2.8230000000000004 2.937170386114063
2.157999999999994 3.045898053753475
3.088000000000001 2.3916321243523315
0.11699999999999733 2.3584125745032853
3.3260000000000005 2.3251930246542396
2.764000000000003 2.5635716353111433
0.1389999999999958 2.64320277148052
2.902000000000001 2.7228339076498966
0.09100000000000108 2.8591956323819
2.4669999999999987 2.995557357113903
0.1390000000000029 3.0012045123509443
5.427 3.006851667587986
5.7819999999999965 3.011371843652715
0.11899999999999977 3.0123024019891247
5.897999999999996 3.013232960325534
0.10300000000000864 3.013490789045922
5.426000000000002 3.01374861776631
5.778000000000006 3.0277466251298026
0.12000000000000455 3.034444637953128
5.537999999999997 3.041142650776453
6.281000000000006 3.051218595765005
0.11899999999999977 3.068984762566517
5.11099999999999 3.0867509293680295
2.521000000000001 3.087022610075367
2.536999999999992 3.077054789121009
2.2700000000000102 3.078163876651982
0.12999999999999545 3.07914325337238
2.478999999999999 3.0801226300927786
0.11899999999999977 3.0562274820699438
2.3349999999999937 3.032332334047109
2.7349999999999994 3.028384643510055
2.783999999999992 2.948436781609195
0.11599999999999966 2.8654372559482972
2.7139999999999986 2.782437730287399
0.27300000000001035 2.7810415534182464
2.097999999999999 2.779645376549094
0.11399999999999011 2.781868665286041
2.6970000000000027 2.7840919540229883
0.10699999999999932 2.7810581820562463
6.14500000000001 2.778024410089504
6.217000000000013 2.7616149268135755
6.664999999999992 2.530821905476369
0.132000000000005 2.6058441480135333
6.5190000000000055 2.680866390550698
6.626000000000005 2.561941442801087
3.5360000000000014 2.203556561085973
3.4710000000000036 2.2103002016709885
0.3130000000000166 2.290859729570779
3.312999999999988 2.37141925747057
0.09899999999998954 2.3724667715924275
2.8000000000000114 2.3735142857142852
0.09800000000001319 2.3717343917195857
2.8569999999999993 2.3699544977248856
2.016999999999996 2.3752107089737233
