0.442 3.2905158371040724
0.376 3.310212765957447
0.125 3.279236012608353
0.8639999999999999 3.248259259259259
0.3740000000000001 3.324748663101604
0.125 3.2939342919075907
1.009 3.263119920713578
1.9779999999999998 3.239870576339737
0.12400000000000055 3.3030486710694973
2.1519999999999992 3.366226765799257
5.5 3.3311592727272727
0.0990000000000002 3.369595387658973
4.824999999999999 3.4080315025906733
4.888000000000002 3.5502471358428807
0.10899999999999821 3.5494272413908283
4.899999999999999 3.548607346938776
0.10100000000000264 3.6218010372655214
4.551999999999996 3.6949947275922668
4.671999999999997 3.7833270547945204
0.12400000000000233 3.766715855374187
4.853999999999999 3.7501046559538533
4.425999999999995 3.6247609579755986
0.26900000000000546 3.601271399411651
4.812999999999995 3.577781840847704
0.09500000000000597 3.6354143075206267
4.959999999999994 3.693046774193549
4.567999999999998 3.606851138353765
5.087999999999994 3.491707547169811
0.11200000000000898 3.5970661984346046
1.9959999999999951 3.7024248496993986
0.09900000000000375 3.703896061213336
1.9249999999999972 3.705367272727273
2.0 3.8209240000000007
0.09799999999999898 3.8407232163509475
2.0060000000000002 3.8605224327018943
0.09600000000000364 3.857879738952932
1.8140000000000072 3.8552370452039693
1.8700000000000045 3.8416085561497333
4.394999999999996 3.832047326507394
0.10800000000000409 3.8256195181759773
5.018000000000001 3.81919170984456
4.215000000000003 3.742914353499407
4.793999999999997 3.5621426783479353
0.1039999999999992 3.5932044771266574
4.777000000000001 3.62426627590538
0.12399999999999523 3.5838313144356073
4.771000000000001 3.543396352965835
0.12999999999999545 3.521475773224262
4.910000000000011 3.4995551934826885
4.885999999999996 3.587513712648384
0.3059999999999974 3.6253635843978804
4.994 3.6632134561473766
0.1150000000000091 3.7097650190197715
4.914999999999992 3.7563165818921664
4.679000000000002 3.665651634964736
0.12000000000000455 3.644794670715025
4.2379999999999995 3.6239377064653135
4.771999999999991 3.60011232187762
0.12899999999999068 3.5949499880993043
2.0250000000000057 3.5897876543209883
2.0589999999999975 3.6156464303059743
1.853999999999985 3.704207119741101
2.2109999999999843 3.708747173224785
0.09200000000001296 3.676069372840553
1.945999999999998 3.643391572456321
2.1650000000000205 3.598972748267898
4.722000000000008 3.6000847098686997
4.895999999999987 3.6707614379084967
0.10699999999999932 3.6660831693626497
4.284999999999997 3.661404900816802
0.11199999999999477 3.6412565356846036
4.761000000000024 3.6211081705524046
3.188999999999993 3.5965079962370647
