0.16999999999999998 8.55534117647059
0.377 8.463978779840849
0.8330000000000001 8.429973589435775
1.4440000000000002 8.42260941828255
2.121 8.422653465346535
1.8440000000000003 8.423535791757049
2.0489999999999995 8.423757930697901
2.305999999999999 7.94508933217693
0.09500000000000064 7.338028088110569
2.4429999999999996 6.730966844044207
3.241999999999999 5.352747686613202
3.465 5.018232611832612
3.9250000000000007 4.285252484076434
0.26699999999999946 4.332381445209673
4.036000000000001 4.379510406342914
4.090000000000003 4.450613202933985
0.1109999999999971 4.757376045911437
3.1679999999999993 5.064138888888889
3.402000000000001 5.061688418577308
0.09899999999999665 4.985616656353784
3.7310000000000016 4.90954489413026
3.358000000000004 4.906520547945205
3.6200000000000045 4.9076817679558005
3.5530000000000044 4.85613059386434
3.578000000000003 4.560699832308552
0.31400000000000006 5.0914174008168525
3.0970000000000013 5.6221349693251526
0.10799999999999699 5.13360381503372
3.8260000000000076 4.645072660742288
5.248999999999995 3.115374357020385
6.7239999999999895 2.601772754312909
7.012999999999991 2.4015183231142165
3.0090000000000003 6.36912728481223
4.028000000000006 3.9166792452830186
4.158000000000001 4.107001443001443
2.885000000000005 6.001081455805894
0.30700000000000216 6.003301651526392
2.8149999999999977 6.00552184724689
0.09099999999999397 6.002554219712831
2.8640000000000043 5.999586592178771
2.5039999999999907 7.000236421725239
0.09600000000000364 7.686408371045686
2.1850000000000023 8.372580320366133
0.11499999999999488 7.86257371255264
2.51100000000001 7.352567104739148
3.144999999999996 5.453603815580286
3.2960000000000065 4.6596626213592245
0.10699999999999932 4.555762380905059
3.8589999999999947 4.451862140450894
3.852000000000004 4.43171339563863
0.23799999999999955 3.72774116418071
5.6780000000000115 3.02376893272279
5.0449999999999875 3.343494152626363
4.2809999999999775 4.082356458771315
0.11899999999999977 4.219749071274775
3.896000000000015 4.357141683778234
0.10599999999999454 4.55448304745657
3.73599999999999 4.751824411134904
3.551000000000016 4.787271191213743
4.494 3.9991206052514467
0.10499999999998977 3.9810101637017525
3.959000000000003 3.9628997221520583
4.5589999999999975 3.7815520947576227
0.22999999999998977 3.7394646353865486
3.102000000000004 3.697377176015474
