0.538 2.703360594795539
0.4570000000000001 2.723501094091904
0.4119999999999999 2.715669902912621
0.09200000000000008 2.693572942722686
1.145 2.671475982532751
0.4849999999999999 2.6959505154639167
0.11799999999999988 2.6892973629951165
0.9500000000000002 2.6826442105263157
2.6060000000000008 2.779785111281658
2.5409999999999995 3.33880204643841
5.071999999999999 3.2420646687697166
0.12400000000000055 3.1276834890992182
5.759 3.0133023094287203
6.5440000000000005 2.657117359413203
5.588000000000001 3.009952755905512
0.11500000000000199 3.170501443915817
2.273999999999994 3.331050131926121
0.12300000000000466 3.3298430105636228
2.4909999999999997 3.3286358892011245
0.29699999999999704 3.334299651917636
1.9680000000000035 3.339963414634147
2.243000000000002 3.292625947391886
2.355000000000004 3.283903184713376
2.155999999999999 3.286508348794064
5.335000000000001 3.3300483598875354
5.192999999999998 3.322517234739072
0.10600000000000165 3.275322316677152
5.055 3.228127398615232
5.260999999999996 3.3095898118228475
5.316999999999993 3.342495392138424
4.9210000000000065 3.323023775655355
5.513999999999996 3.1727094668117517
0.09000000000000341 3.110779787714348
5.524000000000001 3.0488501086169446
0.26500000000000057 3.155463692606345
5.875 3.2620772765957446
0.12999999999999545 3.261841201870335
4.837000000000003 3.261605127144925
5.286999999999992 3.229981463968224
0.11499999999999488 3.2348560014451895
5.344000000000008 3.2397305389221556
2.1499999999999915 3.249968372093024
2.320999999999998 3.289799224472211
2.0789999999999935 3.4057219817219813
0.12199999999999989 3.4001216465986954
2.4399999999999977 3.3945213114754096
1.6199999999999903 3.408656790123457
2.2700000000000102 3.3266678414096917
1.7819999999999965 3.272556677890011
0.12300000000000466 3.2743010265540806
2.2919999999999874 3.27604537521815
0.29599999999999227 3.2811782029797802
2.2120000000000175 3.2863110307414103
0.10099999999999909 3.3013513817025575
5.1769999999999925 3.3163917326637047
0.12100000000000932 3.3145124413514906
5.0919999999999845 3.3126331500392765
0.10900000000000887 3.3000870791580885
5.3160000000000025 3.2875410082769
5.1159999999999854 3.3181047693510552
5.320000000000022 3.336995488721805
5.140999999999991 3.306671853724956
5.514999999999986 3.258757570262919
4.908999999999992 3.195991036871053
0.2820000000000107 3.2550597245101134
5.201999999999998 3.314128412149173
0.10800000000000409 3.320240540181315
3.447999999999979 3.326352668213457
