1.0939999999999999 1.3294405850091406
0.1080000000000001 1.3353237407804324
0.9279999999999999 1.341206896551724
0.8359999999999999 1.3383444976076555
0.9260000000000002 1.3428250539956805
0.9820000000000002 1.3315030549898168
0.12700000000000067 1.3259877969249603
1.9299999999999997 1.3204725388601035
5.233999999999999 0.8586794038975928
0.12600000000000122 0.776840971712047
12.207 0.6950025395265014
0.13400000000000034 0.8400176096325317
1.2239999999999966 0.985032679738562
1.1970000000000027 0.9296908939014202
0.14999999999999858 0.75461051334499
1.9579999999999984 0.5795301327885597
0.2970000000000006 0.5774629014933126
2.1709999999999994 0.5753956701980654
0.1700000000000017 0.639824888768255
1.8260000000000005 0.7042541073384447
0.3339999999999961 0.6084533554836493
6.7790000000000035 0.512652603628854
0.2010000000000005 0.5022650103149743
5.481999999999999 0.4918774170010945
0.34499999999999886 0.5399184871805887
12.561 0.5879595573600828
0.18900000000000006 0.5474173062738603
2.2650000000000006 0.506875055187638
0.11899999999999977 0.5040465126187774
2.4040000000000035 0.5012179700499169
0.21399999999999864 0.5313967609162997
2.3559999999999945 0.5615755517826825
0.13400000000000034 0.5685937003040072
1.9579999999999984 0.575611848825332
0.2950000000000017 0.5755267273323741
2.1920000000000073 0.5754416058394161
0.14699999999999136 0.5538455921271279
2.372 0.5322495784148398
0.13800000000000523 0.5299911875977619
2.4849999999999994 0.5277327967806841
0.11499999999999488 0.5296077111316548
2.0720000000000027 0.5314826254826255
0.1150000000000091 0.7067751219073533
1.3309999999999889 0.8820676183320811
0.1360000000000099 1.0257909497179205
6.1969999999999885 1.16951428110376
15.366 0.560509696733047
0.1880000000000024 0.5712365237591936
1.5280000000000058 0.5819633507853403
0.1910000000000025 0.5790360588900917
2.1329999999999956 0.576108766994843
0.31799999999999784 0.5812742556076036
2.0330000000000013 0.586439744220364
0.1039999999999992 0.5867788464691563
2.144999999999996 0.5871179487179488
0.14500000000001023 0.5871060386646594
2.1459999999999866 0.58709412861137
0.17300000000000182 0.5428033406325594
5.935000000000002 0.4985125526537489
0.17199999999999704 0.5213518439656947
6.069000000000003 0.5441911352776405
0.10999999999999943 0.5972596655535981
2.206000000000003 0.6503281958295557
0.18500000000000227 0.5692144603718553
2.6210000000000093 0.4881007249141549
0.20300000000000296 0.48553660098918755
2.1799999999999784 0.4829724770642202
0.12600000000000477 0.4818176338809473
2.063999999999993 0.48066279069767437
0.30400000000000205 0.49587435371907634
2.2580000000000098 0.5110859167404783
0.16100000000000136 0.522173226242616
5.86099999999999 0.5332605357447535
0.18999999999999773 0.4636128286800867
17.432000000000016 0.39396512161541986
0.09499999999999886 0.6545288505603601
1.414999999999992 0.9150925795053004
1.0689999999999884 1.0866978484565013
0.12399999999999523 1.076822608438777
1.2920000000000016 1.0669473684210526
0.11200000000002319 1.0757626452494873
1.2319999999999993 1.0845779220779221
1.1690000000000111 1.0953909324208726
0.13399999999998613 0.8917359962182305
3.849000000000018 0.6880810600155884
0.2109999999999843 0.617533782075709
4.593999999999994 0.5469865041358294
0.1950000000000216 0.5928369825732172
3.205999999999989 0.638687461010605
