0.197 7.382781725888325
0.10799999999999998 7.350702789549667
0.436 7.318623853211009
0.384 7.308583333333332
0.11699999999999999 7.304458731105807
0.41900000000000004 7.300334128878282
2.4559999999999995 7.273798045602606
2.136 7.272003745318353
2.375000000000001 7.267486315789473
2.519 7.273273521238586
3.4669999999999987 4.742933948658782
4.3629999999999995 3.9774485445794174
6.344999999999999 2.7404532702915683
7.785 2.160515863840719
0.30100000000000193 3.125110315076306
4.321999999999996 4.089704766311893
0.09100000000000108 4.089215366084968
4.451999999999998 4.088725965858042
3.740000000000002 4.289623529411765
4.077000000000005 4.223660534706893
0.12199999999999989 4.161227447930757
4.469000000000001 4.098794361154621
3.9579999999999984 4.162732693279434
4.402000000000001 4.035849159472967
0.10299999999999443 3.9701572115536363
4.418999999999997 3.904465263634306
3.9909999999999997 4.088745677774994
0.2989999999999924 4.116213866969362
4.201999999999998 4.1436820561637315
0.10800000000000409 4.070496898527209
4.445999999999998 3.9973117408906877
3.9769999999999897 4.111792808649736
0.12199999999999989 4.115020698110179
4.248000000000005 4.118248587570622
3.9810000000000088 4.230557146445617
0.12099999999999511 4.1128503889409656
4.796999999999997 3.9951436314363145
0.10699999999999932 3.9399978191655833
4.061000000000007 3.8848520068948527
4.170999999999992 4.094200911052505
4.239999999999995 4.083283018867925
0.25199999999999534 4.175102387778233
3.9620000000000033 4.266921756688541
4.171999999999997 4.118604026845637
0.12700000000000955 4.091366933432093
4.312999999999988 4.064129840018549
0.09199999999999875 4.076149816356757
2.0260000000000105 4.088169792694965
2.0109999999999957 4.081774241670811
1.865000000000009 4.049080965147453
3.819999999999993 4.0204837696335085
4.39700000000002 3.907149420059131
0.103999999999985 3.9853480973183064
4.200999999999993 4.063546774577482
0.28600000000000136 4.0948543774353405
4.161000000000001 4.126161980293199
2.622000000000014 4.08695652173913
0.26400000000001 4.0782276405221705
2.0149999999999864 4.069498759305211
0.09700000000000841 4.047821497767313
1.7609999999999957 4.026144236229415
4.353999999999985 4.077357831878732
4.1159999999999854 4.130126336248784
4.482999999999976 4.008933303591345
0.11600000000001387 4.0046094360894005
3.921999999999997 4.000285568587456
4.277000000000015 4.030885199906477
0.3149999999999977 4.046119653777601
2.823999999999984 4.061354107648725
