0.489 2.9742494887525566
0.122 2.9866910094365196
0.4149999999999999 2.999132530120482
0.3740000000000001 2.9915935828877
0.129 2.934927092137759
2.5939999999999994 2.8782606013878183
0.10400000000000009 2.972590300693909
2.6000000000000005 3.06692
0.09499999999999975 3.3802795965417864
1.7350000000000003 3.693639193083573
1.854000000000001 3.907292340884574
2.292 3.7015253054101223
0.1039999999999992 3.474433285736951
2.101000000000001 3.247341266063779
0.10099999999999909 3.4830561874571186
1.966000000000001 3.718771108850458
4.596 3.7833281114012176
0.10099999999999909 3.800814566483809
4.405000000000001 3.818301021566401
0.09299999999999997 3.8726812817229916
4.501000000000001 3.9270615418795822
0.10099999999999909 4.076229006780088
4.307999999999996 4.225396471680594
0.09000000000000341 4.3329019446695245
3.6129999999999995 4.440407417658456
3.9509999999999934 4.3583558592761324
4.429000000000002 4.13581214721156
3.636000000000003 4.531379537953795
0.2539999999999978 4.495894137543305
3.983000000000004 4.4604087371328145
0.12599999999999767 4.427584908556218
3.926000000000002 4.394761079979623
3.7379999999999995 4.3654852862493305
4.084000000000003 4.2634064642507346
0.11699999999999022 4.2616226952126155
4.172000000000011 4.259838926174497
0.1280000000000001 4.254737550405336
3.847999999999999 4.249636174636175
4.106000000000009 4.260672187043351
0.09199999999999875 4.298442169731768
3.8840000000000003 4.3362121524201855
0.11699999999999022 4.335568641240629
4.4210000000000065 4.334925130061072
0.269999999999996 4.33454827931625
3.6400000000000006 4.334171428571429
4.131 4.133844589687728
4.929000000000002 3.5125015216068167
4.7379999999999995 3.568075981426762
4.111999999999995 4.1787003891050585
4.315000000000012 4.062246118192352
6.832999999999998 2.6773142104492904
6.8100000000000165 2.7110566813509545
1.1699999999999875 4.093859829059829
1.4250000000000114 4.092418245614035
1.8380000000000223 4.085253536452666
4.225000000000023 4.040463905325444
4.293000000000006 3.999291870486839
0.10699999999999932 3.811453454040412
4.655000000000001 3.6236150375939853
5.128000000000014 3.4080670826833073
4.032999999999987 4.20913067195636
4.231999999999999 4.194899810964083
4.093000000000018 4.153334962130467
0.10800000000000409 4.16449833608382
4.304000000000002 4.175661710037175
0.2879999999999825 4.303182450613052
3.540999999999997 4.43070319118893
3.9099999999999966 4.409231713554988
0.09300000000001774 4.162496362069403
2.929000000000002 3.915761010583817
