0.314 4.631872611464968
0.11199999999999999 4.59842557611875
0.6990000000000001 4.5649785407725325
1.001 4.563844155844156
0.0940000000000003 4.3741519000835005
0.7309999999999999 4.184459644322845
2.035 3.9184235872235873
1.1630000000000003 5.510287188306104
5.438 3.1740125045972785
8.366 2.18998039684437
0.13500000000000156 2.2099720264666654
7.373999999999999 2.2299636560889606
0.12399999999999878 2.5059833501144952
2.628 2.7820030441400303
2.492000000000001 3.01707544141252
0.10300000000000153 2.914019145447739
2.610999999999997 2.8109628494829573
0.2839999999999989 2.334449783829043
4.076999999999998 1.8579367181751287
0.1390000000000029 1.8241955615605163
1.9410000000000025 1.790454404945904
1.5039999999999978 1.7928670212765958
0.09300000000000352 1.9633351858021726
1.3729999999999976 2.1338033503277494
0.12599999999999767 2.4332606857645818
2.8300000000000054 2.7327180212014137
2.3669999999999973 2.9935411913814955
0.13100000000000023 3.6759388251446916
1.8130000000000024 4.358336458907887
1.8030000000000044 4.098746533555186
0.09799999999999898 3.712813565285056
2.1439999999999984 3.3268805970149256
2.605000000000004 6.683973896353167
0.09899999999999665 4.897935818777179
5.711000000000006 3.111897741201191
0.09299999999998931 3.136826674158214
5.172000000000011 3.161755607115236
0.13400000000000034 3.1558075838961126
5.554000000000002 3.149859560676989
5.486999999999995 3.069409148897394
0.11700000000000443 2.599528666014426
8.998999999999995 2.129648183131459
0.11000000000001364 2.261662292039289
2.533999999999992 2.3936764009471188
3.0649999999999977 2.5391138662316477
0.14400000000000546 2.4075289447776314
3.430000000000007 2.275944023323615
3.2830000000000013 2.128367956137679
0.1280000000000001 2.0150711511697112
4.015000000000001 1.9017743462017433
2.662000000000006 2.6598407212622086
2.9909999999999997 2.769184887997325
0.10899999999999466 3.0061744274044306
2.531000000000006 3.2431639668115366
0.25499999999999545 3.600496029527362
1.9080000000000013 3.9578280922431874
0.1039999999999992 3.4382686641375573
5.2620000000000005 2.918709236031927
4.545999999999992 3.779088429388473
7.276999999999987 2.3458787962072285
0.12600000000000477 2.4312917874322566
6.822000000000003 2.5167047786572847
5.158999999999992 3.2696119402985078
7.288999999999987 2.3976633283029223
0.125 2.0314386085959057
2.8799999999999955 1.665213888888889
0.1150000000000091 1.7560219717020886
4.218999999999994 1.846830054515288
0.2650000000000148 2.0184695519507643
3.502999999999986 2.1901090493862405
0.11099999999999 2.2879655480760537
3.2930000000000064 2.3858220467658673
0.10400000000001342 2.505280691629379
2.5319999999999823 2.624739336492891
2.2299999999999898 3.036304932735426
2.2379999999999995 2.1406613047363723
