0.23099999999999998 6.2961385281385285
0.5129999999999999 6.2201169590643275
0.44999999999999996 6.236657777777778
0.4929999999999999 6.204543610547668
0.10799999999999987 6.191937664837999
2.8910000000000005 6.179331719128331
0.10899999999999999 6.180195107475029
2.513 6.181058495821727
3.5660000000000007 4.840235558048234
2.9030000000000005 6.311187047881502
0.09600000000000009 6.89791305056797
2.197000000000001 7.484639053254439
0.10099999999999909 6.884950457449385
2.7609999999999992 6.285261861644332
3.1910000000000025 5.449130680037606
0.11400000000000077 5.149538811760441
3.468 4.849946943483276
0.22299999999999898 5.421871403243843
2.948999999999998 5.99379586300441
3.418999999999997 5.324073705761919
3.4370000000000047 4.667789351178353
3.0620000000000047 5.623730894839974
3.4879999999999995 5.251580275229357
0.11700000000000443 4.687363711188253
3.995999999999995 4.123147147147147
0.10300000000000153 4.215004846300847
4.125 4.306862545454545
3.896000000000001 4.428601642710471
0.1039999999999992 4.751331915882599
3.216000000000001 5.074062189054726
0.277000000000001 5.031551438366904
3.490000000000002 4.989040687679083
0.117999999999995 4.425844838514612
4.600999999999999 3.862648989350141
0.10099999999999909 4.000749956583448
3.9510000000000076 4.138850923816754
4.038000000000011 4.332421991084695
4.671999999999997 3.604847602739726
0.13000000000000966 3.6083702770577633
5.305999999999997 3.611892951375801
0.09000000000000341 3.7464611128342717
4.064999999999998 3.881029274292743
3.7039999999999935 4.610397408207343
2.9919999999999902 5.786470588235295
0.30299999999999727 4.746506945071386
4.561000000000007 3.7065433019074763
4.596999999999994 3.737832499456167
0.10300000000000864 3.953172135578262
4.204999999999998 4.168511771700357
0.09199999999999875 4.1223672940498215
4.4879999999999995 4.076222816399287
0.11400000000000432 4.05320592904662
4.580999999999989 4.030189041693953
0.12000000000000455 4.465320806561262
3.5 4.900452571428571
0.0969999999999942 4.96056430467473
3.0590000000000117 5.0206760379208895
3.2350000000000136 5.3105829984544055
3.6500000000000057 4.676975342465754
0.24699999999998568 4.138923912843616
4.768000000000001 3.600872483221477
4.100999999999999 4.1131255791270425
0.09600000000000364 4.277783938521325
3.9339999999999975 4.4424422979156075
4.328000000000003 3.9222329020332722
4.561000000000007 3.89230782723087
4.13900000000001 4.107175646291376
4.542999999999978 3.9559867928681487
4.11699999999999 3.810813699295604
4.6980000000000075 3.6696670923797354
0.2920000000000016 3.5966252512589922
3.2549999999999955 3.523583410138249
