0.331 4.393981873111782
0.28099999999999997 4.429323843416371
0.12100000000000011 4.383515090178046
0.6469999999999999 4.337706336939722
1.144 4.319447552447553
1.8489999999999998 4.312597079502434
1.4900000000000002 4.30098255033557
0.10999999999999943 3.611493475946522
5.907 2.9220044015574738
4.841999999999999 3.783844692275919
4.07 4.040233906633907
0.1269999999999989 3.7382959632179436
5.050000000000001 3.4363580198019803
4.7109999999999985 3.6909734663553384
4.091999999999999 4.110365591397849
0.10300000000000153 4.08734007323399
4.349000000000004 4.064314555070131
4.435000000000002 4.104398647125141
0.25499999999999545 4.0646418724837945
3.986000000000004 4.024885097842448
0.12199999999999989 4.0459645139661
4.234000000000002 4.06704393008975
4.476999999999997 4.091470180924727
0.12199999999999989 3.7826206059588845
4.743000000000002 3.4737710309930425
3.043999999999997 4.039831800262812
2.2789999999999964 3.2426678367705124
0.1290000000000049 3.198696147487423
2.2609999999999957 3.1547244582043343
2.1980000000000075 3.476727934485896
0.10500000000000398 3.549450964436587
2.137999999999991 3.622173994387277
1.8160000000000025 3.850991189427313
4.4339999999999975 3.945493910690122
4.215999999999994 3.9947457305502847
4.994 3.837545855026032
0.10799999999998988 3.718086796126155
4.384 3.598627737226277
0.11800000000000921 3.496820031635007
5.029999999999987 3.3950123260437377
4.513999999999996 3.835427558706247
4.358000000000004 3.879197797154658
5.992000000000004 2.867626168224299
0.11199999999999477 2.7881543235918738
2.6140000000000043 2.708682478959449
1.6700000000000017 3.2101988023952086
0.125 3.494705294383608
2.171999999999997 3.7792117863720067
0.132000000000005 3.8388924187409854
1.9369999999999976 3.898573051109964
3.8739999999999952 3.964441920495612
0.12099999999999511 3.939356526436004
4.38900000000001 3.914271132376396
0.11400000000000432 3.867921328444746
4.4669999999999845 3.8215715245130957
0.13400000000001455 3.8774478470217257
4.364999999999981 3.9333241695303554
5.186000000000007 3.252589278827613
0.11899999999999977 3.4609123173478817
4.762999999999977 3.6692353558681505
0.13800000000000523 3.429452702360982
5.322000000000003 3.1896700488538143
4.555000000000007 3.897434906695939
0.23599999999999 3.9524421115280735
4.242000000000019 4.0074493163602085
4.5519999999999925 3.9481652021089633
4.082000000000022 3.843488486036257
0.11599999999998545 3.983463448949724
4.181000000000012 4.123438411863191
0.11899999999999977 4.086659883897697
2.8319999999999936 4.049881355932203
