0.615 2.364891056910569
0.5200000000000001 2.393538461538461
0.09199999999999986 2.370053511705686
1.196 2.3465685618729104
0.0940000000000003 2.3666201734508507
0.5209999999999999 2.386671785028791
1.4050000000000002 2.3434078291814946
0.09699999999999953 2.340705009081809
2.7410000000000005 2.338002188982123
2.924999999999999 2.4766222222222227
3.2300000000000004 2.626593188854489
2.492000000000001 2.7378266452648483
0.11199999999999832 2.735985873118587
2.6739999999999995 2.734145100972326
0.125 2.7451062748263393
2.7280000000000015 2.7560674486803522
2.650000000000002 2.769593962264151
2.7119999999999997 2.793070796460177
0.277000000000001 2.7725115017813664
3.012999999999998 2.751952207102556
0.0940000000000012 2.7557091010323864
2.381999999999998 2.7594659949622167
0.1290000000000049 2.7470399690548737
6.296999999999997 2.734613943147531
0.09199999999999875 2.6811437238331264
6.971000000000004 2.627673504518721
0.14000000000000057 2.516471496784908
6.849999999999994 2.405269489051095
6.6030000000000015 2.6905661063153112
0.10199999999999676 2.672705118090722
6.499000000000009 2.654844129866133
0.1039999999999992 2.651258739023638
2.6939999999999884 2.647673348181143
0.10200000000000387 2.6602913785326843
2.859000000000009 2.672909408884225
0.22699999999998965 2.671202722366966
2.9010000000000105 2.669496035849707
0.117999999999995 2.6764155179248537
1.5999999999999943 2.683335
0.09600000000000364 2.6849375074794315
2.6740000000000066 2.686540014958863
0.12699999999999534 2.684899033765992
2.7009999999999934 2.683258052573121
0.09700000000000841 2.680682508873625
3.215999999999994 2.678106965174129
2.280000000000001 2.6603403508771932
0.11899999999999977 2.659129191832039
2.9279999999999973 2.6579180327868848
2.9129999999999967 2.679879162375558
2.5799999999999983 2.7083069767441863
0.11400000000000432 2.7092651602963835
6.339999999999989 2.7102233438485803
6.434999999999988 2.723945920745921
6.774000000000001 2.700633008562149
0.11899999999999977 2.703857266744418
6.819999999999993 2.707081524926686
6.404000000000011 2.6782610868207373
0.09999999999999432 2.6791342198809573
2.1759999999999877 2.680007352941177
0.1220000000000141 2.66475597004857
2.834000000000003 2.6495045871559633
2.7450000000000045 2.6482040072859747
2.787000000000006 2.671193397918909
0.11699999999999022 2.690152911977206
2.5349999999999966 2.7091124260355026
3.030000000000001 2.7062838283828383
2.63900000000001 2.6866388783630164
2.9850000000000136 2.610310217755444
0.3019999999999925 2.60990885037432
2.9399999999999977 2.609507482993197
2.948999999999984 2.664127500847745
2.453000000000003 2.7092702812882186
6.670999999999992 2.584334582521361
0.13300000000000978 2.5128211865352656
4.697999999999979 2.4413077905491702
