1.922 0.7567159209157128
0.09599999999999986 0.7615599309012062
1.624 0.7664039408866995
0.18299999999999983 0.7650640864843055
1.4649999999999999 0.7637242320819113
0.1280000000000001 0.7623566080850193
1.6340000000000003 0.7609889840881273
0.1589999999999998 0.7586136360579445
1.729000000000001 0.7562382880277616
0.17499999999999893 0.7605233832265984
1.3209999999999997 0.7648084784254352
1.6180000000000003 0.7579480840543881
1.8399999999999999 0.7558652173913043
0.1739999999999995 0.7452559639233898
9.287 0.7346467104554752
0.09299999999999997 0.7375433268704357
9.873999999999999 0.740439943285396
0.12899999999999778 0.7386355560582825
1.5400000000000063 0.7368311688311688
0.3289999999999935 0.7356066484955375
1.7010000000000005 0.734382128159906
0.132000000000005 0.7408017555384074
1.7209999999999965 0.7472213829169088
1.9420000000000002 0.7406838311019568
0.16799999999999926 0.7336499187846082
3.7109999999999985 0.7266160064672594
0.1769999999999996 0.7368051985421458
3.922000000000004 0.7469943906170322
0.1769999999999996 0.7428226814907065
3.9080000000000013 0.7386509723643808
0.09700000000000131 0.7347190505386261
9.695999999999998 0.7307871287128712
0.09499999999999886 0.7453682915247297
1.7410000000000068 0.7599494543365881
0.18099999999999739 0.7112645566803457
1.7009999999999934 0.6625796590241034
0.09100000000000819 0.6583926648908075
4.725999999999999 0.6542056707575116
0.18299999999999272 0.6115769228055246
2.2190000000000083 0.5689481748535375
0.19299999999999784 0.5974611995986066
2.094999999999999 0.6259742243436756
0.1839999999999975 0.7004719819818308
1.4210000000000065 0.7749697396199859
0.16399999999998727 0.7780469967768947
3.686000000000007 0.7811242539338035
0.125 0.7698828062875811
4.004000000000005 0.7586413586413588
0.10599999999999454 0.7459160653766937
11.747 0.7331907721120287
0.1419999999999959 0.7482434547255422
1.1650000000000063 0.7632961373390558
0.1319999999999908 0.752003704594784
1.659000000000006 0.7407112718505124
0.3100000000000023 0.7408441381005203
1.6089999999999947 0.7409770043505282
0.1150000000000091 0.7650273492930586
1.5959999999999894 0.7890776942355889
0.10600000000000875 0.7826357933126564
4.125999999999991 0.7761938923897238
0.16900000000001114 0.7603627716417598
9.509999999999991 0.7445316508937959
0.09199999999999875 0.7498130950247993
10.969000000000008 0.7550945391558027
0.13800000000000523 0.763614008006319
1.858000000000004 0.7721334768568352
0.13999999999998636 0.7794591123521568
1.6260000000000048 0.7867847478474784
0.17199999999999704 0.7898080365743416
1.328000000000003 0.7928313253012048
0.17099999999999227 0.7935685849884728
1.2489999999999952 0.7943058446757407
0.15399999999999636 0.7797845279004494
3.9550000000000125 0.7652632111251579
0.14699999999999136 0.7630405636930561
4.108000000000004 0.7608179162609542
0.09000000000000341 0.7727064318744454
3.522999999999996 0.7845949474879366
4.099999999999994 0.7502536585365853
0.09499999999999886 0.7496542575521377
3.974000000000018 0.74905485656769
0.1279999999999859 0.751381254595109
4.651999999999987 0.7537076526225279
0.14800000000002456 0.7869827397550946
1.6289999999999907 0.8202578268876612
0.16499999999999204 0.7971598716747887
4.069999999999993 0.7740619164619164
0.3130000000000166 0.7848116731603665
3.3290000000000077 0.7955614298588165
9.199000000000012 0.7360539189042288
0.11199999999999477 0.7400531222428122
2.7520000000000095 0.7440523255813954
