0.7909999999999999 1.8386953223767386
0.1120000000000001 1.8467992260169834
0.6709999999999999 1.8549031296572283
0.13200000000000012 1.858280183797
0.601 1.861657237936772
0.09899999999999975 1.8587808577743563
0.6700000000000004 1.8559044776119407
0.13199999999999967 1.841010475078849
1.803 1.8261164725457573
0.0990000000000002 1.9229012870135027
3.172999999999999 2.019686101481248
0.10899999999999999 2.9344232845344607
1.8820000000000014 3.849160467587673
0.1120000000000001 3.747505889144073
2.327 3.645851310700473
1.395999999999999 4.887295128939828
0.09699999999999953 4.9933989602971245
3.4030000000000005 5.099502791654422
0.10000000000000142 5.2174678732742805
3.2590000000000003 5.33543295489414
2.658999999999999 6.325541933057542
2.756999999999998 6.411209285455205
3.7159999999999975 4.898548977395048
2.4399999999999977 6.57507868852459
2.5120000000000005 6.855041401273886
3.225999999999999 5.678088034717917
0.2640000000000029 6.099055097691369
2.527000000000001 6.52002216066482
2.7750000000000057 6.402092972972972
0.12299999999999756 6.117515722456736
2.9579999999999984 5.8329384719405
4.072000000000003 4.00741257367387
4.533999999999999 3.840262902514336
4.737000000000002 3.7517517416086132
4.349000000000004 3.7600827776500347
3.8489999999999895 4.545159781761497
4.013999999999996 4.19577678126557
0.2779999999999916 4.568840427765327
3.878 4.941904074265085
0.1280000000000001 4.824933535192823
3.350999999999999 4.707962996120561
3.778000000000006 4.520093170989941
0.12099999999999511 4.606633736484398
3.689000000000007 4.693174301978856
0.10799999999998988 4.867545099095601
3.3530000000000086 5.0419158962123465
4.256999999999991 4.036367394879023
5.069000000000003 3.4579980272243045
0.12399999999999523 4.625466398032671
3.1580000000000013 5.792934768841039
4.61399999999999 4.001364542696142
0.2810000000000059 3.6347889786651444
5.2479999999999905 3.268213414634147
4.802999999999997 3.197636477201749
0.09600000000000364 3.3511372920484472
4.902000000000001 3.5046381068951455
0.0940000000000083 3.9302930263998563
3.9189999999999827 4.355947945904568
3.783999999999992 4.53725158562368
0.11600000000001387 4.620539903241287
3.5859999999999843 4.703828220858895
0.11299999999999955 4.801671329380948
3.5670000000000073 4.899514437903
3.6769999999999925 4.616650530323635
0.12600000000000477 4.496249346995684
4.056999999999988 4.375848163667735
0.2330000000000041 4.359009650160815
3.914999999999992 4.342171136653896
0.09499999999999886 4.194509121580719
4.4410000000000025 4.046847106507543
3.7569999999999766 4.175970188980569
4.090000000000003 4.215182396088019
0.11099999999999 4.2338915317481245
2.6970000000000027 4.252600667408231
