0.427 3.4061077283372363
0.364 3.41934065934066
0.833 3.3691428571428568
0.9069999999999998 3.372480705622933
0.09600000000000009 3.371239329270013
0.9769999999999999 3.369997952917093
0.12700000000000022 3.362607353421897
1.9099999999999997 3.3552167539267015
2.1959999999999997 3.2987795992714033
0.10899999999999999 3.15629850301048
2.8149999999999995 3.0138174067495562
6.687999999999999 2.4586949760765546
0.125 2.218382481769042
8.773 1.9780699874615295
0.11000000000000298 2.2203733494464544
3.0529999999999973 2.462676711431379
2.134999999999998 3.437669320843092
2.057000000000002 3.6824540593096735
0.232999999999997 3.68135841003655
2.253 3.680262760763427
1.4429999999999978 4.555126819126819
1.625 4.544836923076923
0.2680000000000007 4.399887915661575
4.305 4.254938908246226
0.1039999999999992 3.9917029911224335
4.419000000000004 3.728467073998641
4.708999999999996 3.772734763219367
3.899000000000001 4.425194152346756
0.09599999999999653 5.436260450333789
2.530999999999999 6.447326748320822
2.2010000000000005 7.910836892321672
0.10000000000000142 7.876876522065514
2.265999999999991 7.842916151809355
2.2680000000000007 7.210141093474427
3.6839999999999975 4.748729641693811
0.30800000000000693 5.9470945620433415
2.3569999999999993 7.145459482392872
7.5589999999999975 2.535349120254001
5.322999999999993 2.9638143903813643
2.7190000000000083 6.280585509378448
2.2550000000000097 7.6776585365853665
2.188999999999993 7.7229529465509374
0.1110000000000042 7.673103802468015
2.254000000000005 7.623254658385092
2.4879999999999995 7.045254019292604
0.11599999999999966 6.170873680173227
3.4539999999999935 5.296493341053851
0.24099999999999966 3.5167336401383658
10.629000000000005 1.736973939222881
0.10500000000000398 1.650878357258553
10.960999999999999 1.564782775294225
0.12999999999999545 2.2919498700532457
5.087000000000003 3.0191169648122664
0.09700000000000841 3.0988032557641354
5.405000000000001 3.178489546716004
0.09999999999999432 3.046806248767838
5.8559999999999945 2.915122950819672
2.4369999999999834 7.045121050471892
2.693000000000012 6.263619754920163
0.10599999999999454 6.371811360589485
2.6970000000000027 6.480002966258806
0.10200000000000387 7.228587949294816
2.127999999999986 7.977172932330826
0.2669999999999959 7.9127279338930885
2.2620000000000005 7.848282935455351
2.4890000000000043 6.829891522699879
0.11499999999998067 5.499386494358523
4.311000000000007 4.168881466017167
0.09399999999999409 3.8421283870529477
4.463000000000022 3.515375308088729
3.866000000000014 4.459414381789964
1.65300000000002 6.938453720508167
