0.374 3.888791443850268
0.128 3.854042596925134
1.28 3.81929375
0.11799999999999988 3.8075301182432435
1.85 3.7957664864864866
2.8169999999999997 2.650411075612354
2.9379999999999997 2.7140884955752207
2.5340000000000007 2.528991318074191
3.064 2.3642689295039165
0.11099999999999888 3.3949398898954115
1.9169999999999998 4.4256108502869065
0.09100000000000108 3.558498521790396
2.535 2.6913861932938854
2.8049999999999997 2.6064541889483066
0.09299999999999997 2.9201199976999597
2.3249999999999993 3.233785806451613
0.25800000000000267 3.7320006842056337
1.7349999999999994 4.230215561959654
1.5390000000000015 4.92190253411306
1.3230000000000004 6.267295540438398
3.487000000000002 4.600858044164038
0.125 3.6655680739291734
6.307000000000002 2.730278103694308
3.3019999999999996 5.547399152029074
0.09199999999999875 5.97294151776211
2.575000000000003 6.398483883495146
0.12899999999999778 4.804102646354619
5.535000000000004 3.2097214092140915
3.5529999999999973 4.85613059386434
3.5559999999999974 4.588915635545557
3.7989999999999995 4.583246117399316
0.2890000000000015 5.44269539912519
2.8200000000000003 6.302144680851065
0.09000000000000341 5.86204714148654
3.015999999999991 5.421949602122016
2.878 6.078637943015982
0.125 5.341375833181036
3.6580000000000013 4.6041137233460905
4.925000000000011 3.891310456852792
2.736000000000004 5.766222222222223
2.8389999999999986 6.015115181401902
3.207000000000008 5.398540692235734
0.0969999999999942 4.84409957727747
3.9410000000000025 4.289658462319207
0.24800000000000466 4.43954290637328
3.7439999999999998 4.589427350427352
3.622 4.839478741027056
3.6740000000000066 4.9793380511703855
0.12199999999999989 5.473233343620099
3.093999999999994 5.967128636069813
0.10999999999999943 6.0074684083028895
2.8359999999999985 6.047808180535966
1.7210000000000036 8.924025566531087
2.1380000000000052 8.035423760523853
4.277000000000001 3.991339724105682
0.12999999999999545 4.398939738872549
3.5720000000000027 4.806539753639417
0.31400000000000716 4.0030354306892075
5.271999999999991 3.1995311077389985
7.300000000000011 2.3940504109589043
0.09399999999999409 3.214546479546483
4.206999999999994 4.0350425481340615
0.09200000000001296 3.433216329888402
6.269999999999982 2.831390111642743
0.12300000000001887 3.6477853919558254
3.8079999999999927 4.464180672268908
3.068000000000012 5.857903520208605
6.455999999999989 2.430161090458488
3.8559999999999945 4.4709792531120325
0.11299999999999955 5.1583397794612145
1.961999999999989 5.8457003058103965
