3.3009999999999997 0.4405961829748561
0.21499999999999986 0.44152809504235163
2.813 0.4424600071098472
0.16300000000000026 0.44121741999220243
2.543 0.43997483287455763
0.16199999999999903 0.4410855672196401
2.812000000000001 0.4421963015647226
0.1899999999999995 0.440778258309243
2.975999999999999 0.43936021505376344
0.21600000000000108 0.4420198962592761
2.2719999999999985 0.4446795774647888
0.13500000000000156 0.492939965254901
2.2659999999999982 0.5412003530450132
0.10900000000000176 0.56034850985584
2.3999999999999986 0.5794966666666667
1.8210000000000015 0.6620977484898408
0.1819999999999986 0.6634383605053744
1.6739999999999995 0.6647789725209079
0.12700000000000244 0.6477646947095923
1.7989999999999995 0.6307504168982768
0.2740000000000009 0.5601212899538406
2.5519999999999996 0.48949216300940435
0.22499999999999787 0.4622879539917786
17.41 0.4350837449741528
0.18299999999999983 0.46787392957026475
2.8730000000000047 0.5006641141663767
0.19299999999999784 0.5700831986356997
1.7520000000000024 0.6395022831050227
0.13399999999999324 0.6312669073182771
1.7760000000000034 0.6230315315315316
0.14399999999999835 0.5897687953343552
2.0630000000000024 0.5565060591371789
0.13700000000000045 0.5548664363638145
2.1779999999999973 0.55322681359045
0.1319999999999979 0.4179729955379278
11.477000000000004 0.4172808225145943
0.24200000000000443 0.4009230868800231
3.5729999999999933 0.38456535124545194
0.4210000000000065 0.3762258035848113
3.798000000000002 0.36788625592417057
0.2779999999999916 0.3638870934793267
3.7120000000000033 0.35988793103448274
0.2469999999999999 0.35429542757070465
3.5589999999999975 0.3684787861758921
0.2289999999999992 0.36956958494254044
2.9710000000000036 0.37066038370918886
0.24800000000000466 0.3586446294099531
3.3870000000000005 0.3533711248892825
0.22499999999999432 0.3669159724083153
3.853999999999999 0.3804608199273481
0.22499999999999432 0.38181455975683753
4.5930000000000035 0.383168299586327
0.22400000000000375 0.3775177291289568
2.7099999999999937 0.37186715867158665
0.14800000000001035 0.36657795659037673
3.033999999999992 0.40502307185234016
0.2980000000000018 0.40506539253507257
2.942999999999998 0.40510771321780503
0.23799999999999955 0.4032819407657403
3.1370000000000005 0.4014561683136756
0.1490000000000009 0.3692508632115832
4.844999999999999 0.43995789473684205
0.2540000000000049 0.45375843040557773
4.951999999999998 0.46755896607431335
0.2540000000000049 0.46568410731461335
5.536000000000001 0.4638092485549133
0.09000000000000341 0.591568643049276
1.5149999999999864 0.9469465346534653
1.3600000000000136 0.940670588235294
0.13999999999998636 0.9399517080337934
1.1210000000000093 0.9392328278322927
1.0960000000000036 0.9051897810218977
0.28600000000000136 0.8981670912831496
1.2949999999999875 0.8911444015444016
0.12300000000001887 0.892972648199494
1.3409999999999798 0.8948008948545862
0.16100000000000136 0.8688807469240405
8.14700000000002 0.8429605989934946
0.19599999999999795 0.7777249775747732
11.508999999999986 0.7124893561560518
0.19200000000000728 0.6404129755339946
2.044000000000011 0.5683365949119373
0.1519999999999868 0.5642365623889227
2.4610000000000127 0.5601365298659082
0.12899999999999068 0.5619669991101693
2.3700000000000045 0.5637974683544305
0.13700000000000045 0.7003667080334244
1.5300000000000011 0.8369359477124182
0.14599999999998658 0.8383366761462855
1.3100000000000023 0.8397374045801528
2.8700000000000045 0.875559581881533
0.12999999999999545 0.8796511763529373
2.3170000000000073 0.8837427708243417
