0.5499999999999999 2.644378181818182
0.46599999999999997 2.670901287553648
0.129 2.6548563041541824
0.42399999999999993 2.638811320754717
0.4680000000000002 2.6569572649572653
0.13599999999999968 2.6288293433791066
1.266 2.600701421800948
0.13200000000000012 2.6018259342960874
2.462 2.6029504467912266
0.133 2.601568547157279
2.7859999999999996 2.600186647523331
0.11299999999999955 2.5716604700446393
3.3360000000000003 2.5431342925659473
2.801 2.4357957872188503
0.09699999999999953 2.433174489354106
3.007999999999999 2.430553191489362
0.09600000000000009 2.4346330667145155
3.083000000000002 2.4387129419396687
0.11599999999999966 2.430482543577095
3.030000000000001 2.422252145214521
4.765000000000001 1.589676390346275
0.23900000000000077 1.2439570338688366
9.231000000000002 0.8982376773913985
7.849999999999994 0.8373309554140128
2.039999999999999 3.6202745098039224
2.5180000000000007 3.0713232724384434
1.1920000000000002 5.944389261744967
0.10800000000000409 5.283974619169733
1.708999999999996 4.6235599765945
0.0940000000000012 5.036720991247103
1.3560000000000016 5.449882005899705
2.632000000000005 6.1999179331307
2.959000000000003 5.884336600202772
3.196000000000005 5.560715894868586
0.10500000000000398 5.592015443995503
2.907999999999987 5.6233149931224204
0.09000000000000341 5.643370024887529
3.0889999999999986 5.663425056652638
0.1110000000000042 5.473985512323809
3.1869999999999976 5.28454596799498
0.11400000000000432 5.4958620250933805
3.358000000000004 5.707178082191781
2.673000000000002 5.902126449682004
0.31699999999999307 5.828871111595299
2.967000000000013 5.755615773508594
3.0010000000000048 5.769116961012996
0.09600000000000364 5.688131283159898
3.0150000000000006 5.6071456053068
3.3019999999999925 5.203760145366445
0.09799999999999898 5.466029092291066
3.0600000000000023 5.728298039215686
3.271000000000001 5.592811984102721
0.12999999999999545 5.54458937996443
3.359000000000009 5.496366775826139
3.1359999999999957 5.469255102040816
2.774000000000001 5.536498918529201
0.3159999999999883 5.517007219264601
3.125 5.49751552
3.1340000000000003 5.447019783024888
3.0829999999999984 5.568913396042816
0.11400000000000432 5.614645959766374
2.980000000000004 5.660378523489933
0.11899999999999977 5.591973079696926
3.1640000000000015 5.523567635903918
3.067999999999998 5.533058670143416
3.301000000000016 5.378011511663131
0.09799999999998477 5.415922663114209
3.1169999999999902 5.453833814565287
3.173000000000002 5.664055468011346
0.31399999999999295 5.619717854830123
2.8140000000000214 5.575380241648898
0.09699999999997999 5.545223070280623
3.1260000000000048 5.515065898912348
2.039999999999992 5.622188235294117
