3.714 0.3916015078082929
0.22500000000000053 0.39286218518977034
3.1579999999999995 0.39412286257124773
0.2469999999999999 0.39342085564504825
2.849000000000001 0.3927188487188487
0.24799999999999933 0.3932957563201466
3.157 0.3938726639214444
0.254999999999999 0.39244111664971737
3.344000000000001 0.3910095693779903
0.2480000000000011 0.39229325371899126
2.567 0.3935769380599922
0.21599999999999753 0.3929432994842508
3.1260000000000012 0.3923096609085093
0.18700000000000117 0.4139424909616145
3.192999999999998 0.4355753210147197
0.19900000000000162 0.439501525899048
2.7189999999999976 0.4434277307833763
0.16900000000000048 0.45088190493040314
2.4280000000000044 0.45833607907742996
0.15899999999999892 0.46371123920799984
2.418999999999997 0.4690863993385697
0.29700000000000415 0.7858159269420121
1.1329999999999956 1.1025454545454545
1.1659999999999968 1.1028885077186965
0.1530000000000058 1.1650162877576533
2.8320000000000007 1.2271440677966101
0.1559999999999988 1.2302963724233567
5.329000000000001 1.2334486770501032
5.753 1.2837406570484966
0.15800000000000125 0.974469330760615
11.625999999999998 0.6651980044727335
1.159000000000006 1.03962726488352
0.14000000000000057 0.8989173573701268
1.7449999999999903 0.7582074498567335
0.21300000000000807 0.6243273976872876
2.298000000000002 0.49044734551784164
0.3439999999999941 0.48948548530733293
2.5819999999999936 0.4885236250968242
0.17300000000000182 0.6856939803805799
1.4300000000000068 0.8828643356643356
0.10999999999999943 0.960454447457612
3.096999999999994 1.0380445592508882
0.15099999999999625 0.7963362542170956
4.959000000000003 0.554627949183303
0.15100000000001046 0.6047436920027728
10.969999999999999 0.6548594348222425
1.13600000000001 1.0840704225352114
1.2680000000000007 1.1476403785488958
0.1389999999999958 1.1690276859277275
0.7469999999999999 1.1904149933065593
0.14499999999999602 1.3108393107730294
2.2379999999999995 1.4312636282394995
6.3799999999999955 1.223587460815047
0.19700000000000273 0.8427374109998027
15.128 0.4618873611845584
0.18900000000000716 0.5128013987130846
2.2349999999999994 0.5637154362416108
0.12899999999999068 0.5637010090120884
2.0420000000000016 0.5636865817825661
0.17100000000000648 0.5469592681824429
2.465999999999994 0.5302319545823195
0.14400000000000546 0.5160120948147695
2.859000000000009 0.5017922350472194
0.14399999999997704 0.5035248694983332
2.5320000000000107 0.5052575039494471
0.16800000000000637 0.5428560966074919
4.424999999999983 0.5804546892655367
0.14300000000000068 0.5421451289908941
5.741000000000014 0.5038355687162516
0.18500000000000227 0.4781098658947781
2.5509999999999877 0.4523841630733046
0.31800000000001205 0.45810704094909915
2.586999999999989 0.4638299188248937
0.17000000000001592 0.473199916607718
2.453000000000003 0.48256991439054225
0.125 0.4787860577088441
2.725999999999999 0.47500220102714596
0.17499999999998295 0.4902600213142692
2.298000000000002 0.5055178416013925
0.19300000000001205 0.5216812774140399
2.562999999999988 0.5378447132266874
0.2909999999999968 0.5046954397866337
6.7690000000000055 0.47154616634658
0.19900000000001228 0.45120242368473007
2.97199999999998 0.43085868102288016
0.23199999999999932 0.45826730960636286
2.265000000000015 0.4856759381898455
0.17499999999998295 0.6248411949013745
1.240000000000009 0.7640064516129034
0.15899999999999181 0.7590993584031368
2.7150000000000034 0.7541922651933702
