0.569 2.5560773286467486
0.128 2.5745386643233745
0.48 2.593
0.1180000000000001 2.582541379310345
0.43500000000000005 2.5720827586206894
1.204 2.540564784053156
0.0900000000000003 2.5415132800574662
1.295 2.542461776061776
0.10899999999999999 2.7919864646801527
2.107 3.0415111532985293
0.0909999999999993 2.7440112335219426
2.961000000000001 2.4465113137453565
2.9450000000000003 2.8807796264855687
2.436 2.8007651888341547
2.396000000000001 3.0513789649415695
0.10500000000000043 2.983338183517702
2.5790000000000006 2.915297402093835
0.11899999999999977 2.585056381538469
3.254999999999999 2.2548153609831028
2.401 3.154855476884632
0.1039999999999992 3.1851832586684248
5.661000000000001 3.215511040452217
4.859999999999999 3.301068312757201
5.356999999999999 3.2144603322755274
5.606000000000002 3.267483410631466
0.0969999999999942 3.284653128161424
4.990000000000002 3.3018228456913827
0.1039999999999992 3.29833427151038
5.392000000000003 3.294845697329377
0.1109999999999971 3.289081459511501
5.255000000000003 3.283317221693625
4.994999999999997 3.2669037037037043
0.2950000000000017 3.295195696096937
5.239000000000004 3.3234876884901694
5.394999999999996 3.29417015755329
0.10699999999999932 3.3055637806022027
4.930000000000007 3.3169574036511156
5.224000000000004 3.3488361408882086
4.983999999999995 3.379182985553772
0.11899999999999977 3.373693064723682
1.6539999999999964 3.3682031438935915
1.8009999999999877 3.367893392559689
0.09800000000001319 3.3216537669869153
2.3759999999999906 3.2754141414141413
0.1280000000000001 3.2546267061668885
2.4140000000000015 3.2338392709196353
2.1089999999999947 3.313149359886202
0.09199999999999875 3.3288532607578185
2.2830000000000013 3.3445571616294347
0.12000000000000455 3.3437837743935654
2.117999999999995 3.3430103871576957
2.4769999999999897 3.343815906338312
0.12300000000000466 3.317682244486682
5.609000000000009 3.2915485826350515
0.09499999999999886 3.3051767680977115
5.167999999999992 3.3188049535603716
0.12999999999999545 3.3342386817965437
4.585000000000008 3.349672410032716
0.11599999999998545 3.3169444061251325
5.231000000000023 3.284216402217549
5.0400000000000205 3.387095238095238
5.146000000000015 3.336369996113486
5.1299999999999955 3.288095126705653
5.314000000000021 3.28877832141513
0.27899999999999636 3.3122437490353307
5.088999999999999 3.3357091766555316
0.12199999999998568 3.346393149292867
2.320999999999998 3.3570771219302027
2.359000000000009 3.2522051716829163
2.5900000000000034 3.033402316602317
0.11299999999999955 3.036097591771666
2.187000000000012 3.038792866941016
0.10999999999998522 3.1330665955296118
2.098000000000013 3.227340324118208
0.09999999999999432 3.274835210602794
1.4420000000000073 3.3223300970873795
