0.969 1.500937048503612
0.138 1.507548816222609
0.8220000000000001 1.5141605839416061
0.742 1.5078921832884098
0.8530000000000002 1.4577444314185228
0.1419999999999999 1.4127299562950357
0.956 1.3677154811715484
1.8419999999999996 1.3835570032573292
4.3069999999999995 1.6819410262363594
6.2269999999999985 1.3624371286333707
3.357000000000003 2.032369377420316
1.8719999999999999 3.905504273504274
5.041 1.491480261852807
3.468 2.116327566320646
0.1269999999999989 1.7771091134564505
5.267999999999997 1.437890660592255
6.134 1.3517495924356047
0.2360000000000042 1.911410134563667
2.6599999999999966 2.4710706766917294
2.3429999999999964 3.1520956039265897
2.661999999999999 2.9051810668670175
2.289999999999999 3.094197379912664
0.10600000000000165 2.9775230201518426
2.7620000000000005 2.860848660391021
5.022999999999996 1.4712402946446348
0.11500000000000199 1.501602965191733
4.656000000000006 1.5319656357388314
0.12399999999999523 1.6768564320601032
2.706000000000003 1.8217472283813747
0.09099999999999397 1.8198182151296547
4.260000000000005 1.8178892018779345
0.32800000000000296 1.6078652485504006
5.003 1.3978412952228667
0.11899999999999977 1.4700464526779857
4.657999999999987 1.5422516101331045
0.12700000000000955 1.6496082293089767
4.125 1.7569648484848488
5.631999999999991 1.5292599431818183
3.7830000000000013 1.6033772138514408
0.125 1.40366756732176
6.463999999999999 1.2039579207920792
0.14099999999999113 1.268288963810174
5.858000000000004 1.332620006828269
0.13299999999999557 1.5773180868561163
3.835000000000008 1.8220161668839636
3.638999999999996 1.3636339653751033
0.23799999999999955 1.5295775190860192
4.176000000000002 1.6955210727969352
0.13700000000000045 1.734172351466961
4.671999999999997 1.7728236301369864
0.12300000000000466 2.272462015871706
1.9919999999999902 2.772100401606426
0.11700000000001864 2.1335790069802076
5.050999999999988 1.4950576123539894
3.906000000000006 1.493009728622632
3.179000000000002 2.361967914438503
0.10300000000000864 2.1562079980027233
3.7269999999999754 1.950448081566944
0.10200000000000387 1.7513516471220876
4.796000000000021 1.552255212677231
3.016999999999996 2.276300961219755
0.27299999999999613 2.514457966343345
2.9790000000000134 2.752614971466935
2.4950000000000045 2.841699398797595
0.09899999999998954 2.102902920687313
5.7120000000000175 1.3641064425770308
0.10499999999998977 1.819312634273988
3.3729999999999905 2.2745188259709455
0.10900000000000887 1.9480449651010558
4.844999999999999 1.6215711042311662
4.145999999999987 1.6029522431259045
5.032999999999987 1.345312934631433
4.233000000000004 1.1317741554453107
