0.372 3.909698924731183
0.317 3.926309148264984
0.2849999999999999 3.92581052631579
0.11499999999999999 3.8939911217437535
0.792 3.8621717171717167
0.1080000000000001 3.8555486441422326
1.3569999999999998 3.848925571112749
1.6669999999999998 3.844309538092381
4.947 3.489039822114413
3.921999999999999 4.671437021927588
3.575000000000001 4.599650909090909
0.12399999999999878 3.9598223935161836
5.227 3.3199938779414584
3.721 4.672984681537221
3.3709999999999987 4.989503411450608
4.0120000000000005 4.40570887337986
0.09499999999999886 4.224512366498903
4.5020000000000024 4.043315859617947
0.28299999999999415 4.489841314424359
3.25 4.936366769230769
3.5320000000000036 4.875386183465459
5.177999999999997 3.537565083043646
0.125 3.889258217197499
3.885000000000005 4.2409513513513515
0.11299999999999955 4.094015777875187
4.500999999999998 3.9470802043990227
0.09799999999999898 4.200990657324738
3.8729999999999976 4.454901110250452
0.12700000000000244 4.252039140733166
4.030000000000001 4.049177171215881
3.692999999999998 4.714798808556729
0.10600000000000875 4.948832475144506
3.428999999999988 5.182866141732283
0.26200000000000045 4.741959109793022
3.8020000000000067 4.301052077853761
0.10500000000000398 4.338409980897866
3.9979999999999905 4.37576788394197
0.1039999999999992 3.9753863830662937
4.711000000000013 3.5750048821906173
4.547000000000011 4.214801847371894
3.1559999999999917 4.998854245880861
3.3869999999999862 5.041899025686448
0.11300000000001376 5.076014447908159
3.387999999999991 5.110129870129871
0.11200000000000898 4.665619741556821
4.0049999999999955 4.221109612983771
0.10299999999999443 3.881613969551048
4.850999999999999 3.542118326118326
0.23199999999999932 4.23432391853977
3.558000000000007 4.926529510961214
3.5760000000000076 5.115796420581655
0.12300000000000466 4.861653638291825
4.006999999999991 4.607510856001996
0.09300000000000352 4.377707544083223
4.135000000000005 4.14790423216445
3.23599999999999 4.7460593325092715
3.5730000000000075 4.808210467394347
5.675999999999988 3.0075687103594078
0.12299999999999045 3.9607047902111865
3.4939999999999998 4.913840870062965
0.10800000000000409 4.715614596788312
3.734000000000009 4.517388323513658
0.2580000000000098 4.021511188184103
4.956999999999994 3.525634052854549
3.4180000000000064 4.9664786424809835
3.5700000000000216 4.972777591036414
3.546999999999997 4.792669861855089
4.186999999999983 4.2923448770002395
0.12000000000000455 3.928621881808459
4.4010000000000105 3.5648988866166778
0.09399999999999409 3.779217569321774
4.317000000000007 3.9935362520268707
2.4140000000000157 4.751144987572494
