0.383 3.7974099216710173
0.119 3.807662016050233
0.32599999999999996 3.8179141104294483
0.29300000000000004 3.818621160409557
0.10999999999999988 3.785899537259993
0.815 3.753177914110429
2.135 3.734890866510538
1.713 3.741076474022184
1.9350000000000005 3.7437312661498714
2.2720000000000002 3.7341091549295773
4.416 3.7236757246376815
4.651 3.7311563104708667
4.638999999999999 3.7482595386936843
4.468 3.764461951656222
4.499000000000002 3.928807290509002
0.10099999999999909 3.4431207857906507
6.155000000000001 2.9574342810722993
6.177999999999997 2.59682615733247
0.11599999999999966 2.9787276766365705
5.124000000000002 3.360629195940671
0.26899999999999835 3.0843857308846387
6.523000000000003 2.8081422658286064
3.870999999999995 2.8081653319555673
0.13000000000000256 2.8105732320155195
2.8089999999999975 2.8129811320754716
2.6260000000000048 2.8141812642802746
3.216000000000008 2.2179203980099502
2.3149999999999977 3.3010142548596115
2.3389999999999986 3.310905515177427
2.0420000000000016 3.424779627815867
1.9720000000000084 3.6429046653144015
1.7950000000000017 4.037593314763232
0.2990000000000066 3.7968296879348777
2.421999999999997 3.5560660611065242
0.0969999999999942 2.8627211564473964
2.7960000000000065 2.1693762517882687
0.10299999999999443 2.3701826749526083
3.027000000000001 2.570989098116948
1.9109999999999872 4.085027734170592
4.2949999999999875 3.9360987194412105
0.10700000000001353 3.711435723356969
4.927999999999997 3.4867727272727276
4.462999999999994 3.927535738292628
5.026999999999987 3.639166103043565
4.948999999999998 3.730510406142655
4.322999999999993 3.9675188526486247
3.8659999999999997 3.9726456285566476
4.370000000000019 3.9312897025171614
0.3219999999999743 3.9432815519073294
4.3160000000000025 3.9552734012974975
0.09400000000002251 3.9277684589404345
4.401999999999987 3.900263516583371
0.09899999999998954 3.8827541230946183
4.364000000000004 3.865244729605865
4.611999999999995 3.7893686036426706
0.09100000000000819 3.7833607593202228
4.494 3.7773529149977754
0.10699999999999932 3.8638451268357814
4.494 3.950337338673787
0.103999999999985 3.9504882138407282
4.302999999999997 3.950639089007669
0.09900000000001796 3.950704024609352
4.549000000000007 3.9507689602110347
5.814999999999998 2.698042992261393
0.28000000000000114 2.548249097688849
7.187999999999988 2.398455203116305
0.11899999999999977 2.461806201293952
4.542000000000002 2.525157199471599
