1.601 0.9084372267332916
0.10699999999999998 0.9114706339397538
1.3610000000000002 0.914504041146216
0.1459999999999999 0.9128122811594273
1.2279999999999998 0.9111205211726384
1.362 0.91296328928047
0.1589999999999998 0.9049272997750757
3.6709999999999994 0.8968913102696813
0.11900000000000155 1.4066490044171371
3.3439999999999994 1.9164066985645931
0.11800000000000033 1.8951045391426171
3.8659999999999997 1.8738023797206413
0.1269999999999989 2.287840043363505
3.1400000000000006 2.7018777070063686
2.7510000000000012 2.480066884769175
2.1779999999999973 3.3567970615243348
0.12300000000000111 2.721482881483588
3.603999999999999 2.086168701442841
0.10100000000000264 2.371246493320045
2.7630000000000017 2.656324285197249
3.836999999999996 1.9741485535574668
0.25 2.006203087004889
4.068000000000005 2.038257620452311
3.012999999999998 2.181562562230335
1.554000000000002 4.752483912483913
1.3250000000000028 5.83667320754717
1.3599999999999994 5.210082352941177
3.2479999999999976 5.469768472906404
2.6610000000000014 6.4839654265313795
2.511000000000003 6.498679410593389
5.567 3.1276723549488055
9.957 1.784879783067189
11.11 1.4718811881188119
1.1970000000000027 6.0015104427736015
0.10099999999999909 5.711106754670271
1.336999999999989 5.420703066566941
0.25900000000000034 4.335856537524353
5.89500000000001 3.251010008481764
0.13100000000000023 2.8035504044798305
6.695999999999998 2.3560908004778973
4.4199999999999875 3.863554751131221
1.8619999999999948 9.298131041890441
1.6239999999999952 10.409817733990149
1.6730000000000018 10.270661087866108
1.808000000000007 9.695017699115043
0.09300000000000352 8.986442786209105
2.2099999999999937 8.277867873303167
0.09199999999999875 7.667660236345773
2.6159999999999997 7.0574525993883785
0.277000000000001 6.518890874310647
2.868000000000009 5.980329149232915
2.682000000000002 5.726416107382551
0.117999999999995 5.225657998685776
3.6359999999999957 4.724899889989
5.6710000000000065 3.0102204196790696
4.529000000000025 3.790894237138441
3.2040000000000077 5.2646466916354555
0.09499999999999886 5.033610512621795
3.63900000000001 4.802574333608134
3.4250000000000114 4.956328175182483
3.4919999999999902 5.083853379152348
0.3019999999999925 5.204771301104996
3.1920000000000073 5.325689223057644
0.11400000000000432 5.377655487661753
3.3100000000000023 5.429621752265861
0.09299999999998931 4.887217411718641
3.6110000000000184 4.34481307117142
4.300999999999988 4.00839246686817
0.10099999999999909 3.915740233434085
3.0 3.823088
