0.528 2.754560606060606
0.44800000000000006 2.7782142857142857
0.4039999999999999 2.7694455445544555
0.10400000000000009 2.744207216721672
1.1249999999999998 2.718968888888889
0.47399999999999975 2.7585147679324895
0.935 2.72568128342246
2.676 2.707070254110613
0.11699999999999999 2.7434263459281767
3.0520000000000005 2.7797824377457405
5.876000000000001 2.7984601769911506
0.12399999999999878 3.1754438039510515
4.885000000000002 3.5524274309109525
0.11399999999999721 3.5643848384501284
4.862000000000002 3.576342245989305
3.544999999999998 4.744602538787024
3.424999999999997 5.160789489051095
3.5559999999999974 5.1189561304836895
3.237000000000002 4.956191535372258
3.4739999999999966 4.956782959124928
0.3190000000000026 4.85543689871637
3.8530000000000015 4.754090838307812
3.585000000000001 4.595842677824267
0.11399999999999721 4.595620252517928
3.8659999999999997 4.595397827211588
3.9100000000000037 4.412744757033248
3.735999999999997 4.367822269807281
3.9849999999999994 4.3693229611041415
0.11299999999999955 3.8133315685286107
5.456000000000003 3.2573401759530793
5.119 3.1944911115452244
5.463999999999999 3.2017423133235723
0.22399999999998954 3.210067411200292
5.233000000000004 3.218392509077012
5.25500000000001 3.646946527117032
3.0420000000000016 5.186188034188034
3.365000000000009 5.074862407132245
3.48299999999999 4.970749354005168
0.11599999999999966 4.757014558754801
3.7210000000000036 4.543279763504435
3.5999999999999943 4.773004444444445
0.09900000000000375 4.775895897249486
3.667999999999992 4.778787350054525
3.7680000000000007 4.855118895966029
0.2259999999999991 4.936023578417798
3.680000000000007 5.016928260869565
0.12399999999999523 5.016005650902619
3.4200000000000017 5.015083040935672
6.972999999999999 2.2025309049189734
10.72199999999998 1.6022883790337625
1.038000000000011 4.669626204238921
1.5960000000000036 4.664546365914787
0.10300000000000864 4.660273182957393
1.4749999999999943 4.656
1.8689999999999998 4.3873943285179235
4.003000000000014 4.240675493379965
0.28899999999998727 4.488642976145693
3.748000000000019 4.73661045891142
3.3710000000000093 5.042895283298724
3.558000000000021 5.051165823496346
3.1970000000000027 4.907450735064121
0.10499999999998977 4.758551035981259
3.740000000000009 4.609651336898396
2.484999999999985 4.615397987927566
