0.969 1.500937048503612
0.1369999999999999 1.5066289130731911
0.8230000000000002 1.5123207776427703
0.7410000000000001 1.5099271255060729
0.8210000000000002 1.5145627283800245
0.8699999999999997 1.5029149425287354
0.1380000000000008 1.4975089935126111
1.7079999999999993 1.4921030444964871
1.896 1.4879409282700422
0.11299999999999955 1.4869986652210256
5.709 1.486056402172009
4.477 1.5239365646638374
0.12299999999999756 1.5343223917762456
4.7330000000000005 1.5447082188886538
4.843 1.552457567623374
4.6569999999999965 1.5759982821558944
0.14000000000000057 1.5655405083536604
4.871000000000002 1.5550827345514266
0.12599999999999767 1.5549304540936395
5.3330000000000055 1.5547781736358524
4.257999999999996 1.5436937529356505
0.22800000000000153 1.5290090663386475
4.8770000000000024 1.5143243797416446
0.14000000000000057 1.5210491910561246
5.061999999999998 1.5277740023706046
0.13799999999999812 1.5322357324800322
4.611000000000004 1.5366974625894598
5.128999999999998 1.5405856892181715
4.697000000000003 1.5733532041728766
0.10599999999999454 1.5802536041398265
1.9480000000000075 1.5871540041067764
2.031000000000006 1.5751610044313147
2.063999999999993 1.5575697674418605
0.13800000000000523 1.5610374434478926
1.7579999999999956 1.5645051194539248
0.2259999999999991 1.5636108368642259
4.597000000000008 1.562716554274527
0.11999999999999034 1.5689566253224405
4.600999999999999 1.5751966963703543
0.09600000000000364 1.5693002904614524
5.509 1.5634038845525504
0.09100000000000819 1.5587421677438642
3.9029999999999916 1.5540804509351778
0.10000000000000853 1.538525939753303
5.109999999999999 1.5229714285714286
0.09299999999998931 1.5280300976321401
5.091999999999999 1.5330887666928517
0.10500000000000398 1.542580811600535
4.5020000000000095 1.5520728565082185
0.09899999999998954 1.5569347714735815
4.88900000000001 1.5617966864389443
0.10599999999999454 1.5596594518864322
4.545999999999992 1.55752221733392
0.8500000000000085 1.5382964705882352
0.929000000000002 1.5442669537136704
1.9140000000000015 1.5262737722048065
3.8370000000000175 1.519858222569716
4.835000000000008 1.552987797311272
4.760999999999996 1.5268473009871875
0.14300000000000068 1.5096762567486057
4.9879999999999995 1.4925052125100242
0.11100000000001842 1.529688608992863
4.382999999999981 1.5668720054757015
0.11199999999999477 1.5709926681239437
5.206000000000017 1.5751133307721858
0.09799999999998477 1.5582131871252234
4.600000000000023 1.541313043478261
0.09899999999998954 1.5348558155798524
5.097999999999985 1.5283985876814439
0.29000000000002046 1.5221475254155092
5.060999999999979 1.5158964631495748
5.177999999999997 1.5172869833912708
0.12399999999999523 1.5232000736817786
1.7319999999999993 1.5291131639722864
1.649000000000001 1.5238665858095817
1.3629999999999995 1.5022978723404252
