0.46499999999999997 3.1277591397849465
0.396 3.1430303030303026
0.10199999999999987 3.147368672641912
0.3550000000000002 3.151707042253521
0.9889999999999999 3.092861476238625
0.10899999999999999 3.095108066435399
1.0630000000000002 3.097354656632173
2.9810000000000003 3.2855015095605498
0.11099999999999977 3.9164858458035017
1.5930000000000009 4.547470182046453
0.10499999999999865 4.679831517568887
1.763 4.812192853091322
3.5569999999999986 4.622927185830757
3.7330000000000005 4.648702919903563
4.140000000000001 4.200042512077293
4.248000000000001 3.9594199623352173
3.762999999999998 4.697237310656391
3.9029999999999987 4.663850371509096
0.10000000000000142 4.6967824970753025
3.391999999999996 4.729714622641509
0.10500000000000398 4.76450391109779
3.588000000000001 4.79929319955407
0.3049999999999997 4.762586744255879
3.8759999999999977 4.725880288957688
3.5420000000000016 4.651636363636364
5.207000000000001 3.411908584597657
0.09899999999999665 3.5912069146764507
4.5760000000000005 3.770505244755245
0.11899999999999977 4.2786500996436825
3.409000000000006 4.7867949545321204
4.161000000000001 4.184511415525114
7.106999999999999 2.500639932460954
4.88300000000001 3.3488838828588983
0.117999999999995 2.703398534771409
8.501000000000005 2.0579131866839195
0.09600000000000364 2.9153386860020323
1.9209999999999923 3.7727641853201455
2.316999999999993 3.717217091066034
1.6670000000000016 3.638617876424715
2.1629999999999967 3.5979583911234396
4.736999999999995 3.6548701709943
4.546999999999997 3.7179555751044644
5.899000000000001 2.9128353958298017
0.09600000000000364 3.316017952529796
4.712999999999994 3.71920050922979
0.09199999999999875 3.7537903560851795
4.829000000000008 3.7883802029405684
4.006 4.608661008487269
0.09300000000000352 4.639785841934266
3.671999999999983 4.670910675381264
3.194000000000017 4.808468378209142
0.29699999999999704 4.738437449974136
3.6799999999999784 4.668406521739131
0.12800000000001432 4.529542767042405
3.8880000000000052 4.390679012345679
0.11199999999999477 4.360950000622889
3.9639999999999986 4.3312209889001005
0.13599999999999568 4.247042873522114
4.0519999999999925 4.162864758144126
4.876000000000005 3.584201804757998
0.12599999999997635 3.4325554829742835
5.174000000000007 3.2809091611905683
0.1290000000000191 3.2561094768457393
5.494 3.23130979250091
0.09799999999998477 3.6662700952854372
4.14500000000001 4.101230398069965
5.367999999999995 3.3479970193740693
0.31799999999998363 3.8422019369949396
3.617999999999995 4.336406854615809
4.414999999999992 3.9048915062287652
2.9550000000000125 3.881307614213198
