1.21 1.2019900826446281
0.09000000000000008 1.2105151196768684
1.0210000000000001 1.2190401567091087
0.9210000000000003 1.2148273615635181
1.3229999999999995 0.9398760393046108
0.1280000000000001 0.7568041890248374
2.279 0.5737323387450638
0.12600000000000033 0.5761880479521424
1.7459999999999996 0.5786437571592211
0.16999999999999993 0.5750534722422387
2.146000000000001 0.5714631873252562
0.12599999999999945 0.5730853126708926
2.42 0.5747074380165289
0.20700000000000074 0.5796450393749852
11.671000000000001 0.5845826407334417
0.2069999999999972 0.5581393853452206
2.093 0.5316961299569994
0.21499999999999986 0.53084572962119
2.141000000000002 0.5299953292853806
0.3000000000000007 0.5708703384918579
2.041999999999998 0.6117453476983351
0.0940000000000012 0.6240240840421414
2.021000000000001 0.6363028203859475
0.17199999999999704 0.6337301728081559
2.2790000000000035 0.6311575252303642
0.1319999999999979 0.6203687517337892
1.838000000000001 0.6095799782372144
0.18599999999999994 0.5951479673148411
5.045000000000002 0.5807159563924678
0.16499999999999915 0.5808248017256457
8.5 0.5809336470588236
0.14699999999999847 0.6026952539515498
11.346999999999994 0.624456860844276
0.18500000000000227 0.6059833149692073
2.2520000000000095 0.5875097690941385
0.1460000000000008 0.5875630180194363
1.9179999999999922 0.5876162669447341
0.3340000000000032 0.5875594143293768
2.1469999999999914 0.5875025617140195
0.1880000000000024 0.5793838600425301
2.210000000000008 0.5712651583710406
0.21099999999999852 0.5631074626655825
5.792999999999992 0.5549497669601243
0.3580000000000041 0.5318118540737371
5.4069999999999965 0.5086739411873498
0.14100000000000534 0.5524659700858029
1.968999999999994 0.596257998984256
0.09900000000000375 0.6668427719472179
1.6700000000000017 0.7374275449101798
0.132000000000005 0.7352649059563494
1.9849999999999994 0.7331022670025189
0.11499999999999488 0.6327906544593433
1.6700000000000017 0.5324790419161677
0.17399999999999238 0.5076600817057474
6.634 0.48284112149532715
0.2960000000000065 0.5464952792737638
1.9539999999999935 0.6101494370522006
0.18700000000001182 0.6256994667919316
4.468999999999994 0.6412494965316625
0.12099999999999511 0.6341769821685908
12.176000000000002 0.6271044678055191
0.12199999999999989 0.6246462879568135
1.8500000000000085 0.622188108108108
0.16100000000000136 0.6104420394020393
2.1839999999999975 0.5986959706959708
0.12099999999999511 0.5788928021835271
2.5660000000000025 0.5590896336710833
0.13800000000000523 0.5440841055038625
2.417999999999992 0.5290785773366419
0.19300000000001205 0.5728840665794854
4.164999999999992 0.6166895558223289
0.11199999999999477 0.529688518345814
6.533999999999992 0.44268748086929904
0.34300000000001774 0.536998007393074
1.828000000000003 0.631308533916849
1.5800000000000125 0.7594481012658227
0.11199999999999477 0.7270667736376063
1.7040000000000077 0.6946854460093899
0.10599999999999454 0.6888131871397161
1.8959999999999866 0.6829409282700422
0.10600000000002296 0.6028176107548631
5.694999999999993 0.5226942932396839
0.11899999999999977 0.5621061104215233
5.829000000000008 0.6015179276033625
0.3229999999999791 0.6046332973888862
5.2520000000000095 0.6077486671744097
0.20499999999998408 0.6053131283141352
2.1240000000000236 0.6028775894538607
0.1629999999999825 0.5863012036424897
11.66500000000002 0.5697248178311188
0.2949999999999875 0.5749322190808993
1.6330000000000098 0.5801396203306798
0.11099999999999 0.5916681983453265
1.4890000000000043 0.6031967763599732
