1.035 1.405225120772947
0.8800000000000001 1.4143636363636365
0.121 1.413530303030303
0.7919999999999998 1.4126969696969696
0.1120000000000001 1.4136613403661187
0.879 1.4146257110352676
0.13000000000000034 1.4022237884007067
2.3689999999999998 1.3898218657661459
0.12099999999999955 1.3919875193163334
1.8280000000000003 1.3941531728665209
5.23 1.3851089866156787
4.937999999999999 1.7180834345889024
3.6259999999999977 1.8815951461665748
5.405999999999999 1.352405475397706
0.09600000000000009 1.3459472593450315
5.613000000000003 1.3394890432923572
4.535999999999994 1.6180388007054671
4.356999999999999 1.738537525820519
3.681999999999995 1.4934731124388916
0.29400000000000404 1.7960737209704036
3.131999999999998 2.0986743295019155
3.661999999999999 2.016755871108684
3.847999999999999 2.0097692307692308
2.9380000000000024 2.4117467665078283
3.283999999999999 2.406109622411693
0.11599999999999966 2.5369970494729945
2.770000000000003 2.667884476534296
0.12299999999999045 2.8211882766324523
2.3980000000000103 2.974492076730609
0.10299999999999443 2.4330193056920373
4.040000000000006 1.8915465346534652
5.188999999999993 1.4924278280978995
0.2880000000000109 1.839274245402498
3.198999999999998 2.186120662707096
0.11199999999999477 2.174633351528194
3.320999999999998 2.1631460403492926
3.8629999999999995 1.8761273621537664
0.132000000000005 1.7794853301585558
5.117999999999995 1.682843298163345
3.8440000000000083 1.5779334027055152
4.100999999999999 1.8976795903438184
3.804000000000002 2.0521787592008414
0.09499999999999886 2.1390922467555655
3.138999999999996 2.2260057343102897
3.9229999999999876 1.9463736936018357
0.26500000000000057 1.8696791233266206
3.9490000000000123 1.7929845530514052
4.638000000000005 1.7858197498921953
4.620999999999995 1.7763358580393853
4.451999999999984 1.6962120395327944
3.6890000000000214 1.580833830306316
0.11099999999999 1.4829732700692253
5.420999999999992 1.3851127098321345
0.09100000000000819 1.406915631645627
5.087999999999994 1.4287185534591196
0.10300000000000864 1.4422255262407058
5.114000000000004 1.4557324990222917
2.5109999999999957 2.735005973715651
0.2650000000000148 2.364347139544429
4.1129999999999995 1.9936883053732073
0.1209999999999809 1.5345508000854475
2.7680000000000007 1.075413294797688
0.132000000000005 1.075309836604609
3.2609999999999957 1.0752063784115302
0.14400000000000546 1.0767748108273867
2.960000000000008 1.0783432432432432
0.132000000000005 1.0873360051832655
1.167999999999978 1.0963287671232878
0.14000000000001478 1.0951334046273191
2.4209999999999923 1.0939380421313505
6.248000000000019 1.0837003841229194
0.1519999999999868 1.140101940313208
4.004000000000019 1.1965034965034966
