0.47 3.094485106382979
0.402 3.0961194029850745
0.10299999999999998 3.0766522940851297
0.9179999999999999 3.0571851851851846
2.4520000000000004 3.0449461663947806
2.5170000000000003 3.1680540325784667
1.972999999999999 3.2480810947795233
0.12600000000000122 3.1981936086142517
3.5280000000000005 3.14830612244898
2.6310000000000002 3.224589889775751
2.081999999999999 3.276975984630163
0.11599999999999966 3.3038875367342158
2.1950000000000003 3.330799088838269
0.10500000000000043 3.3332238567527637
2.2540000000000013 3.3356486246672583
0.23600000000000065 3.3238315325502352
2.2159999999999975 3.3120144404332126
0.09100000000000108 3.3027046115209546
2.3000000000000007 3.2933947826086967
0.11100000000000065 3.287790791953465
5.545999999999999 3.2821868012982334
4.886000000000003 3.2835022513303316
0.11299999999999955 3.309696108230063
5.161999999999999 3.3358899651297946
5.457999999999998 3.3560850128252113
4.8559999999999945 3.3929357495881387
5.402000000000001 3.2887463902258425
0.1039999999999992 3.2449141969682085
5.390000000000001 3.201082003710575
0.10899999999999466 3.178091659241212
5.171999999999997 3.1551013147718487
0.33200000000000784 2.9949840666988514
6.141999999999996 2.8348668186258545
2.403000000000006 3.222724927174365
0.09399999999999409 3.250696734567023
2.1329999999999956 3.278668541959681
2.152000000000001 3.338200743494424
2.1759999999999877 3.3306433823529416
0.12600000000000477 3.329950991524364
2.5870000000000033 3.3292586006957867
0.10699999999999932 3.2969156297343307
1.858000000000004 3.2645726587728743
2.469999999999999 3.1507627530364366
2.5050000000000097 3.1163624750499
0.28599999999998715 3.13405674496744
2.217000000000013 3.15175101488498
0.09399999999999409 3.1847534100642125
5.340000000000003 3.2177558052434456
5.399000000000001 3.246636784589739
0.10099999999999909 3.2605197525955676
5.587000000000003 3.2744027206013957
0.11199999999999477 3.290047913568379
5.585000000000008 3.3056931065353625
0.117999999999995 3.2468599361673096
5.3799999999999955 3.1880267657992567
0.125 2.6081607680026395
7.572000000000017 2.0282947702060223
0.125 2.031585867487835
3.6899999999999977 2.0348769647696483
0.10899999999998045 2.1211918987225102
3.2930000000000064 2.207506832675372
0.2950000000000159 2.2739225455423386
3.180999999999983 2.340338258409305
0.13500000000001933 2.4386582315319525
2.7069999999999936 2.5369782046546
2.8729999999999905 2.854173337974243
0.12399999999999523 2.854803140996787
2.483000000000004 2.8554329440193316
0.13599999999999568 2.7999912166380563
2.8389999999999986 2.7445494892567806
2.509999999999991 3.056554581673307
0.09300000000001774 2.9619473638293536
2.7399999999999807 2.8673401459854007
2.318000000000012 2.867057808455565
2.3629999999999995 2.86540837917901
3.931999999999988 2.9169033570701925
