0.766 1.8987049608355087
0.133 1.9082430813422535
0.649 1.9177812018489984
0.5830000000000002 1.9191355060034305
0.11399999999999988 1.919024543125172
0.6480000000000001 1.9189135802469135
0.6870000000000003 1.903254730713246
0.12199999999999989 1.8855335151671735
3.431 1.8678122996211013
4.565 1.586882803943045
0.1379999999999999 1.4298927147997296
6.665000000000001 1.2729026256564142
0.13799999999999812 1.561432874650333
3.687999999999999 1.849963123644252
0.10300000000000153 2.261075129073588
2.7360000000000007 2.672187134502924
3.3320000000000007 2.25646818727491
0.13200000000000145 2.1147158140675626
3.7199999999999953 1.972963440860215
0.12300000000000466 2.0929392138569263
3.423000000000002 2.212914986853637
0.2639999999999958 2.179391240838827
3.8640000000000043 2.1458674948240164
3.4110000000000014 1.9270149516270885
3.835000000000001 1.9257783572359846
3.699000000000005 2.0907250608272507
0.09899999999999665 2.1651021005779745
3.1640000000000015 2.2394791403286978
3.526999999999994 2.2403356960589735
2.7169999999999987 2.7199263894000736
2.5859999999999985 2.7582490332559937
0.10699999999999932 2.748631326663839
2.7900000000000063 2.7390136200716846
0.30400000000000205 2.52535875033435
3.3499999999999943 2.311703880597015
3.0249999999999915 2.3118677685950413
2.3349999999999937 3.0765773019271943
1.9439999999999884 3.728127572016461
5.757000000000005 3.3289393781483407
5.406000000000006 2.918310025897151
0.0969999999999942 2.732791051134733
6.7039999999999935 2.547272076372315
0.09900000000000375 2.545537301777107
6.805999999999997 2.5438025271818985
0.0940000000000083 2.53956353113744
6.667999999999992 2.535324535092981
0.14700000000000557 2.163941740915731
6.6839999999999975 1.7925589467384802
0.1110000000000042 1.7936807407963629
3.944999999999993 1.7948025348542456
3.2319999999999993 1.6587351485148514
2.86399999999999 1.9280810055865925
0.12400000000000944 2.22473098693353
2.9949999999999903 2.521380968280468
0.10900000000000887 2.169054347068583
3.210000000000008 1.8167277258566974
0.09099999999997976 1.8108513629283487
4.159999999999997 1.804975
4.161000000000001 1.747012737322759
4.093999999999994 1.8184211040547142
0.2920000000000016 1.8295536235899408
3.7309999999999945 1.8406861431251675
3.9579999999999984 2.0717635169277413
2.772999999999996 2.5568121168409665
0.12100000000000932 2.9504609940428006
2.329999999999984 3.344109871244635
2.326999999999998 3.296928233777396
2.926000000000016 2.685069036226931
2.867999999999995 2.317238493723849
3.429000000000002 1.9746165062700491
1.7830000000000155 2.686932136848009
