0.508 2.8630078740157483
0.09199999999999997 2.8720594925634297
0.43200000000000005 2.881111111111111
0.9930000000000001 2.826279959718026
0.10499999999999998 2.8240440388996033
1.084 2.821808118081181
0.12199999999999989 2.820999091437999
1.8519999999999999 2.8201900647948164
2.2490000000000006 2.849472654513117
2.6029999999999998 2.782988859008836
0.09500000000000064 2.85777441567794
2.892999999999999 2.9325599723470446
0.1070000000000011 3.0845589235549262
2.1079999999999988 3.2365578747628083
0.09200000000000053 3.0899182288467824
2.484 2.943278582930757
0.11499999999999844 2.980782607402753
2.491000000000003 3.018286631874749
0.10999999999999943 2.592613053167962
3.3870000000000005 2.166939474461175
0.12099999999999866 2.0521152615272626
3.91 1.9372910485933506
0.277000000000001 1.9359381047913091
4.286000000000001 1.9345851609892675
0.1280000000000001 1.9382007045714431
3.384999999999998 1.941816248153619
0.11599999999999966 2.5883763676160125
2.2830000000000013 3.234936487078406
0.10499999999999687 3.5763314654237015
1.9740000000000038 3.917726443768997
4.186999999999998 3.9350599474564127
0.11400000000000432 3.996516725669732
4.378 4.057973503883051
0.12199999999999989 3.2946727848053756
6.815999999999995 2.5313720657276995
0.0940000000000012 2.5919363579613792
6.152000000000001 2.6525006501950585
3.291000000000004 5.290717714980249
0.10799999999998988 4.645814508097959
4.442000000000007 4.000911301215669
5.167000000000002 3.1648151732146306
6.792000000000002 2.5757243816254416
0.29999999999999716 2.56569587821788
6.590000000000003 2.5556673748103185
0.117999999999995 2.6488956419050877
6.989000000000004 2.7421239089998566
0.11400000000000432 2.7725351522818134
2.1640000000000015 2.8029463955637706
2.861000000000004 2.7201621810555747
3.030000000000001 2.5763986798679865
2.7099999999999937 2.5783881918819187
0.09199999999999875 2.578124548337988
2.9620000000000033 2.577860904794058
2.3880000000000052 2.965031825795645
0.11299999999999955 3.1110318389693914
2.5430000000000064 3.257031852143138
3.754000000000005 2.186587107085775
0.2459999999999951 2.0084094042457474
4.126000000000005 1.83023170140572
4.030999999999992 1.446711982138427
0.1290000000000191 1.1332193098465062
9.159999999999997 0.8197266375545853
2.11099999999999 3.4435433443865473
2.0790000000000077 3.580863876863877
0.11899999999999977 3.5290648498243433
1.9749999999999943 3.47726582278481
2.3370000000000175 3.5087890457851945
2.165999999999997 3.273333333333333
2.1440000000000055 3.6342238805970144
8.105999999999995 2.097162595608192
0.10300000000000864 1.9924913818377095
9.52000000000001 1.8878201680672269
3.2179999999999893 2.065208203853325
2.5360000000000014 2.66993690851735
1.7909999999999968 2.674930206588498
