0.382 3.807350785340314
0.122 3.8185061619009257
0.32499999999999996 3.8296615384615373
0.7449999999999999 3.767108724832215
1.993 3.746215755143001
0.10499999999999998 3.3776346700243307
2.6500000000000004 3.0090535849056605
3.3130000000000006 1.934338665861757
3.0429999999999993 2.380584949063424
2.7699999999999996 3.062778339350181
0.12700000000000067 3.175404591361838
2.0749999999999993 3.2880308433734946
0.12600000000000122 3.19232207141144
2.3610000000000007 3.096613299449386
2.4810000000000016 3.0304522370012092
0.30600000000000094 3.0291337092596806
2.4239999999999995 3.027815181518152
0.0940000000000012 2.677115207466693
3.2560000000000002 2.3264152334152337
3.7500000000000036 2.211101866666667
1.946000000000005 3.3777225077081194
1.9720000000000013 3.7451115618661257
4.838999999999999 3.7853920231452776
5.032000000000004 3.274263910969793
5.439 3.2663739658025372
4.5930000000000035 3.756549531896364
0.10499999999999687 3.781935988533343
4.286000000000001 3.8073224451703216
0.11399999999999721 3.810753446024372
4.565000000000005 3.8141844468784227
4.725999999999999 3.7604841303427854
4.3799999999999955 3.7334703196347028
0.3100000000000023 3.627081305923208
4.968999999999994 3.5206922922117134
4.9210000000000065 3.422444218654745
5.706000000000003 3.358693305292675
0.09600000000000364 3.349512225375535
4.722999999999999 3.340331145458395
5.359999999999999 3.1859910447761193
4.530000000000001 3.821880794701987
4.564000000000007 3.704106923751096
0.1349999999999909 3.3813179688175206
5.618000000000009 3.0585290138839447
0.09199999999999875 2.745844575670495
2.9099999999999966 2.433160137457045
3.406000000000006 2.4317768643570172
0.09199999999999875 2.4297967433290557
3.3810000000000002 2.4278166223010946
0.12999999999999545 2.4478194222616585
3.059999999999988 2.467822222222222
0.13000000000002387 2.509993386822271
2.2849999999999966 2.55216455142232
0.11199999999999477 2.5526371890059583
2.9410000000000025 2.553109826589596
2.7339999999999804 2.6588588149231898
1.8930000000000007 3.932707871104068
0.29699999999999704 3.9341476318271056
1.7450000000000045 3.935587392550143
2.703000000000003 3.033681095079541
0.09600000000000364 3.702426244210548
1.6219999999999857 4.371171393341554
4.069999999999993 4.361871253071253
0.12999999999999545 4.1070176569004575
4.413000000000011 3.852164060729662
0.09000000000000341 3.6399908611868796
5.242999999999995 3.4278176616440974
4.400000000000006 3.5657090909090914
0.09399999999999409 3.9149465563375543
4.043000000000006 4.264184021766017
2.4869999999999948 4.611686369119421
