0.483 3.011196687370601
0.125 3.0197589276269063
0.4109999999999999 3.0283211678832123
0.369 3.0321300813008127
1.0290000000000001 2.972633624878523
1.108 2.971559566787004
0.09599999999999964 2.9644286066514622
2.167 2.9572976465159204
2.444000000000001 2.964042553191489
2.1189999999999998 4.003726285983954
4.186999999999999 3.9273350847862436
0.1120000000000001 3.8039228976423267
4.715000000000002 3.6805107104984094
5.2059999999999995 3.340026123703419
0.09299999999999997 3.604191534712795
4.347999999999999 3.868356945722171
4.566999999999997 3.870309612437049
4.667999999999999 3.8995304198800342
4.112000000000002 3.901554474708171
0.09100000000000108 3.7653045292402814
4.744999999999997 3.629054583772392
0.24799999999999756 3.72778319328582
4.786999999999999 3.826511802799248
0.12100000000000222 3.873762326911285
4.201999999999998 3.921012851023322
0.09900000000000375 3.8373084538235136
4.732999999999997 3.753604056623705
4.727000000000004 3.65005965728792
5.512999999999991 2.9599463087248328
0.09199999999999875 2.7227820051832587
7.00500000000001 2.485617701641685
0.10199999999998965 2.6482912464651256
2.7550000000000097 2.810964791288566
1.9470000000000027 3.591884951206985
2.0330000000000013 3.533599606492868
3.5919999999999987 2.0176726057906453
0.14799999999999613 1.8850104636277745
4.915000000000006 1.7523483214649036
4.780999999999992 1.2686835390085756
0.15500000000000114 2.1349942955359116
2.5930000000000035 3.001305052063248
2.3930000000000007 3.2622181362306732
0.2990000000000066 3.2659785112599318
2.1370000000000005 3.2697388862891907
2.5559999999999974 2.987333333333333
1.840999999999994 3.846005431830527
1.5420000000000016 3.476674448767834
2.165999999999997 3.789680517082179
4.658999999999992 3.681387422193604
4.242999999999995 3.6196672165920343
5.333999999999989 3.220797900262467
5.927999999999997 2.879716599190283
4.359000000000009 3.938738242716219
4.313999999999993 3.9100435790449697
4.537000000000006 3.852009698038352
4.416999999999973 3.843202173420874
0.2750000000000057 3.8584127821064653
4.582999999999998 3.873623390792057
0.12700000000000955 3.8747505918848564
4.385999999999996 3.875877792977656
0.11400000000000432 3.8779268066788104
4.632000000000005 3.8799758203799652
4.122000000000014 3.806191169335274
4.448999999999984 3.8750496740840634
2.9679999999999893 3.8643072776280323
