0.39699999999999996 3.663496221662469
0.10900000000000004 3.629062816713587
1.3599999999999999 3.5946294117647053
1.618 4.340029666254635
1.726 4.3257288528389335
1.3440000000000003 5.933029761904763
1.3390000000000004 4.786007468259895
1.5119999999999987 4.791084656084656
1.75 4.8479405714285715
3.4990000000000006 4.699557587882252
0.10099999999999909 4.49590889535097
4.042999999999999 4.292260202819688
4.611999999999998 3.7702029488291413
3.936 4.273276422764227
3.421999999999997 5.1653138515488015
2.3949999999999996 7.600420876826723
0.1039999999999992 6.657921874109833
2.807000000000002 5.715422871392945
0.09799999999999898 5.576351157830985
3.1670000000000016 5.437279444269025
0.31799999999999784 6.360292207223976
2.5150000000000006 7.283304970178927
0.09599999999999653 7.379423809953348
2.2040000000000006 7.475542649727768
0.09600000000000364 6.330562918559156
3.425999999999995 5.185583187390543
3.4939999999999998 4.9381316542644536
0.10599999999999454 4.814306413507621
3.4790000000000063 4.69048117275079
0.12399999999999523 4.475900400374416
4.0859999999999985 4.261319627998042
0.11000000000000654 4.201028872712907
4.292000000000002 4.140738117427772
0.10799999999998988 4.240300056590744
3.7680000000000007 4.339861995753716
4.084000000000003 4.28362389813908
0.30400000000000205 4.507904671744448
3.5589999999999975 4.732185445349817
3.7249999999999943 5.144886979865772
2.8619999999999948 5.512363382250174
3.2930000000000064 5.185822046765867
0.10500000000000398 5.150240417769934
3.384999999999991 5.114658788774003
0.11599999999999966 5.045634369364922
3.3970000000000056 4.976609949955843
0.10699999999999932 4.802800664633094
3.7120000000000033 4.628991379310345
0.09099999999999397 4.32742540945306
4.353999999999999 4.025859439595774
3.9980000000000047 4.575809904952476
0.29299999999999216 4.742344729131384
3.76100000000001 4.908879553310291
3.8229999999999933 4.486420088935391
3.3619999999999948 4.568187983343249
3.4639999999999986 4.959508083140879
3.4210000000000065 4.990049693072201
3.7620000000000005 4.563785220627326
3.7169999999999987 4.538048964218456
3.8310000000000173 4.561881493082746
3.6829999999999927 4.609129513983166
0.3050000000000068 4.630058076352338
3.8170000000000073 4.650986638721509
0.09499999999999886 4.733368673468403
3.530000000000001 4.8157507082152975
3.5389999999999873 5.078284261090704
2.820999999999998 5.561545551222971
4.211000000000013 4.094062218000475
2.6399999999999864 4.344418181818181
