0.432 3.366685185185185
0.368 3.3821739130434785
2.122 3.309221489161169
2.257 3.3080230394328756
2.4109999999999996 3.307338034010784
1.9360000000000008 3.310157024793388
2.266 3.196875551632833
2.75 3.085053090909091
2.198999999999998 3.10262119145066
0.10500000000000043 3.1055418882423362
2.3520000000000003 3.108462585034013
2.3909999999999982 3.144521957340025
0.2970000000000006 3.1479209185583765
2.3290000000000006 3.151319879776728
2.4410000000000025 3.103157722244981
2.6960000000000015 3.0755311572700297
0.10699999999999932 3.075058794426506
5.2180000000000035 3.0745864315829823
5.611000000000004 3.0689474247014785
6.088999999999999 3.008295615043521
0.1109999999999971 3.0500378431757293
5.329000000000001 3.0917800713079377
5.750999999999998 3.089168492436098
5.475999999999999 3.150809349890431
0.12699999999999534 3.1102225831468715
5.3160000000000025 3.0696358164033115
5.631 3.092124311845143
2.4669999999999987 3.139119578435347
2.2790000000000106 3.0686265906099166
0.12099999999999511 3.0885772503027953
2.311000000000007 3.1085279099956735
0.09499999999999886 3.0975944490353156
2.347999999999999 3.0866609880749576
2.808000000000007 3.067233618233618
0.09299999999998931 3.057630879468568
1.990000000000009 3.0480281407035172
0.11199999999999477 3.0505703669386555
2.5490000000000066 3.0531125931737937
2.551000000000002 3.0601677773422193
0.2430000000000092 3.0712025476918416
2.266999999999996 3.0822373180414644
5.652000000000001 3.040130219391365
5.691999999999993 3.079513703443429
0.10699999999999932 3.0461870229997112
6.072000000000003 3.012860342555994
0.12999999999999545 3.0262108759207367
6.074000000000012 3.039561409285479
0.125 2.8610056029849353
6.393999999999991 2.6824497966843914
0.10899999999999466 2.822102501186279
1.9690000000000225 2.961755205688166
2.4879999999999995 3.0179646302250807
0.10900000000000887 3.0729496128750187
2.3240000000000123 3.127934595524957
0.2669999999999959 3.1149289644291454
2.4000000000000057 3.101923333333333
0.11299999999999955 3.0970219998499173
2.2210000000000036 3.0921206663665015
2.686000000000007 3.052881608339538
0.11899999999999977 3.065077956947547
2.304000000000002 3.077274305555556
0.09499999999999886 3.07116615830264
5.792000000000002 3.065058011049724
0.10599999999999454 3.0582514969985652
5.570999999999998 3.051444982947406
0.12800000000001432 3.0544778504393375
5.877999999999986 3.057510717931269
0.12100000000000932 3.0481355642726267
5.163000000000011 3.0387604106139845
5.7169999999999845 3.0155843974112293
3.7579999999999814 3.0519595529536985
