3.704 0.39265874730021594
0.20699999999999985 0.3935781850605675
3.1550000000000002 0.39449762282091916
0.1509999999999998 0.39347048801515966
2.851 0.39244335320940016
0.1509999999999998 0.4243787408248836
2.7249999999999996 0.45631412844036695
0.9820000000000011 1.3315030549898168
0.1269999999999989 1.1738280825188316
2.507999999999999 1.0161531100478467
0.10300000000000153 0.9698084827347667
1.3279999999999994 0.9234638554216867
1.4969999999999999 0.9290527722110887
0.1039999999999992 0.876583802373487
1.463000000000001 0.8241148325358852
0.14699999999999847 0.8214908231847933
1.3590000000000018 0.8188668138337014
0.1579999999999977 0.9074167159644067
7.5489999999999995 0.995966618095112
0.11700000000000088 1.070124250737609
6.413999999999998 1.144281883380106
4.765999999999998 1.5893428451531686
0.13700000000000045 1.5681445569049428
5.359999999999999 1.5469462686567168
0.1319999999999979 1.9916065665003377
2.6980000000000004 2.4362668643439584
2.2979999999999947 3.213820713664056
0.11700000000000443 3.150541494556579
2.5049999999999955 3.0872622754491017
3.834000000000003 1.8481251956181535
0.27199999999999847 1.6754570443667032
5.257999999999996 1.5027888931152529
3.2420000000000044 2.2794694632942627
2.7860000000000014 2.560241206030151
0.11599999999999966 2.7263446756872938
2.641999999999996 2.892448145344436
2.618000000000009 2.9580626432391135
2.019999999999996 3.4620792079207923
1.990000000000009 3.609953768844221
0.10599999999999454 3.8385010146129073
1.7819999999999965 4.067048260381593
0.11800000000000921 4.507027485895494
3.8739999999999952 4.947006711409395
0.12199999999999989 5.163882619006198
2.932000000000002 5.380758526603001
2.6230000000000047 6.510450629050705
3.3170000000000073 5.219511606873681
3.492999999999995 4.839835098768966
0.10699999999999932 5.128432051276034
3.1720000000000113 5.417029003783102
4.197000000000003 4.176457469621157
0.10500000000000398 4.333453084344207
4.073999999999998 4.490448699067255
0.3149999999999977 5.502510164635957
2.834000000000003 6.514571630204658
2.7049999999999983 6.340696487985212
0.10299999999999443 6.230979571214607
2.5090000000000003 6.121262654444002
2.282999999999987 7.525070521243977
0.11899999999999977 6.5656485611146
3.0450000000000017 5.606226600985222
3.1629999999999967 5.428061966487512
2.4550000000000125 6.8708464358452135
2.9749999999999943 5.874476638655461
0.12299999999999045 6.084332127262473
2.6970000000000027 6.294187615869485
0.29599999999999227 6.126754096622221
2.9790000000000134 5.9593205773749585
3.0829999999999984 5.513979889717806
0.11699999999999022 5.511748988390478
3.2620000000000005 5.50951808706315
2.6670000000000016 5.882684664416948
2.6899999999999977 6.408957620817844
0.11299999999999955 6.652844414738447
1.663000000000011 6.89673120865905
