0.761 1.911180026281209
0.139 1.9204272224429302
0.6449999999999999 1.9296744186046513
0.5800000000000001 1.9290620689655174
0.121 1.912714543472219
1.613 1.8963670179789207
1.7349999999999994 1.8976876080691645
3.404000000000001 1.8826274970622798
0.09399999999999942 1.8852960263523544
3.8369999999999997 1.887964555642429
11.331999999999999 0.7486671373102718
1.0120000000000005 1.1913833992094862
0.929000000000002 1.1978902045209903
0.9250000000000007 1.2267243243243242
0.25900000000000034 1.2680707575500028
0.9540000000000006 1.3094171907756813
2.3629999999999995 1.3080016927634366
0.3149999999999977 1.3629297109508016
5.8480000000000025 1.4178577291381669
5.3700000000000045 1.2240312849162012
0.11899999999999977 1.5475818953083667
3.9469999999999956 1.871132505700532
4.6469999999999985 1.6642117495158166
5.1540000000000035 1.3747986030267751
0.15499999999999403 1.190049683192777
7.859999999999999 1.0053007633587787
0.1560000000000059 1.0645451505358372
6.575999999999993 1.1237895377128957
0.28600000000000136 1.1662294052911624
2.558000000000007 1.2086692728694293
1.316999999999993 0.9586150341685648
1.3560000000000088 0.9671209439528025
0.1389999999999958 0.9577673685281254
2.8999999999999915 0.9484137931034484
0.10099999999999909 0.9479193019482361
3.0390000000000015 0.947424810793024
0.14100000000000534 1.2321343392600532
4.778000000000006 1.5168438677270826
0.11899999999999977 1.3160285634116444
7.722999999999999 1.1152132590962063
0.09899999999998954 1.0875363866684946
5.722999999999999 1.0598595142407827
6.188000000000002 0.8052954104718809
0.27899999999999636 0.7971652432902092
1.5109999999999957 0.7890350761085374
0.12300000000000466 0.7844147516765597
1.6149999999999949 0.779794427244582
0.09199999999999875 0.6038754744918562
2.9440000000000026 0.4279565217391304
0.23400000000000887 0.39166396633421474
3.23899999999999 0.35537141092929914
0.2610000000000099 0.4568182274389565
5.915999999999997 0.5582650439486139
3.3029999999999973 0.9714514078110807
0.0940000000000083 0.9073644362999065
5.680000000000007 0.8432774647887323
0.14799999999999613 0.7936811352212212
1.414999999999992 0.7440848056537102
0.1810000000000116 0.8947441941861807
0.9489999999999839 1.0454035827186512
0.30000000000001137 1.0448882166986921
1.1049999999999898 1.044372850678733
0.11700000000001864 0.9984802382012989
3.2809999999999775 0.9525876257238648
0.13500000000001933 0.9185542928619324
3.125 0.8845209599999999
6.974999999999994 0.7357155555555557
0.12899999999999068 0.9859524621631599
2.4080000000000155 1.2361893687707641
4.813999999999993 1.618565849605318
5.252999999999986 1.4604896249762038
9.679999999999978 0.8116231404958678
0.12600000000000477 1.1934200082664215
4.2190000000000225 1.5752168760369754
4.2169999999999845 1.605634337206545
3.533999999999992 1.355631013016412
