0.24 6.060033333333334
0.20400000000000001 6.101176470588235
0.09699999999999998 6.0554019397909045
0.4670000000000001 6.009627408993575
0.5089999999999999 6.00950884086444
0.09099999999999997 5.999589282817541
0.8719999999999999 5.989669724770643
2.6029999999999998 5.967345370726085
0.09800000000000075 5.96988029781979
2.889999999999999 5.972415224913495
0.10899999999999999 5.972090272169916
3.0680000000000014 5.9717653194263365
2.960000000000001 5.555321621621623
3.040000000000001 5.708423684210527
2.9830000000000005 5.829090177673483
0.120000000000001 5.842751216970445
2.872 5.856412256267408
3.1320000000000014 5.643583652618136
0.26200000000000045 5.655385848725008
3.2119999999999997 5.667188044831881
0.09499999999999886 4.556075448226548
4.657 3.444962851621216
2.945999999999998 5.845167684996605
3.145000000000003 5.824328139904611
4.170000000000002 3.9511021582733816
3.304000000000002 5.3770605326876515
0.09700000000000131 5.764079642457908
2.8049999999999997 6.1510987522281635
0.0940000000000012 4.670679776896096
5.114999999999995 3.1902608015640275
0.09100000000000108 2.375786426606978
11.152000000000001 1.5613120516499281
0.23900000000000432 2.3771389579126394
5.5660000000000025 3.1929658641753504
3.1380000000000052 5.211153601019759
3.353999999999999 5.215957066189624
4.218999999999994 3.9919051908035086
4.917000000000002 3.8976416514134637
0.09499999999999886 4.290920588177041
3.367999999999995 4.684199524940618
0.12199999999999989 4.521389195854688
3.9180000000000064 4.3585788667687595
0.09000000000000341 4.256697640727792
4.167000000000002 4.154816414686825
2.725999999999999 6.201593543653705
0.26900000000000546 6.220407519829758
2.754000000000005 6.239221496005811
2.9819999999999993 5.878132796780684
0.12000000000000455 5.871751233273317
3.1189999999999998 5.8653696697659505
2.944999999999993 6.269030899830221
2.8370000000000033 6.045676418752203
2.673000000000002 5.74569696969697
2.9709999999999894 5.782475934028946
2.9279999999999973 5.830245901639344
3.59699999999998 4.773133166527662
0.2960000000000207 4.525537924881888
3.9429999999999836 4.277942683236115
2.960000000000008 5.904245945945946
2.953000000000003 5.748535049102608
3.3530000000000086 5.294606620936475
2.7360000000000184 6.2133040935672526
2.812000000000012 6.391197724039829
2.919000000000011 5.37482699554642
3.600999999999999 4.787585670647042
0.10500000000001819 4.526419090436946
2.688999999999993 4.26525251022685
