0.313 4.646670926517572
0.26700000000000007 4.661573033707865
0.6120000000000001 4.5857777777777775
0.6699999999999999 4.5654328358208955
1.749 4.55917209834191
1.4029999999999996 4.56768638631504
0.10099999999999998 4.5647373997066385
1.588 4.561788413098237
0.1120000000000001 4.560806600775102
4.018 4.559824788451966
3.529 4.6596066874468685
3.815999999999999 4.547591194968553
3.8659999999999997 4.497717537506467
3.7119999999999997 4.531146551724139
3.8339999999999996 4.610251434533125
4.0240000000000045 4.523610337972167
3.548000000000002 4.521756482525367
0.23900000000000432 4.53984383152208
3.7779999999999987 4.557931180518793
4.012999999999998 4.564543234487916
3.6270000000000024 4.542623655913979
3.8619999999999948 4.600157431382703
3.780999999999999 4.56329859825443
0.12100000000000222 4.554376875728886
3.5899999999999963 4.545455153203343
0.11299999999999955 4.514776507840405
3.8829999999999956 4.484097862477467
0.11700000000000443 4.486561181807058
3.959000000000003 4.489024501136651
3.5799999999999983 4.567765363128492
0.31399999999999295 4.548812769601533
3.862000000000009 4.529860176074572
3.694999999999993 4.5580102841677945
0.10200000000000387 4.5215401292123785
4.272999999999996 4.485069974256962
0.1290000000000049 4.530957383415107
3.4470000000000027 4.576844792573252
3.7310000000000088 4.577033503082284
3.7849999999999966 4.574140026420078
0.11499999999999488 4.5274018446439115
3.7730000000000103 4.4806636628677445
0.12699999999999534 4.530763183073435
3.7510000000000048 4.580862703279125
3.9129999999999967 4.479578839764887
0.277000000000001 4.542090955246149
3.972999999999999 4.604603070727411
4.010000000000005 4.604063840399002
3.7510000000000048 4.57253639029592
3.3799999999999955 4.543860355029587
0.12100000000000932 4.525897115326391
3.810999999999993 4.507933875623196
3.7690000000000197 4.529307508622978
3.757000000000005 4.569858929997339
3.680000000000007 4.583676086956522
0.11899999999999977 4.552128783260981
3.8659999999999854 4.5205814795654415
0.22700000000000387 4.48453392636553
3.8160000000000025 4.448486373165618
0.09200000000001296 4.494424260751607
3.9099999999999966 4.5403621483375955
0.09000000000000341 4.532571279119557
3.7569999999999766 4.524780409901519
3.975999999999999 4.520132796780684
0.12299999999999045 4.555139540578757
3.4180000000000064 4.5901462843768295
3.77200000000002 4.57054506892895
0.12899999999999068 4.56363248678867
2.516999999999996 4.556719904648391
