0.17099999999999999 8.505309941520467
0.38 8.397157894736841
0.12 8.364689435759132
1.249 8.332220976781425
2.074 8.335108968177437
5.199 3.436131563762262
0.12299999999999933 4.138290150843425
3.2089999999999996 4.840448737924588
3.151 5.477715011107585
3.4129999999999985 5.368114854966306
10.828999999999997 1.5184921968787515
1.9960000000000022 3.6628777555110217
1.0520000000000067 7.146912547528517
1.0129999999999981 7.245235932872655
3.6090000000000018 2.0988661679135494
0.09799999999999898 3.9145443486423313
1.4470000000000027 5.7302225293711135
3.3190000000000026 4.833742693582404
2.4299999999999997 7.0863637860082305
11.315999999999995 1.6187267585719334
0.13799999999999812 1.5499552855402248
7.338999999999999 1.4811838125085162
0.10999999999999943 2.251426323080262
2.615000000000009 3.021668833652008
0.10499999999998977 2.2502820854271643
4.997 1.478895337202321
0.09700000000000841 1.5265596848944396
1.9639999999999986 1.574224032586558
0.13800000000000523 3.0953024924837553
0.6929999999999978 4.616380952380952
0.45699999999999363 7.034625820568928
1.0159999999999911 6.883267716535435
1.0449999999999875 6.874457416267942
2.3370000000000033 7.206610183996577
2.7240000000000038 7.0355007342143905
4.412000000000006 3.5757896645512237
0.1039999999999992 3.9076704032785914
4.027999999999992 4.239551142005959
3.549999999999997 4.876935211267606
4.042000000000002 4.182470064324592
3.3840000000000003 5.077664302600473
0.12299999999999045 4.552686930712001
4.352000000000004 4.027709558823529
0.23499999999999943 4.063842228985947
4.462000000000003 4.099974899148364
2.926000000000002 6.309738892686261
2.6410000000000053 6.494352139341158
2.2099999999999937 6.9494334841628955
2.658999999999992 6.460976306882288
2.644999999999996 6.454049149338374
2.657999999999987 6.459352896914975
2.6970000000000027 6.254329996292176
0.10299999999998022 6.333874722916731
2.7250000000000227 6.413419449541286
0.27199999999999136 4.8867794001467315
5.0519999999999925 3.360139350752177
2.674999999999983 6.636566728971961
0.1220000000000141 6.722288170252901
2.4969999999999857 6.8080096115338415
0.10599999999999454 6.2530929478087725
3.154000000000025 5.698176284083703
2.3739999999999952 6.608727885425441
0.12800000000001432 6.165315817920155
3.0130000000000052 5.721903750414869
2.5859999999999843 4.435136890951276
