0.514 2.8295875486381323
0.09399999999999997 2.8421332238603507
0.43600000000000005 2.854678899082569
0.3939999999999999 2.839736040609137
0.11100000000000021 2.8458496716807153
0.4359999999999997 2.8519633027522935
1.8780000000000001 2.781145899893504
0.12400000000000011 2.8443987212716157
2.2039999999999997 2.907651542649728
4.083 1.7742150379622823
0.16500000000000092 1.9943766393152575
3.8309999999999995 2.214538240668233
0.12400000000000055 2.485585079930076
2.474999999999998 2.7566319191919186
0.125 2.7037517826561475
2.7580000000000027 2.6508716461203767
2.6819999999999986 2.803337807606264
0.11599999999999966 2.8306844801271196
2.5680000000000014 2.858031152647975
2.8599999999999994 2.6485342657342663
0.23100000000000165 2.817178908164216
2.7769999999999975 2.985823550594166
0.1280000000000001 3.060162132950874
2.0970000000000013 3.1345007153075817
0.10900000000000176 3.1338318714820295
5.495999999999995 3.133163027656477
0.09800000000000608 3.18102819107132
5.672999999999995 3.228893354486163
0.12700000000000244 3.1761619379065884
5.274999999999999 3.123430521327014
0.12899999999999778 3.073441605115515
5.876000000000005 3.0234526889040163
0.12199999999999989 2.803954624859438
6.676000000000002 2.5844565608148593
0.125 2.5885568472965303
6.293999999999997 2.5926571337782014
0.10899999999999466 2.6722464639002643
2.777000000000001 2.751835794022327
0.30800000000000693 2.231442421978022
4.525999999999996 1.7110490499337163
0.10500000000000398 1.4696270890694223
5.694000000000003 1.2282051282051283
0.10499999999998977 1.2462574391465628
5.682000000000002 1.2643097500879974
0.09900000000000375 1.8706169392955365
2.926000000000002 2.4769241285030756
3.0889999999999986 2.788213661379087
0.10699999999999932 2.983618361087866
1.9080000000000013 3.179023060796645
0.09300000000000352 2.967900478326059
2.8229999999999933 2.756777895855473
3.4749999999999943 2.246471366906475
0.12600000000000477 1.8529173877138891
4.787999999999997 1.4593634085213032
0.30700000000000216 1.4781255388028982
5.100999999999999 1.4968876690844932
0.09499999999999886 2.156097114860338
2.5150000000000006 2.815306560636183
0.09100000000000819 2.881431216261152
2.809999999999988 2.947555871886121
2.75 2.9848901818181814
2.706000000000003 2.790663710273466
0.09299999999998931 2.8239687978118924
2.041000000000011 2.8572738853503186
2.522999999999996 2.976098295679746
2.6670000000000016 2.7256542932133483
2.7390000000000043 2.718005111354509
0.2530000000000143 2.717309517702571
2.5279999999999916 2.716613924050633
2.8259999999999934 2.901641896673744
5.3729999999999905 3.1593940070723994
0.1290000000000191 3.1796263474439144
5.548000000000002 3.1998586878154294
5.263000000000005 3.230020900627019
6.027999999999992 2.9814280026542797
5.257999999999981 2.983856979840244
5.649000000000001 3.0518845813418296
3.7920000000000016 3.024594936708861
