0.741 1.9627638326585692
0.624 1.9946153846153845
1.4400000000000002 1.9489555555555556
1.5729999999999995 1.9445899554990467
0.13600000000000012 1.9441952382631071
2.6870000000000003 1.9438005210271678
0.10899999999999999 2.119136923599871
2.793 2.294473326172574
0.09999999999999964 2.4672293744565494
2.7439999999999998 2.639985422740525
3.0470000000000006 2.7843439448638003
2.405999999999999 2.83568744804655
0.09700000000000131 2.8806496463922224
2.4989999999999988 2.925611844737895
0.09700000000000131 2.7949377437722074
2.821999999999999 2.66426364280652
2.9299999999999997 2.504922866894198
2.8619999999999983 2.646683438155136
0.22800000000000153 3.1157394709150084
2.3130000000000024 3.5847955036748806
0.09299999999999642 3.360034257602537
5.116999999999997 3.135273011530193
0.09000000000000341 2.7581691385084595
7.231999999999999 2.3810652654867264
4.978999999999999 3.6789540068286812
0.12299999999999756 2.842893324973415
8.21 2.0068326431181487
1.9209999999999994 4.113307652264446
1.8009999999999948 4.10329816768462
0.10099999999999909 4.106036180616503
1.735999999999997 4.108774193548387
1.793999999999997 4.259670011148272
0.29699999999999704 3.24574910829924
7.962999999999994 2.231828205450207
7.492999999999995 2.1823835579874555
0.09199999999999875 2.4410241728306312
2.6610000000000014 2.699664787673807
2.1539999999999964 3.364661095636026
2.209000000000003 3.898955183340878
1.3969999999999914 4.341858267716535
0.10300000000000864 4.190909261608445
4.22699999999999 4.039960255500355
5.552999999999997 3.117795786061589
5.11399999999999 3.305737974188502
0.27000000000001023 3.860322224504323
3.891999999999996 4.414906474820144
0.11700000000000443 4.416197189022975
3.9679999999999893 4.4174879032258065
4.141000000000005 4.4177947355711185
4.180000000000007 4.416817224880383
0.117999999999995 4.483758041997103
3.7690000000000055 4.550698859113823
4.036000000000001 3.8053141724479684
6.425999999999988 2.6734727668845317
0.09300000000001774 2.201351456375815
9.871999999999986 1.7292301458670987
0.11899999999999977 2.112873959586802
2.9819999999999993 2.4965177733065054
0.10800000000000409 2.8849605072442914
2.098000000000013 3.273403241182078
0.10099999999999909 3.2714783351045957
2.5079999999999814 3.269553429027113
0.09600000000000364 2.7496621077719836
1.335000000000008 2.229770786516854
2.63900000000001 1.3286275104206138
5.795999999999992 1.3236632160110422
0.10699999999999932 1.3239344227703955
5.932999999999993 1.3242056295297486
3.3700000000000045 1.9720593471810088
0.29400000000001114 3.055393976768989
1.6359999999999957 4.138728606356969
1.156000000000006 4.144290657439448
