1.5819999999999999 0.9193476611883693
0.11900000000000022 0.9189505833617123
1.355 0.9185535055350553
0.14400000000000013 0.9204704873099843
1.213 0.9223874690849133
0.0909999999999993 0.9234450356576983
1.3450000000000006 0.9245026022304833
0.15399999999999991 0.9216806756760287
1.423 0.9188587491215743
1.0919999999999996 0.9251941391941392
0.10599999999999987 0.919171902061701
1.343 0.9131496649292627
0.15800000000000125 0.9155820931907039
1.5149999999999988 0.9180145214521452
0.09200000000000053 0.9014053932640056
7.711 0.8847962650758658
6.974 1.04833725265271
0.11699999999999733 1.038715026545353
7.306000000000001 1.0290928004379962
0.1109999999999971 0.9669270708304379
8.112000000000002 0.9047613412228797
1.064 1.2086165413533836
0.14099999999999824 1.2081739297866834
1.1910000000000025 1.2077313182199831
0.10999999999999943 1.2121219023238896
0.9209999999999994 1.2165124864277959
2.4040000000000035 1.2186821963394345
2.036999999999999 1.4171075110456555
3.2920000000000016 1.413105710814095
0.10099999999999909 1.2929907357692265
6.737000000000002 1.172875760724358
6.695 1.103814787154593
0.10699999999999932 1.1349409067373424
6.11699999999999 1.1660670263200916
5.4140000000000015 1.4114975988178797
4.356999999999999 1.7774174890980032
0.14499999999999602 1.841488036102135
3.6700000000000017 1.9055585831062671
0.1280000000000001 1.7888835746071372
4.2960000000000065 1.6722085661080075
0.10699999999999932 1.671644979387875
4.337000000000003 1.6710813926677426
0.24899999999999523 1.6715717582635938
5.150999999999996 1.6720621238594449
2.989999999999995 1.303438127090301
0.125 1.2688997957224146
2.594999999999999 1.2343614643545282
0.10600000000000875 1.239087564475401
2.5759999999999934 1.2438136645962736
0.12400000000000944 1.2635870830818359
2.23299999999999 1.2833605015673981
2.1899999999999977 1.4623634703196344
0.11399999999999011 1.459777742568749
4.859000000000009 1.4571920148178639
0.13700000000000045 1.3705609740807656
6.450999999999993 1.2839299333436676
0.15800000000000125 1.2271123861186544
7.01400000000001 1.1702948388936412
0.09699999999997999 1.1389621380615391
1.1550000000000011 1.107629437229437
0.14300000000000068 1.1108940836940837
0.9450000000000216 1.1141587301587301
0.15399999999999636 1.1138066378066378
0.8909999999999911 1.1134545454545455
0.11000000000001364 1.1088956937799044
1.0449999999999875 1.1043368421052633
0.15399999999999636 1.1126849203352716
2.788000000000011 1.1210329985652798
0.10899999999998045 1.2153219912734867
5.244 1.3096109839816936
0.14400000000000546 1.2438888253241802
6.960000000000008 1.1781666666666668
0.14300000000000068 1.244597386587771
5.407999999999987 1.3110281065088754
0.09700000000000841 1.3581088233175573
5.545000000000016 1.4051895401262395
0.14699999999999136 1.4667334154814466
5.019999999999982 1.5282772908366535
3.6200000000000045 1.4114055248618784
4.733000000000004 1.4041495879991546
3.8669999999999902 1.7509594000517192
0.13500000000001933 1.7536625379394883
1.782999999999987 1.7563656758272572
