0.474 3.0683713080168773
0.129 3.078404016291317
0.403 3.088436724565757
0.09600000000000009 3.089599577752492
0.3619999999999999 3.0907624309392268
0.40400000000000014 3.077861386138614
0.10399999999999987 3.031069914626193
2.6719999999999997 2.9842784431137725
0.12400000000000055 2.962644958133297
2.1790000000000003 2.9410114731528223
0.11899999999999977 2.3569619284511054
4.086 1.7729123837493885
0.11999999999999922 2.0527877838460995
3.6370000000000005 2.33266318394281
2.418000000000001 2.821614557485525
2.5500000000000007 2.867099607843137
2.6000000000000014 2.891750769230769
0.0990000000000002 2.8589335286277064
2.5970000000000013 2.8261162880246444
0.29100000000000037 2.816320092882274
2.698999999999998 2.8065238977399036
0.11299999999999955 2.8186992995015667
2.929000000000002 2.83087470126323
2.2860000000000014 2.875349081364829
0.11500000000000199 2.8761942134521843
2.567 2.8770393455395395
0.13700000000000045 2.877896696186397
6.3629999999999995 2.878754046833255
0.1319999999999979 2.8876976985221123
5.688000000000002 2.8966413502109702
0.10999999999999943 2.894341186256389
6.143000000000001 2.892041022301807
5.969000000000001 2.8905732953593564
0.132000000000005 2.8855500192595542
5.664999999999992 2.8805267431597525
0.13500000000000512 2.853325536812793
6.161000000000001 2.8261243304658334
0.14099999999999113 2.6931001946192605
6.942000000000007 2.560076058772688
2.4399999999999977 2.8661475409836066
2.507000000000005 2.8654998005584362
0.09499999999999886 2.847168323386166
2.5619999999999976 2.828836846213896
3.0459999999999923 2.8275745239658567
2.1430000000000007 2.8304134391040603
2.7749999999999915 2.804462702702703
0.12600000000000477 2.809820244247132
2.772999999999996 2.8151777857915614
0.125 2.868783372193146
2.3910000000000053 2.9223889585947305
0.2990000000000066 2.93696255042222
2.586999999999989 2.9515361422497097
0.12300000000000466 2.9539509521269425
2.394999999999996 2.9563657620041752
0.10800000000000409 2.956696269077775
2.801000000000002 2.9570267761513747
0.09499999999999886 2.913258181361357
6.4339999999999975 2.8694895865713397
6.233000000000004 2.751738167816461
5.501000000000005 2.791901108889293
0.09600000000000364 2.836478476631465
5.962999999999994 2.881055844373637
0.14000000000001478 2.872060021438492
2.5389999999999873 2.8630641985033476
2.8149999999999977 2.6446238010657197
0.27299999999999613 2.645039173260132
2.5960000000000036 2.645454545454545
0.11600000000001387 2.646168202359293
3.0979999999999848 2.646881859264041
0.10200000000000387 2.6408025052544657
2.6910000000000025 2.63472315124489
0.11199999999999477 2.6277847172302486
2.973000000000013 2.6208462832156068
0.12599999999997635 2.6218679279325894
2.9250000000000114 2.6228895726495725
2.975999999999999 2.639956989247312
0.1220000000000141 2.7685050857308924
2.294000000000011 2.897053182214473
0.10599999999999454 2.890997830987935
2.34699999999998 2.884942479761397
3.9749999999999943 2.8853494339622645
