0.27699999999999997 5.250570397111914
0.23500000000000004 5.296340425531915
0.21299999999999997 5.252845070422535
0.09100000000000008 5.2274769569799755
0.5879999999999999 5.202108843537415
0.1080000000000001 5.186694025729103
1.0100000000000002 5.171279207920792
0.09499999999999975 5.171783268205755
1.2389999999999999 5.172287328490718
3.5040000000000004 4.92587899543379
0.09499999999999975 4.963127270642659
3.6639999999999997 5.0003755458515275
3.3370000000000015 4.9277051243632
3.635 4.774032462173316
3.594000000000001 4.838112409571509
0.10600000000000165 4.8651900035059406
3.437999999999999 4.892267597440372
3.5919999999999987 4.920853006681515
0.11100000000000065 4.884908122946511
3.7540000000000013 4.848963239211508
0.2359999999999971 4.803365368122955
3.372 4.7577674970344015
3.548000000000002 4.853400225479143
3.804000000000002 4.81532912723449
0.09300000000000352 4.802445958966082
3.4399999999999977 4.7895627906976745
3.7420000000000044 4.74767717797969
3.5649999999999977 4.839784572230014
3.3400000000000034 4.885683832335331
3.584000000000003 4.858189732142857
0.11699999999999733 4.817169039680673
3.7209999999999965 4.77614834721849
0.2710000000000008 4.7566431191480625
3.451999999999998 4.737137891077636
3.5960000000000036 4.8649388209121245
0.10699999999999932 4.844650447408225
3.4909999999999997 4.824362073904325
0.10699999999999932 4.7273180265631805
4.138999999999996 4.630273979222035
3.3589999999999947 4.6967502232807385
3.568000000000012 4.786130044843048
3.5970000000000084 4.813211009174313
0.10699999999999932 4.7035544176306345
3.6799999999999926 4.593897826086956
0.11700000000000443 4.652049790236461
3.647999999999996 4.710201754385965
0.24899999999999523 4.673084479414618
3.781000000000006 4.635967204443269
0.12399999999999523 4.567072365437765
4.067000000000007 4.4981775264322605
3.910000000000011 4.721814833759591
0.09299999999998931 4.647175612027755
3.7510000000000048 4.57253639029592
3.1910000000000025 4.8129890316515205
0.10599999999999454 4.610154854460958
3.8980000000000103 4.407320677270395
0.09999999999999432 4.568714370222895
3.6089999999999947 4.730108063175395
0.09100000000000819 4.710540370385512
3.6599999999999966 4.69097267759563
3.576999999999998 4.715663405088063
0.3140000000000214 4.6543583779711
3.8049999999999784 4.593053350854138
0.10200000000000387 4.614940223637941
3.6610000000000014 4.636827096421744
3.6380000000000052 4.879828477185267
3.609999999999985 4.7090304709141275
0.09499999999999886 4.754628483320312
3.7439999999999998 4.800226495726496
3.390999999999991 4.626694190504276
0.10599999999999454 4.716482863303435
3.586999999999989 4.806271536102593
0.11600000000001387 4.737133326048855
2.4569999999999936 4.667995115995116
