0.43 3.3823441860465118
0.367 3.3913896457765667
0.1289999999999999 3.3909311865246474
0.33000000000000007 3.3904727272727277
0.3660000000000001 3.3974207650273223
2.393 3.3322156289176763
0.10300000000000065 3.332375105150466
1.923 3.3325345813832556
2.114 3.426736045411542
3.2620000000000005 2.600826486817903
3.1240000000000006 2.183951344430218
3.847999999999999 1.8999750519750518
3.9549999999999983 1.9010245259165612
0.13599999999999923 1.7102870041591087
4.830000000000002 1.5195494824016564
0.277000000000001 1.5414886730893733
4.844999999999995 1.5634278637770902
5.323999999999998 1.5574064613072875
4.747 1.384674109964188
4.122 1.7916933527413876
5.540000000000006 1.3959552346570394
5.536999999999999 1.2797023659021132
5.0560000000000045 1.5628291139240504
10.811 0.6835667375820923
0.0969999999999942 1.1301383687910462
0.8000000000000114 1.57671
0.09299999999998931 1.577415
0.7999999999999972 1.57812
0.1010000000000133 1.4363531885488645
1.012999999999991 1.2945863770977293
0.10900000000000887 1.2664737378509807
2.2209999999999894 1.2383610986042324
1.4179999999999922 2.030482369534556
3.997 1.8132299224418313
0.10800000000000409 1.636018077752081
5.903999999999996 1.4588062330623306
0.10200000000000387 1.4508084447899665
4.2039999999999935 1.4428106565176022
0.09600000000000364 1.1718790490274975
8.637999999999991 0.9009474415373927
0.10300000000000864 0.9948592158872458
7.170000000000002 1.0887709902370988
0.09299999999998931 0.8959013417832038
9.939000000000007 0.7030316933293087
1.2680000000000007 0.9936151419558361
0.12199999999999989 0.9981350971103222
1.1480000000000103 1.0026550522648083
0.15699999999999648 1.0026894893225882
1.304000000000002 1.002723926380368
1.328000000000003 1.0802891566265063
2.725999999999985 1.0716390315480557
2.282999999999987 1.125060008760403
0.11600000000001387 1.3620103802784878
1.8089999999999975 1.5989607517965725
8.557999999999993 0.8494180883383967
0.1810000000000116 0.9438593928442331
7.1699999999999875 1.0383006973500697
0.10099999999999909 0.9058498450376538
3.5740000000000123 0.7733989927252377
0.17099999999999227 0.7402920687274468
1.8309999999999889 0.7071851447296559
0.15400000000002478 0.6542343943109978
1.931999999999988 0.6012836438923397
0.2009999999999934 0.5684149377192855
2.5740000000000123 0.5355462315462315
0.13399999999998613 0.5382589457326299
2.469999999999999 0.5409716599190283
0.11100000000001842 0.6358804019845663
4.310999999999979 0.7307891440501044
0.16200000000000614 0.7751136314309929
3.2319999999999993 0.8194381188118813
0.18899999999999295 0.770377651877299
6.110000000000014 0.7213171849427167
0.1980000000000075 0.7507253568419819
6.140999999999991 0.7801335287412472
