0.69 2.1078376811594204
0.11499999999999999 2.1213630944390585
0.5830000000000001 2.1348885077186965
0.11799999999999988 2.135054940882249
0.524 2.1352213740458015
0.5860000000000003 2.121938566552901
0.11999999999999966 2.1475989862467477
1.5150000000000006 2.173259405940594
2.7640000000000002 2.318547033285094
0.13100000000000023 2.373507509267421
2.9830000000000005 2.4284679852497484
0.11799999999999855 2.434236293458927
3.4770000000000003 2.4400046016681047
0.120000000000001 2.34697025590508
3.027000000000001 2.253935910142055
3.1140000000000008 2.3478175979447657
3.195999999999998 2.3524881101376725
0.1039999999999992 2.302267988790837
3.2590000000000003 2.252047867444001
3.3629999999999995 2.2523960749330953
0.23100000000000165 2.3444807292091276
3.4029999999999987 2.43656538348516
0.1039999999999992 2.4789363165987366
2.6069999999999993 2.5213072497123132
0.09200000000000585 2.4781544491225596
3.032999999999994 2.435001648532806
3.212999999999994 2.40696918767507
2.942 2.4084677090414686
3.2849999999999966 2.405377168949772
0.12000000000000455 2.4066703374888974
3.0689999999999955 2.4079635060280222
0.1319999999999979 2.4610899659149625
2.8370000000000033 2.5142164258019033
3.0419999999999945 2.512113083497699
0.25 2.471406196488335
3.186 2.4306993094789706
0.12100000000000222 2.395869573713152
2.9620000000000033 2.361039837947333
6.935000000000002 2.522612833453497
6.930000000000007 2.4302810966810973
7.552999999999997 2.5373631669535284
6.917000000000002 2.280813069249675
3.0160000000000053 2.580366047745358
2.9209999999999923 2.672539541252996
2.7819999999999965 2.511657800143781
0.30700000000000216 2.539127051332395
2.9749999999999943 2.5665963025210083
2.6829999999999927 2.6390219903093555
0.11899999999999977 2.5949393905966245
3.247 2.550856790883893
3.114999999999995 2.635135794542536
2.969999999999999 2.5426047138047143
0.13100000000000023 2.498511111111111
2.3760000000000048 2.4544175084175084
0.12099999999999511 2.5285425497026885
2.885000000000005 2.6026675909878683
0.11899999999999977 2.633337540812286
6.408000000000001 2.664007490636704
0.09399999999999409 2.56505172003826
6.961999999999989 2.4660959494398162
0.14100000000001955 2.507060663541661
6.6200000000000045 2.548025377643505
6.8019999999999925 2.569327844751544
0.09800000000001319 2.5824792128956497
6.539999999999992 2.5956305810397557
3.1670000000000016 2.4603018629617934
3.173000000000002 2.417885912385754
0.12600000000000477 2.4564043725155194
3.149000000000001 2.4949228326452846
2.4860000000000184 2.673306516492357
0.11499999999998067 2.681865249680868
0.9340000000000259 2.690423982869379
1.1119999999999948 2.8161870503597126
