1.01 1.440007920792079
0.09299999999999997 1.4461649872338458
0.8570000000000002 1.4523220536756125
0.14300000000000002 1.4498712467601866
0.7729999999999997 1.4474204398447608
0.12600000000000033 1.447491360783847
0.859 1.4475622817229334
0.1419999999999999 1.443789951434154
0.9080000000000004 1.4400176211453746
0.09199999999999964 1.4447663428538926
0.6970000000000001 1.4495150645624106
0.11000000000000032 1.344867102560267
5.840999999999999 1.2402191405581233
0.16800000000000104 1.16802328766475
7.741999999999999 1.0958274347713768
0.14999999999999858 1.0651740661347406
6.595000000000002 1.0345206974981047
0.10800000000000054 1.035557810821929
7.053000000000001 1.0365949241457535
0.1490000000000009 1.0839604730399754
1.0030000000000001 1.1313260219341974
0.26599999999999824 1.2082473731070165
0.9720000000000013 1.2851687242798355
0.15199999999999392 1.2849260204815762
1.0010000000000048 1.284683316683317
0.10499999999999687 1.277674747921183
2.7349999999999994 1.2706661791590492
2.247 1.2000320427236315
2.746000000000002 1.0669016751638747
7.585000000000001 1.019590243902439
0.13700000000000045 1.001244144006983
7.208999999999996 0.9828980441115273
1.0200000000000031 1.297129411764706
8.048000000000009 0.9182455268389663
0.16599999999999682 0.9299989186875053
7.573999999999998 0.9417523105360444
0.1280000000000001 0.9799471230099577
1.2399999999999949 1.018141935483871
0.1530000000000058 1.0185565932275609
1.286999999999992 1.0189712509712507
0.11899999999999977 0.9761296702769385
2.9470000000000027 0.9332880895826263
0.1560000000000059 0.9261435660169755
3.1329999999999956 0.9189990424513246
0.17100000000000648 0.9196025203168467
3.301000000000002 0.9202059981823689
3.6159999999999997 0.9419933628318583
2.347999999999999 0.9462214650766608
0.1529999999999916 0.9407264989616881
3.4250000000000114 0.9352315328467153
8.457999999999998 0.9229709151099553
0.13100000000000023 0.9549481694193844
7.079999999999998 0.9869254237288136
0.11899999999999977 1.0785679992207284
6.525000000000006 1.1702105747126434
0.9860000000000042 1.1673914807302228
0.12999999999999545 1.0317944381032884
1.4590000000000032 0.8961973954763538
0.14999999999999147 0.8589303128584519
1.7460000000000093 0.82166323024055
0.1490000000000009 0.8224506627393227
1.554000000000002 0.8232380952380953
0.14799999999998192 0.817258971813615
3.1660000000000252 0.8112798483891347
0.13399999999998613 0.8525682307458653
3.23599999999999 0.8938566131025958
0.1490000000000009 0.9714102690332603
6.930000000000007 1.0489639249639249
5.378000000000014 1.384272220156192
0.12000000000000455 1.1670081886287806
7.2309999999999945 0.9497441571013693
8.113 1.010728460495501
1.0120000000000005 1.147905138339921
1.2139999999999986 1.1354991762767708
1.1739999999999782 1.1381601362862013
0.13900000000001 0.9994669533890023
3.6599999999999966 0.8607737704918033
0.13800000000000523 0.8611650244781723
3.0740000000000123 0.8615562784645413
0.12999999999999545 0.9027646155658544
2.662000000000006 0.9439729526671676
0.12299999999999045 1.0624224624927534
1.7340000000000089 1.1808719723183392
