0.45999999999999996 3.16175652173913
0.391 3.1832225063938617
0.11499999999999988 3.1473185702701016
0.9020000000000001 3.111414634146341
0.09200000000000008 3.1131614922259203
0.9819999999999998 3.1149083503054995
0.11900000000000022 3.110991355402601
1.6809999999999996 3.107074360499703
0.11800000000000033 3.105223378797067
2.0650000000000004 3.103372397094431
2.3390000000000004 3.097101325352715
2.734 3.1031075347476227
2.190999999999999 3.1139497946143315
0.10899999999999999 3.1092262773496286
2.3550000000000004 3.1045027600849258
5.593999999999998 3.108361816231677
0.10900000000000176 3.09924943650092
5.442999999999998 3.0901370567701636
5.823 3.0354978533402033
5.910000000000004 3.080035194585449
5.2010000000000005 3.0846360315323973
0.10599999999999454 3.095822433098971
2.3770000000000024 3.107008834665545
0.12199999999999989 3.1152152412423044
2.475999999999999 3.1234216478190633
0.11999999999999744 3.1196949927749666
2.274000000000001 3.11596833773087
0.12600000000000477 3.1408495534808196
2.495999999999995 3.1657307692307692
0.10300000000000153 3.1687108781776163
2.3299999999999983 3.1716909871244634
2.254000000000005 3.1645217391304348
1.5519999999999996 3.176319587628866
2.4379999999999953 3.176459392945037
5.540000000000006 2.9517328519855606
8.769000000000005 1.9950188162846394
0.132000000000005 2.0965597866335752
7.661999999999992 2.198100756982511
3.9299999999999926 2.191550127226463
2.543999999999997 2.3842672955974846
2.5160000000000053 3.093157392686804
2.8389999999999986 2.749731595632265
2.7379999999999995 2.552020452885318
2.497 3.0579191029235084
0.09700000000000841 3.0803390431357247
2.2819999999999965 3.1027589833479414
0.12199999999999989 3.0453607326552117
2.7719999999999914 2.9879624819624824
0.3190000000000026 2.6968604906881577
3.412000000000006 2.405758499413833
0.09900000000000375 2.4635697338471507
2.9949999999999903 2.521380968280468
0.10300000000000864 2.63544201643632
2.120999999999995 2.7495030645921728
6.067999999999998 2.831202373104812
0.1290000000000049 3.005964518022501
5.367000000000004 3.18072666294019
5.455999999999989 3.1468035190615837
5.396999999999991 3.1254267185473408
0.10500000000001819 3.1117798368485685
5.640999999999991 3.0981329551497963
5.47999999999999 3.0977051094890506
0.12700000000000955 3.1077580693212727
5.693999999999988 3.117811029153495
0.10099999999999909 3.124534543863909
5.429000000000002 3.131258058574323
0.26200000000000045 3.1030155134616697
5.844999999999999 3.074772968349016
5.074000000000012 3.0920614899487577
0.12600000000000477 3.0291773382297125
5.811999999999983 2.9662931865106676
4.3419999999999845 2.641470290188853
