0.6819999999999999 2.1325630498533723
0.119 2.1448257190341384
0.5770000000000001 2.1570883882149046
0.1259999999999999 2.1543672710305293
0.52 2.151646153846154
0.5779999999999998 2.1513079584775086
0.13000000000000034 2.1343317927435774
1.5550000000000002 2.1173556270096463
3.0439999999999996 2.1052772667542707
2.733999999999999 2.6496415508412583
1.1510000000000016 7.370891398783667
2.9799999999999986 5.518037583892618
0.1330000000000009 3.656495415860252
9.668000000000001 1.794953247827886
0.13400000000000034 2.0119966357728223
3.3729999999999976 2.229040023717759
0.12900000000000134 2.5835800598973098
2.498000000000001 2.938120096076861
0.129999999999999 2.262732302858213
4.772000000000002 1.5873445096395642
0.2769999999999939 2.8562672796954036
2.010000000000005 4.125190049751243
0.10000000000000142 3.635148641813477
5.100999999999999 3.145107233875711
0.1389999999999958 2.223785142541063
13.221000000000004 1.3024630512064141
2.3259999999999934 3.3248460877042136
2.103999999999999 2.211
0.09700000000000131 2.043271659150249
4.213000000000008 1.8755433183004984
0.09099999999999397 1.7678615999786516
1.6899999999999977 1.6601798816568047
0.10800000000000409 1.607308643694164
1.9890000000000043 1.5544374057315231
0.12399999999999523 1.300297839556409
3.0579999999999927 1.046158273381295
0.1530000000000058 1.0346679336352689
3.141999999999996 1.0231775938892425
0.1530000000000058 1.9470157263370678
2.435999999999993 2.870853858784893
3.801000000000002 1.889978426729808
0.10900000000000887 1.863089036015018
3.9469999999999885 1.836199645300228
2.8529999999999944 3.018854539081669
2.8160000000000025 2.15396875
1.9429999999999978 4.005344312918168
1.9509999999999934 4.00127524346489
4.228000000000009 3.998473036896878
5.2379999999999995 3.2804154257350127
5.888000000000005 2.9770027173913043
0.10899999999999466 2.9782479385002123
6.140000000000001 2.9794931596091208
2.6439999999999912 6.982714069591529
2.4250000000000114 7.072818144329897
2.0450000000000017 7.510145721271394
2.0430000000000064 8.409072931962799
0.24799999999999045 8.403001788165364
2.0330000000000013 8.396930644367929
2.5049999999999955 6.8538762475049895
0.09299999999998931 6.439068123752495
2.8000000000000114 6.02426
0.09600000000000364 6.0263707726802345
2.899000000000001 6.028481545360469
0.103999999999985 6.439467568483302
2.4780000000000086 6.850453591606134
0.12000000000000455 7.069072444407336
2.4359999999999786 7.2876912972085375
2.2319999999999993 7.616308243727599
2.021000000000015 8.892651162790699
1.7659999999999911 8.883986409966024
0.2259999999999991 9.03200811446118
1.877999999999986 9.180029818956335
1.2139999999999986 9.447499176276773
