1.18 1.232549152542373
0.1280000000000001 1.2324329921127708
1.0099999999999998 1.2323168316831683
0.903 1.2390431893687708
0.09799999999999986 1.240008620632489
1.0019999999999998 1.2409740518962074
0.09800000000000075 1.2314851567892253
1.0699999999999994 1.221996261682243
0.12900000000000045 1.2255431430065715
0.8220000000000001 1.2290900243309002
5.984 1.210581550802139
0.1070000000000011 1.3437914717798995
5.744 1.47700139275766
0.15200000000000102 1.4640072893180047
4.701999999999998 1.4510131858783495
4.459999999999997 1.639260986547085
4.3679999999999986 1.7212802197802197
0.12299999999999756 1.9897822637362639
3.25 2.2582843076923083
3.1019999999999968 2.441911025145068
0.10699999999999932 2.011387543077777
5.2450000000000045 1.5808640610104863
0.24099999999999966 1.778563118899711
3.3260000000000005 1.976262176788936
3.674999999999997 2.009621768707483
0.12300000000000466 1.8644809599428922
4.4979999999999976 1.7193401511783013
0.1109999999999971 1.7491644265808655
3.983000000000004 1.7789887019834296
0.10999999999999943 2.003660171634693
3.5459999999999994 2.228331641285956
4.6739999999999995 1.5810954214805304
0.12199999999999989 1.6051699126589496
4.378 1.6292444038373688
0.13700000000000045 1.4668796276612586
5.858000000000004 1.3045148514851486
0.14099999999999113 1.2467766948965742
6.513000000000005 1.1890385383079995
1.75 1.5716571428571426
0.7399999999999949 1.5865297297297296
0.7680000000000007 1.603520833333333
0.12699999999999534 1.568242864911491
2.2220000000000084 1.532964896489649
3.516999999999996 1.724644867785044
5.509999999999991 1.412410889292196
0.09900000000000375 1.568229296236204
4.528000000000006 1.724047703180212
3.0689999999999884 2.276778103616813
4.784999999999997 1.595741692789969
0.10500000000000398 1.7307425196492665
3.7949999999999875 1.8657433465085642
0.1110000000000042 1.8818441755457578
4.364000000000004 1.8979450045829513
0.13100000000000023 1.9544168922963752
4.081999999999994 2.010888780009799
0.3059999999999974 1.9102534003092368
4.173000000000016 1.809618020608675
3.6440000000000055 1.6003556531284304
3.841000000000008 1.9548804998698253
3.6350000000000193 1.9998129298486933
2.8319999999999936 2.6287485875706214
2.953000000000003 2.325634947511006
4.438000000000017 1.8476881478143308
5.180999999999983 1.368469407450299
0.11299999999999955 1.2305659335666863
7.131 1.0926624596830736
0.26300000000000523 0.9235537689309261
10.169000000000011 0.7544450781787787
0.14400000000000546 1.004309708531113
1.0209999999999866 1.2541743388834474
0.875 1.2572068571428572
0.125 1.2585023647416413
0.7520000000000095 1.2597978723404255
1.6359999999999957 1.2516088019559901
