0.322 4.516795031055901
0.714 4.4690756302521
0.631 4.447695721077656
0.6850000000000003 4.465459854014599
0.11599999999999966 4.460394338374011
0.7390000000000003 4.455328822733423
1.444 4.437994459833795
1.6100000000000003 4.499453416149068
4.049 4.524913805877993
3.6479999999999997 4.507607456140351
4.087 4.246050403719108
0.11199999999999832 4.398368829182244
3.8210000000000015 4.55068725464538
3.5 4.805604571428571
0.09999999999999787 4.805698424920375
3.678000000000001 4.805792278412179
0.12300000000000111 4.807520709879801
3.7849999999999966 4.809249141347425
0.11599999999999966 4.811344042620907
3.3330000000000055 4.813438943894389
0.25499999999999545 4.780563420113723
3.6270000000000024 4.7476878963330575
3.8590000000000018 4.746699144856179
3.628999999999998 4.540120143290163
4.069000000000003 4.366136151388548
3.9439999999999955 4.374703853955375
3.3770000000000024 4.832153982824993
0.12299999999999756 4.829682757977508
3.6070000000000064 4.827211533130025
0.09299999999998931 4.832888097085023
3.673000000000002 4.838564661040022
0.12700000000000955 4.838305999159064
3.3799999999999955 4.838047337278106
0.3119999999999976 4.726981452280214
3.7900000000000063 4.615915567282322
0.11999999999999034 4.078175147525963
4.757000000000005 3.5404347277696036
5.412999999999997 3.5404958433401066
4.463000000000008 3.5349280752856815
0.13500000000000512 3.532337125695755
4.837999999999994 3.529746176105829
4.695999999999998 3.686780238500852
0.10299999999999443 3.8178755198577607
4.281000000000006 3.9489708012146694
0.12000000000000455 3.9472541721343153
4.35499999999999 3.945537543053961
4.526999999999987 3.8720106030483756
0.26500000000000057 3.8625099350540957
4.748000000000005 3.8530092670598153
4.560999999999993 4.047861433896076
4.166000000000011 4.1170388862217955
3.5649999999999977 4.308063955119214
3.6350000000000193 4.726199724896835
3.609999999999985 4.728797783933518
0.09100000000000819 4.733184763931439
3.6239999999999952 4.737571743929359
3.555999999999983 4.743511811023621
3.761000000000024 4.6467875565009304
0.22999999999998977 4.586180235195281
3.7510000000000048 4.52557291388963
3.9250000000000114 4.523010445859874
3.7670000000000243 4.51276878152376
3.9829999999999757 4.512188802410244
0.11700000000001864 4.558577524187218
3.4069999999999823 4.604966245964191
0.09400000000002251 4.721127342959649
3.563999999999993 4.837288439955107
0.13599999999999568 4.8393415606276164
2.3689999999999998 4.841394681300127
