0.589 2.469283531409168
0.11199999999999999 2.489319185059423
0.496 2.5093548387096773
0.10699999999999998 2.481292803970223
1.1440000000000001 2.453230769230769
1.738 1.7599769850402758
1.7459999999999996 1.8857319587628862
4.3229999999999995 1.4824112884570901
4.0920000000000005 1.7703128054740955
0.10499999999999865 1.6963914381166616
5.228999999999999 1.6224700707592277
3.8989999999999974 1.7498497050525774
0.10400000000000276 1.7477882718195075
4.187999999999999 1.7457268385864375
0.10600000000000165 1.7483352404390036
4.2940000000000005 1.7509436422915696
0.11599999999999966 1.7223935843583396
4.332999999999998 1.6938435264251095
4.186999999999998 1.8091253881060425
0.28999999999999915 2.9468365856786374
2.030000000000001 4.0845477832512325
1.6069999999999993 4.090260112009957
0.09499999999999886 4.421372012246935
1.554000000000002 4.752483912483913
1.5999999999999943 4.833495
0.10000000000000142 4.8383852306903625
1.463000000000001 4.843275461380725
4.805 3.697358584807492
0.09899999999999665 3.769185970943372
4.492000000000004 3.8410133570792517
0.1039999999999992 3.013632616374567
7.464000000000006 2.186251875669882
7.140000000000001 2.4386207282913164
4.123000000000005 4.31046519524618
3.846999999999994 4.250740837015855
4.052000000000007 4.317453109575518
4.326000000000008 3.893168747110495
0.26599999999999113 4.136335744670421
4.376000000000005 4.379502742230347
4.135000000000005 3.8153286577992733
5.797999999999988 2.9453107968264916
0.1110000000000042 2.8801090462464876
1.8230000000000075 2.8149072956664836
2.51400000000001 2.779408114558472
2.845000000000013 2.6838748681898075
3.8419999999999987 2.8278625715773043
2.7789999999999964 2.9804361281036345
0.12199999999999989 3.0013461936541734
2.715999999999994 3.022256259204713
2.368000000000009 3.1889932432432433
1.8289999999999935 3.188461454346637
4.01400000000001 2.9875615346287985
6.056999999999988 2.81838533927687
5.796999999999997 2.96169742970502
0.10100000000002751 2.9134908075992403
5.886999999999972 2.86528418549346
0.11200000000002319 2.7260237962167615
3.1699999999999875 2.5867634069400633
2.656000000000006 2.669442771084337
2.9170000000000016 2.671160781624957
3.6769999999999925 2.086470492249116
0.13100000000000023 2.4769053191172583
2.740000000000009 2.8673401459854007
2.0570000000000164 3.230841030627127
1.975999999999999 3.4265991902834005
3.195999999999998 3.5886307884856072
