0.755 1.9263682119205296
0.6410000000000001 1.9417160686427453
0.5770000000000002 1.9390918544194107
0.125 1.9394804045888006
0.641 1.9398689547581904
1.7220000000000004 1.9120139372822302
2.1870000000000003 1.9033013260173754
0.1120000000000001 1.9010766132052803
3.8150000000000004 1.8988519003931852
4.4719999999999995 1.8971144901610015
0.1280000000000001 1.8643510705838566
3.7250000000000014 1.8315876510067115
4.0390000000000015 1.81012725922258
4.308 1.7452534818941503
0.0940000000000012 1.6996972841068678
4.436999999999998 1.6541410863195856
4.643999999999998 1.631095607235142
4.369999999999997 1.8973986270022885
0.32099999999999795 1.8140294872768155
3.798000000000002 1.7306603475513427
0.11899999999999977 1.656901449231191
4.664999999999999 1.5831425509110395
0.134999999999998 1.6835657391233396
4.335000000000001 1.78398892733564
3.820999999999998 1.8544129808950534
4.1299999999999955 1.9132358353510894
3.9380000000000024 1.8765972574911123
3.847999999999999 1.8536465696465696
6.260000000000005 1.2207424920127796
6.98899999999999 1.1080566604664472
0.30000000000001137 0.9272086930934158
9.36999999999999 0.7463607257203843
0.1740000000000066 0.7506826136640506
1.5549999999999926 0.755004501607717
0.14300000000000068 0.7613875375869009
1.6039999999999992 0.7677705735660848
0.0940000000000083 0.7624513637861641
1.921999999999997 0.7571321540062435
0.17399999999999238 0.78684890528595
1.0890000000000128 0.8165656565656566
1.6870000000000118 1.898736218138708
0.11899999999999977 1.8961955322372026
1.691999999999993 1.8936548463356973
0.10599999999999454 1.8970077945206338
1.5080000000000098 1.9003607427055704
0.09399999999999409 1.9046333713527852
4.0 1.908906
0.2879999999999967 1.9094699948745617
3.707000000000008 1.9100339897491234
0.10699999999999932 1.8934525262591073
4.412999999999997 1.8768710627690914
4.826999999999998 1.700527864097783
4.831999999999994 1.5628178807947022
4.89500000000001 1.1913577119509704
0.12299999999999045 1.125729399530476
7.082999999999998 1.0601010871099819
0.12300000000001887 1.2047600293541372
5.3870000000000005 1.3494189715982925
4.2949999999999875 1.7333215366705472
0.10800000000000409 1.8069126850932142
3.6520000000000152 1.8805038335158812
0.23399999999998045 1.846533968039992
4.524000000000001 1.8125641025641026
4.092000000000013 1.7326588465298143
0.10900000000000887 1.7836564776562425
4.246999999999986 1.8346541087826707
4.067999999999984 1.8859272369714848
0.132000000000005 1.881839335502951
4.1839999999999975 1.877751434034417
0.11899999999999977 1.8767588668901976
3.5430000000000064 1.875766299745978
3.6319999999999766 1.8642511013215854
2.9609999999999843 1.6179669030732862
