0.769 1.891297789336801
0.136 1.89866573999765
0.653 1.9060336906584991
0.5880000000000001 1.9028163265306126
0.10899999999999999 1.903518423602213
0.653 1.904220520673813
1.758 1.8728600682593854
0.13999999999999968 1.7616249864861182
3.883000000000001 1.650389904712851
0.10799999999999876 2.0660514100474154
2.9190000000000005 2.48171291538198
3.888 2.1820720164609053
0.10799999999999876 2.347974843897365
2.714000000000002 2.5138776713338253
1.9819999999999993 3.688750756811302
0.12900000000000134 3.064919534249807
3.0799999999999983 2.4410883116883113
0.1180000000000021 2.6217323956303336
2.6189999999999998 2.802376479572356
2.4990000000000023 3.0311356542617047
0.28999999999999915 3.0314054870942893
2.7349999999999994 3.031675319926874
2.4040000000000035 2.7342129783693845
0.09899999999999665 2.672401646484091
2.8290000000000006 2.610590314598798
2.9620000000000033 2.6109358541525993
2.6750000000000043 2.648864299065421
0.12299999999999756 2.652889446102986
2.9739999999999966 2.6569145931405513
0.13300000000000267 2.581276930610357
6.886000000000003 2.505639268080163
0.11399999999999721 2.3054698727189615
7.750999999999998 2.1053004773577606
0.1530000000000058 2.1326497424625304
8.061 2.1599990075672997
0.31699999999999307 2.3274556893506606
3.103999999999999 2.494912371134021
0.11299999999999955 2.355760464489356
3.155000000000001 2.216608557844691
2.757000000000005 2.605661225970257
2.5360000000000014 2.857839116719243
1.7800000000000011 3.129779775280899
0.10200000000000387 3.130603878347729
1.9369999999999976 3.131427981414559
6.203000000000003 2.7530085442527805
0.10099999999999909 2.649527801538155
6.799999999999997 2.546047058823529
0.10099999999999909 2.558029914331193
6.578000000000003 2.570012769838857
0.13100000000000023 2.596471504748462
6.551000000000002 2.6229302396580674
3.2890000000000015 2.152780784432958
0.10500000000000398 2.203892706401069
3.6729999999999876 2.2550046283691803
0.12100000000000932 2.474032497911624
3.048000000000002 2.6930603674540685
2.9129999999999967 2.592357020254034
2.1829999999999927 2.6714136509390745
0.11599999999999966 2.8941742393342116
2.409000000000006 3.1169348277293487
2.0190000000000055 3.600455671124319
0.09000000000000341 3.086888049872564
2.8930000000000007 2.573320428620809
0.10899999999998045 2.540594796528662
6.725999999999999 2.507869164436515
7.525999999999982 2.322158915758703
2.9359999999999786 2.414863760217984
3.259999999999991 2.390115337423313
2.703000000000003 2.8383100258971514
0.09600000000000364 2.9060043694966455
2.641999999999996 2.9736987130961396
2.4890000000000043 2.6700843712334272
0.12100000000000932 2.6406650163147463
2.5929999999999893 2.6112456613960657
0.10400000000001342 2.9644870966260104
1.4439999999999884 3.3177285318559555
