0.707 2.0571541725601126
0.5990000000000001 2.0778631051752923
0.09999999999999987 2.0749093303654242
0.54 2.071955555555556
1.509 2.027064280980782
1.6190000000000002 2.0336553428042
1.2560000000000002 2.0290700636942676
1.6740000000000004 1.6852664277180405
0.14499999999999957 1.3187216538141269
8.910000000000002 0.9521768799102133
0.09299999999999997 1.1701539536885757
4.914999999999999 1.3881310274669378
2.1830000000000034 3.3491085661933115
0.11199999999999832 2.9006716999264013
3.065999999999999 2.4522348336594915
2.166999999999998 3.3869053991693585
3.3000000000000007 2.2953963636363643
0.10800000000000409 1.9778575730877055
4.994 1.6603187825390466
0.11399999999999721 1.7100854956871938
3.7349999999999994 1.7598522088353412
0.24199999999999733 1.652130203121142
4.782000000000004 1.5444081974069428
0.1529999999999987 1.0595059784865162
13.459000000000003 0.5746037595660896
0.2149999999999963 0.5225474869677382
2.561 0.4704912143693869
0.1280000000000001 0.46752650606109797
2.848000000000006 0.46456179775280904
0.15500000000000114 0.4638978327029561
2.4329999999999927 0.46323386765310315
0.20900000000000318 0.45799310037357244
2.7860000000000014 0.45275233309404167
0.18899999999999295 0.4528734754813588
2.787000000000006 0.452994617868676
0.2150000000000034 0.4180008136072352
3.4239999999999924 0.38300700934579435
0.24500000000000455 0.3604018207708898
3.7180000000000035 0.4038106508875739
0.24399999999999977 0.40526130845652736
4.003 0.4067119660254808
0.3259999999999934 0.39215916850241106
2.5079999999999956 0.49103030303030293
0.13900000000001 0.8992474066813688
1.1129999999999995 1.3074645103324347
0.09399999999999409 1.3134058456706683
0.6740000000000066 1.319347181008902
0.12099999999999511 1.4482427682494041
2.031000000000006 1.5771383554899066
2.3160000000000025 2.215706390328152
2.426000000000002 2.8802275350370983
2.4129999999999967 3.1643696643182757
0.09700000000000841 2.233564408976065
5.435000000000002 1.3027591536338545
13.164000000000001 0.6291880887268307
0.12199999999999989 0.625921056424403
13.182999999999993 0.6226540241219752
0.7970000000000255 1.6051593475533248
0.10599999999999454 1.937148639293904
0.46399999999999864 2.269137931034483
0.1279999999999859 2.2583141092623853
1.2870000000000061 2.247490287490287
0.10599999999999454 2.254767565269807
1.3380000000000223 2.2620448430493276
1.3739999999999952 2.2747016011644834
0.12800000000001432 2.230755863873381
1.2639999999999816 2.1868101265822784
4.2479999999999905 1.9303295668549907
2.899000000000001 2.4456847188685753
2.063999999999993 3.77508527131783
5.1839999999999975 3.2792438271604936
0.11400000000000432 3.692162799829676
4.378000000000014 4.105081772498858
0.11400000000000432 2.731018658261192
11.561999999999983 1.3569555440235257
0.17000000000001592 0.8999391444196911
15.286999999999978 0.44292274481585664
0.10300000000000864 1.2002529594060165
1.0459999999999923 1.9575831739961762
