0.6789999999999999 2.1419852724594994
0.129 2.157065934659069
0.5730000000000001 2.1721465968586386
0.12199999999999989 2.1723412595943676
0.5149999999999999 2.172535922330097
3.829 1.949910681640115
4.9590000000000005 1.6079838677152651
0.13699999999999868 1.6474328393590802
3.7990000000000013 1.6868818110028956
0.09899999999999842 1.7107924380684976
4.176 1.7347030651340996
0.12700000000000244 1.7419799861752974
4.849999999999998 1.7492569072164952
1.6829999999999998 1.7813808674985143
0.11599999999999966 1.7910464208042733
0.6180000000000021 1.8007119741100324
0.6370000000000005 1.7813500784929355
1.8629999999999995 1.7397058507783145
0.13700000000000045 1.7263441058504871
4.422000000000001 1.7129823609226595
4.920000000000002 1.6852910569105688
3.6910000000000025 1.780831211053915
0.11399999999999721 1.6590833823795803
4.804000000000002 1.5373355537052453
4.756 1.6260706476030278
4.969000000000001 1.425983497685651
0.13300000000000267 1.5761842330027558
4.576999999999998 1.7263849683198604
0.12099999999999511 1.679771489684792
4.524999999999999 1.6331580110497235
0.2600000000000051 1.650828362250008
4.275000000000006 1.6684987134502924
0.14099999999999113 1.629446859326603
4.805000000000007 1.5903950052029137
0.09599999999998943 1.4508195818429062
5.906000000000006 1.3112441584828987
0.17799999999999727 0.966882538561371
11.234000000000009 0.6225209186398433
0.7090000000000032 1.6558984485190409
0.09499999999999886 1.6645687894769117
0.7360000000000042 1.6732391304347825
0.8709999999999951 1.6707324913892079
0.12199999999999989 1.6656083981609715
1.338000000000008 1.6604843049327354
2.299999999999997 1.392681739130435
0.09900000000000375 1.4312179337854012
2.1799999999999926 1.4697541284403672
0.10900000000000887 1.6513817861509286
3.8119999999999976 1.83300944386149
0.09300000000000352 1.7398413619997553
4.6370000000000005 1.6466732801380206
4.38900000000001 1.6132367281840965
0.10999999999999943 1.6337236167383435
5.006999999999991 1.6542105052925906
0.09499999999999886 1.6807292127128513
4.808000000000007 1.7072479201331117
4.320000000000007 1.7480407407407406
3.231000000000023 1.8049198390591148
4.519999999999982 1.66121592920354
0.26900000000000546 1.5933907557874991
4.765000000000015 1.5255655823714585
4.715000000000003 1.5789217391304349
0.09000000000000341 1.6539623801392356
3.9720000000000084 1.7290030211480363
0.117999999999995 1.6783204863580594
5.0379999999999825 1.6276379515680826
4.652999999999992 1.5237567160971415
5.058000000000021 1.5404855674179518
0.13999999999998636 1.584675055471184
4.710000000000008 1.628864543524416
4.706999999999994 1.6691123858083703
0.09300000000001774 1.612211236199294
4.272999999999996 1.5553100865902176
0.31100000000000705 1.6144024481393995
4.045999999999992 1.6734948096885816
2.8170000000000073 1.7006744763933261
