0.504 2.8857301587301585
0.09799999999999998 2.896883770953864
0.42799999999999994 2.90803738317757
0.3859999999999999 2.8985906735751295
0.11299999999999999 2.8985447540369815
0.42900000000000005 2.898498834498834
1.158 2.843253886010363
3.246 1.97426494146642
3.6260000000000012 1.9978268063982347
3.7539999999999996 2.259961640916356
3.0599999999999987 2.2296287581699348
3.4319999999999986 2.1302750582750583
1.9420000000000002 3.871550978372812
2.5120000000000005 2.9217452229299363
3.3240000000000016 2.278823104693141
0.2740000000000009 1.9268409920426768
5.265000000000001 1.574858879392213
4.743000000000002 1.385841872232764
3.449000000000005 2.1413047260075384
2.894999999999996 2.671361658031088
0.10300000000000153 3.146956902635176
1.956000000000003 3.6225521472392637
2.2220000000000013 3.5561044104410438
3.4129999999999967 2.1652622326399062
3.2919999999999945 2.1667168894289186
0.1110000000000042 2.0833385546333285
3.820999999999998 1.9999602198377386
0.2749999999999986 1.8547492048416065
4.530000000000001 1.7095381898454745
2.810999999999993 2.487869085734614
2.3349999999999937 3.0765773019271943
7.680999999999997 2.1926634552792605
0.11299999999999955 1.7253426243181127
15.234000000000009 1.2580217933569648
2.132000000000005 2.845016885553471
2.816999999999993 2.7626496272630456
2.3900000000000006 3.2663129707112972
0.10999999999999943 3.124922497311242
2.3419999999999987 2.983532023911187
0.25200000000000955 2.9830988244555936
2.559999999999988 2.982665625
2.6610000000000014 2.6608402856069153
3.3729999999999905 2.455568336792173
0.13000000000000966 2.458436042459055
3.3349999999999937 2.461303748125937
3.4650000000000034 2.179375468975469
2.719999999999999 2.1440058823529413
3.6310000000000002 2.067941613880474
3.7039999999999935 1.96255939524838
0.09600000000000364 1.9613502610786397
3.798000000000002 1.9601411269088995
0.29400000000001114 1.9561365100149957
3.5180000000000007 1.9521318931210918
3.6430000000000007 2.2509031018391434
4.405000000000001 1.6095437003405217
0.11299999999999955 1.6024557158541266
4.883999999999986 1.5953677313677312
0.09999999999999432 2.017778013266563
3.1440000000000055 2.440188295165395
3.3710000000000093 2.3306176208840106
3.012999999999977 2.2057218718884837
3.248000000000019 2.084655172413793
2.296999999999997 2.0856769699608186
