1.47 0.9893931972789115
0.1359999999999999 0.9929512023224022
1.2489999999999999 0.9965092073658929
0.14700000000000024 0.9911427094098186
1.1350000000000002 0.9857762114537444
1.2350000000000003 1.006846963562753
0.15499999999999936 1.0110073327130535
1.2880000000000003 1.015167701863354
0.11899999999999977 1.0183583706485626
0.9889999999999999 1.0215490394337714
0.10299999999999976 1.0213323881598497
1.2010000000000005 1.0211157368859283
0.11899999999999977 1.0129797563974825
8.443000000000001 1.004843775909037
0.14000000000000057 1.0071314603764745
6.758999999999997 1.0094191448439118
0.142000000000003 0.9978367813791931
7.413 0.9862544179144743
0.09499999999999886 1.0021004014836383
7.386000000000003 1.0179463850528025
0.2889999999999944 1.0234641315708823
1.2140000000000057 1.0289818780889621
0.10499999999999687 1.028878139044481
1.25 1.0287744
0.1529999999999987 1.0233779997169143
1.4130000000000038 1.0179815994338286
0.09299999999999642 1.023781177723787
2.6189999999999998 1.0295807560137455
2.847999999999999 1.028691011235955
0.15200000000000102 1.0290830234496466
2.804000000000002 1.029475035663338
0.09199999999999875 1.0274518448938976
6.909999999999997 1.0254286541244573
0.09100000000000108 1.0274807114270494
7.674999999999997 1.0295327687296414
0.125 1.0409325841780794
1.070999999999998 1.0523323996265175
0.31500000000001194 1.0526136121671819
1.1979999999999933 1.0528948247078462
0.11599999999999966 1.0529261446308205
1.198999999999998 1.052957464553795
0.1039999999999992 1.0544239818743208
1.2420000000000044 1.055890499194847
2.6430000000000007 1.0406356413166857
0.16199999999999193 1.036766993914993
6.9550000000000125 1.0328983465133001
0.33199999999999363 1.0279878519692418
7.084000000000003 1.0230773574251835
0.125 1.0291343517895146
8.319999999999993 1.0351913461538458
5.8559999999999945 1.0357882513661203
0.1490000000000009 1.0373829352840982
3.0829999999999984 1.0389776192020759
0.29300000000000637 1.0229651609523893
1.1839999999999975 1.0069527027027028
0.14499999999999602 1.0044182765701262
1.257000000000005 1.0018838504375498
0.3160000000000025 0.9959304878153745
3.2349999999999994 0.9899771251931992
2.9799999999999898 0.9928429530201343
0.12199999999999989 0.9862903581475635
3.3710000000000093 0.9797377632749926
0.13400000000000034 0.9790005889545695
3.280000000000001 0.9782634146341465
0.12199999999999989 0.9649089250590087
7.935999999999993 0.951554435483871
0.16499999999999204 0.9526125407182233
6.115000000000009 0.9536706459525757
7.688999999999993 0.9765503966705684
0.2890000000000157 1.0157121270372953
1.093999999999994 1.0548738574040222
0.12700000000000955 1.0532598910157709
1.1409999999999911 1.0516459246275196
0.15100000000001046 1.0552254667860317
1.117999999999995 1.0588050089445438
1.2319999999999993 1.0510194805194806
2.863999999999976 1.0393659217877096
0.13800000000000523 1.040052209929177
3.3689999999999998 1.040738498070644
0.14400000000000546 1.0389481422671674
4.86099999999999 1.0371577864636907
0.13000000000002387 1.036272093020986
7.587999999999994 1.0353863995782815
0.11299999999999955 1.031917898024981
6.461999999999989 1.0284493964716805
0.13800000000000523 1.0207297850102268
6.6839999999999975 1.013010173548773
0.11400000000000432 1.013940115022974
0.8849999999999909 1.0148700564971753
