0.495 2.93819797979798
0.10899999999999999 2.943790933026952
0.42200000000000004 2.9493838862559243
0.9689999999999999 2.896280701754386
1.057 2.893888363292337
1.1360000000000001 2.89831690140845
2.2300000000000004 2.8737506726457394
3.1870000000000003 2.273021650454973
0.10299999999999976 3.334411343362202
1.9299999999999997 4.395801036269431
1.5069999999999997 4.527315195753152
0.09700000000000131 4.6125487727547565
3.693999999999999 4.697782349756361
0.10699999999999932 4.483981548159123
4.072000000000003 4.270180746561886
0.125 4.5734226435041965
3.448999999999998 4.876664540446506
4.087 4.324860288720332
0.11500000000000199 4.362455283349773
4.136999999999997 4.400050277979212
3.4480000000000004 4.652897911832946
3.5459999999999994 4.856137619853356
3.784000000000006 4.840780126849894
0.30799999999999983 4.790369349961196
3.475999999999999 4.7399585730724985
3.7039999999999935 4.79638444924406
0.09800000000000608 4.764973020232455
3.644999999999996 4.733561591220851
3.314 4.924014484007242
4.590000000000003 3.793410021786493
0.11699999999999733 3.545929955213959
5.388000000000005 3.2984498886414255
0.10899999999999466 3.547159020458132
4.308000000000007 3.7958681522748376
4.677999999999997 3.739700726806328
0.12600000000000477 3.8424256737803013
4.268999999999991 3.9451506207542746
0.2220000000000084 4.143475174446009
4.4140000000000015 4.341799728137744
0.09199999999999875 4.273856942181375
3.7509999999999906 4.205914156225007
4.213999999999999 4.052423350735642
6.055999999999997 2.858837516512549
4.4269999999999925 3.818735938558843
4.116 4.174639455782313
3.4039999999999964 5.149410105757932
0.0969999999999942 5.071169026678092
3.6640000000000015 4.992927947598253
3.745999999999995 4.928536038441004
0.24800000000000466 4.991763450991796
3.3930000000000007 5.054990863542587
0.11299999999999955 5.1061132961097755
2.9780000000000086 5.157235728676965
0.12199999999998568 5.127540119531361
3.3700000000000045 5.097844510385757
3.296999999999997 5.1777252047315745
0.10300000000000864 5.214888910105157
3.2690000000000055 5.252052615478739
3.3629999999999995 5.01573832887303
3.7120000000000175 4.708127155172414
0.09099999999997976 4.91137361072872
3.319000000000017 5.114620066285026
3.4090000000000202 5.20763156350836
0.2849999999999966 5.240230173813734
3.2239999999999895 5.272828784119107
3.524000000000001 5.099900113507378
2.9869999999999948 5.252467358553733
0.11199999999999477 5.016044602481745
3.6069999999999993 4.779621846409759
0.09499999999999886 4.957939897678681
2.233000000000004 5.136257948947604
