0.34299999999999997 4.240256559766763
0.293 4.247918088737201
0.1060000000000001 4.221489687118975
0.669 4.195061285500748
1.79 4.171065921787709
0.1070000000000002 4.172965421626839
1.9100000000000001 4.174864921465969
1.4669999999999996 4.368414451261077
3.6290000000000004 4.75620832185175
3.7699999999999996 4.859781432360743
3.3819999999999997 4.862138379657008
0.11700000000000088 4.8821437660996905
3.539999999999999 4.902149152542373
3.495000000000001 4.97515765379113
0.10200000000000031 4.685072425014196
3.826999999999998 4.3949871962372615
3.8470000000000013 4.594672212113335
3.923000000000002 4.64007341320418
0.26899999999999835 4.655970311727309
3.4339999999999975 4.671867210250437
3.5760000000000005 4.815398210290828
0.12199999999999989 4.809050966708078
3.814 4.802703723125328
3.5799999999999983 4.602261452513966
0.12100000000000222 4.540330121265805
3.9669999999999987 4.478398790017645
3.5519999999999996 4.857497747747748
3.4069999999999965 4.789604931024362
0.09300000000000352 4.7541184546720725
3.6899999999999977 4.718631978319783
0.1110000000000042 4.72010876280495
3.763999999999996 4.721585547290117
0.22500000000000853 4.736933430430877
3.4409999999999883 4.752281313571636
4.554999999999993 3.8406849615806813
4.411000000000001 3.8181473588755375
5.539999999999992 3.4593328519855593
5.387999999999991 2.928059391239792
0.1110000000000042 3.1601870257748423
5.034000000000006 3.3923146603098933
4.954999999999998 3.494070635721493
3.661999999999992 4.616478427089023
3.8659999999999997 4.444598034143818
0.2289999999999992 4.6110414537031446
3.668999999999997 4.777484873262471
3.9399999999999977 4.643169543147208
3.950000000000003 4.673998987341774
3.7269999999999897 4.601981218137913
3.387999999999991 4.533131050767414
0.11099999999999 4.691027280958079
3.5430000000000064 4.848923511148744
3.734000000000009 4.571762185324049
4.217999999999989 4.070403034613561
3.505000000000024 4.812532952924394
0.2839999999999918 4.7149280352468725
3.7849999999999966 4.617323117569352
0.12399999999999523 4.127327082675826
4.667000000000002 3.637331047782301
4.7620000000000005 3.7280167996640072
4.603999999999985 3.692354474370113
0.09499999999999886 3.6978203445413307
4.853000000000009 3.703286214712549
3.25 4.827421538461538
3.944000000000017 4.371221095334687
2.3859999999999957 4.80690025146689
