1.835 0.7925929155313353
0.16599999999999993 0.798571829452804
1.5470000000000002 0.8045507433742728
0.15200000000000014 0.8219512906668813
1.3329999999999997 0.8393518379594899
0.1589999999999998 0.9538065031721847
1.1640000000000006 1.0682611683848795
0.12599999999999945 1.060513837010475
1.242 1.0527665056360707
0.7810000000000006 1.2936133162612033
0.1039999999999992 1.2909032967860639
0.952 1.2881932773109246
0.1609999999999996 1.211655223530503
3.0810000000000013 1.135117169750081
0.12899999999999956 1.1339427787983345
6.022999999999998 1.132768387846588
6.766000000000002 1.0805651788353532
0.14099999999999824 1.0281834330257233
7.705000000000002 0.9758016872160936
0.09799999999999898 0.8907232365827998
9.11 0.8056447859495061
0.10900000000000176 0.789231046820907
1.6640000000000015 0.7728173076923077
0.12599999999999767 0.6791249745624746
2.4570000000000007 0.5854326414326414
0.1629999999999967 0.587715794123377
1.899000000000001 0.5899989468141127
0.10300000000000153 0.589595852533787
1.8780000000000001 0.5891927582534612
0.12299999999999756 0.5958537366721283
4.791000000000004 0.6025147150907953
0.1180000000000021 0.6529433547165433
4.241999999999997 0.7033719943422914
0.134999999999998 0.7145542593048966
4.4709999999999965 0.7257365242675017
0.13100000000000023 0.6724968335623223
1.8200000000000074 0.6192571428571428
0.3569999999999993 0.5974806937471474
2.1910000000000025 0.575704244637152
0.1599999999999966 0.5647152802133129
2.280000000000001 0.5537263157894737
0.1490000000000009 0.4791797268549343
3.2409999999999997 0.4046331379203949
0.14999999999999147 0.4060220813538341
2.703000000000003 0.40741102478727337
0.35900000000000887 0.41899069259402544
6.686999999999998 0.43057036040077756
0.15699999999999648 0.4490558711647016
2.6340000000000003 0.46754138192862565
0.15800000000000125 0.4675014972604901
3.1129999999999995 0.4674616125923546
0.17799999999999727 0.4702358094897051
4.697000000000003 0.4730100063870556
0.20399999999999352 0.4755789331546173
2.5700000000000074 0.478147859922179
0.12699999999999534 0.5442228823420419
5.25 0.6102979047619047
0.13299999999999557 0.4779512077969183
20.218000000000004 0.35439548916806807
0.257000000000005 0.37496188184841295
4.137999999999991 0.3955282745287578
0.23500000000001364 0.3578535833501263
2.7990000000000066 0.4112354412290104
0.17599999999998772 0.4076498590570269
3.23599999999999 0.4040642768850433
0.19599999999999795 0.5027918868701946
2.3850000000000193 0.6015194968553459
0.16100000000000136 0.6020579114045924
2.1229999999999905 0.6025963259538389
0.1810000000000116 0.6019198858233614
4.271999999999991 0.6012434456928839
0.1150000000000091 0.6179883255335821
1.5629999999999882 0.6347332053742802
0.13599999999999568 0.6302820039886585
1.843999999999994 0.6258308026030369
0.3240000000000123 0.6245850116911288
1.9250000000000114 0.6233392207792207
0.117999999999995 0.6192953900153899
1.9239999999999782 0.6152515592515593
0.17700000000002092 0.6131604657985026
2.1189999999999998 0.6110693723454459
0.17799999999999727 0.6034013528393896
1.9499999999999886 0.5957333333333332
0.15800000000001546 0.5591433914581754
2.6380000000000052 0.5225534495830175
0.15799999999998704 0.5601451314919372
12.835000000000008 0.597736813400857
0.14699999999999136 0.6248643333806729
1.9639999999999986 0.6519918533604888
0.14799999999999613 0.6526158791743062
1.6839999999999975 0.6532399049881235
0.11100000000001842 0.6652075150387364
1.399000000000001 0.6771751250893495
0.26200000000000045 0.6883383413608741
1.2839999999999918 0.6995015576323986
