0.836 1.7397224880382776
0.709 1.7554866008462624
0.09699999999999998 1.7601218493190303
0.6340000000000001 1.7647570977917981
1.7679999999999998 1.7301131221719455
0.11699999999999999 1.7367472277526392
0.75 1.743381333333333
1.5229999999999997 1.6733499671700587
8.431000000000001 0.859224291305895
0.13100000000000023 1.222203326519913
5.352 1.5851823617339311
0.11100000000000065 1.3489075539915578
6.131999999999998 1.1126327462491845
0.14499999999999957 1.3123767660925345
4.835000000000001 1.5121207859358845
5.251999999999999 1.4315597867479055
0.15200000000000102 1.6896949676839315
3.7680000000000007 1.9478301486199574
0.125 1.647196749702649
0.9549999999999983 1.3465633507853405
0.14500000000000313 1.4445360029559193
2.253 1.5425086551264982
0.13999999999999346 1.7744908815851435
2.101000000000006 2.0064731080437888
0.10299999999999443 1.9056510212750712
4.092000000000006 1.8048289345063535
0.11499999999999488 1.7339834995112413
4.649999999999999 1.663138064516129
0.13600000000000279 1.6264660481880622
4.457000000000001 1.5897940318599955
9.009999999999998 0.8769882352941177
0.09900000000000375 0.7947039785825835
1.5819999999999936 0.7124197218710492
0.30100000000000193 0.836548017828137
1.3130000000000024 0.9606763137852248
0.737000000000009 1.7130203527815466
0.25 1.4208523212435564
4.652999999999992 1.1286842897055662
0.27300000000001035 0.7506837382447362
18.765 0.3726831867839062
0.13599999999999568 0.8029550387701043
0.9519999999999982 1.2332268907563024
0.14700000000000557 1.237957542249998
0.9909999999999997 1.2426881937436933
0.10899999999999466 0.9842388599641161
2.0049999999999955 0.7257895261845387
0.17100000000000648 0.6155197630922693
1.7600000000000051 0.50525
0.12099999999999511 0.504436475409836
2.4399999999999977 0.5036229508196721
0.17300000000000182 0.6466924219220371
4.057000000000002 0.7897618930244023
2.60799999999999 1.0988282208588955
0.09300000000000352 1.151855043461803
2.6580000000000013 1.2048818660647105
0.3119999999999976 1.6592313807935493
3.3500000000000085 2.113580895522388
3.7109999999999985 2.2319137698733496
0.13299999999999557 1.5951983608824944
8.563999999999993 0.9584829518916396
0.1950000000000216 0.9486308344739153
8.043999999999983 0.938778717056191
3.9560000000000173 1.474139534883721
5.218999999999994 1.4387231270358307
0.6669999999999732 1.7301829085457268
0.15000000000000568 1.5019959128715896
0.9420000000000073 1.2738089171974525
1.4330000000000211 0.8260600139567341
0.16399999999998727 0.659784378869912
6.233000000000004 0.49350874378309006
0.2680000000000007 0.45131347029726243
7.275999999999982 0.40911819681143485
0.18000000000000682 0.4684365869202657
2.6119999999999948 0.5277549770290965
0.11899999999999977 0.8768132683310621
1.0900000000000034 1.2258715596330276
0.10800000000000409 1.2279751650230462
1.0409999999999968 1.2300787704130647
0.23799999999999955 1.1252694408651593
1.078000000000003 1.020460111317254
0.1599999999999966 0.9389506782267203
5.140000000000015 0.8574412451361867
0.19999999999998863 0.6912014465873788
9.126000000000005 0.524961648038571
