1.094 1.3294405850091406
0.10999999999999988 1.3353237407804324
0.9280000000000002 1.341206896551724
0.8359999999999999 1.3383444976076555
0.9269999999999996 1.3413764832793962
0.9829999999999997 1.330148524923703
0.1280000000000001 1.3256528005644954
1.9290000000000003 1.3211570762052876
5.874999999999999 1.2330417021276594
0.13400000000000034 1.231741735762887
6.895000000000001 1.2304417693981144
5.831999999999997 1.1698669410150893
6.722999999999999 1.0874764242153798
3.903000000000006 0.7239969254419677
0.3159999999999954 0.6461622479803105
2.1980000000000004 0.5683275705186533
1.0949999999999989 1.1744
0.10200000000000387 1.171918699186992
1.2299999999999969 1.1694373983739839
0.8400000000000034 1.3338190476190475
2.7269999999999968 1.0743351668500183
0.11699999999999733 0.8842873525447783
4.158000000000001 0.6942395382395383
0.14800000000000324 0.7696428460428462
8.384999999999998 0.8450461538461539
7.2549999999999955 1.0891335630599588
0.16800000000000637 1.1466491849634557
2.3299999999999983 1.2041648068669528
0.3569999999999993 0.9503341980221014
1.8109999999999928 0.6965035891772501
0.12100000000000932 0.6966226555157773
1.8119999999999976 0.6967417218543046
0.18899999999999295 0.7846369953250232
1.5030000000000001 0.8725322687957419
0.24099999999999966 0.9418543696919885
2.719999999999999 1.0111764705882353
0.10800000000000409 1.002863537539368
2.894999999999996 0.9945506044905007
0.27300000000001035 0.9845336053244489
7.436999999999998 0.9745166061583972
6.1370000000000005 1.4034205637933843
5.510000000000005 1.1008304900181487
0.09399999999999409 1.089361505396886
7.219999999999999 1.0778925207756234
0.2600000000000051 1.0208508683102044
1.2369999999999948 0.9638092158447856
0.0940000000000083 0.9231687985320635
1.4269999999999925 0.8825283812193413
1.1880000000000024 1.0605252525252524
0.2909999999999968 1.1284575312363423
2.473000000000013 1.1963898099474322
0.14799999999999613 1.390309562184118
3.3840000000000003 1.5842293144208037
0.29299999999999216 1.6134522597719387
4.997 1.6426752051230735
0.10500000000000398 1.918625600236631
3.4410000000000025 2.194575995350189
2.666000000000011 2.1874328582145535
4.151999999999987 1.808452793834297
5.417000000000002 1.341945726416836
3.5609999999999786 2.09059702330806
0.14400000000000546 2.123753285523377
3.1839999999999975 2.1569095477386937
0.10800000000000409 2.1078346382931477
3.983000000000004 2.0587597288476016
0.117999999999995 2.044272506851513
3.492999999999995 2.029785284855425
0.2990000000000066 2.0618929111726736
3.7210000000000036 2.0940005374899218
3.930999999999983 1.9516540320529125
3.8559999999999945 2.0374771784232366
3.211999999999989 2.06906600249066
0.09299999999998931 2.0454258050673664
3.349000000000018 2.021785607644073
2.336999999999989 2.0499786050492084
