0.589 2.469283531409168
0.11299999999999999 2.4867946832096144
0.497 2.5043058350100607
0.10200000000000009 2.4898254838767118
0.45199999999999996 2.4753451327433633
1.248 2.45099358974359
1.3400000000000003 2.457080597014925
2.6239999999999997 2.44225
2.963 2.4448599392507595
0.1349999999999998 2.944698747538494
2.463000000000001 3.444537555826228
0.12599999999999945 3.933112588671378
1.5429999999999993 4.4216876215165275
1.7030000000000012 4.2930733998825605
0.09499999999999886 4.121568049327923
4.402000000000001 3.950062698773285
0.10299999999999798 3.9136685093682013
4.338000000000001 3.877274319963117
4.254999999999999 4.154101997649825
4.919999999999998 3.6997983739837395
4.825000000000003 3.3250138860103626
4.724000000000004 3.645187129551228
4.123000000000005 4.442763036623817
3.764000000000003 4.377283740701381
0.3200000000000003 4.461065508109709
3.908999999999999 4.544847275518036
0.10300000000000153 4.705282069795115
3.5459999999999994 4.865716864072194
3.429000000000002 4.758875473899097
4.147000000000006 4.198638051603568
4.061999999999998 4.375196454948301
3.6469999999999914 4.483849739511928
3.8299999999999983 4.5677075718015665
3.7379999999999995 4.505577314071696
4.284000000000006 4.473553688141924
0.30299999999999727 4.5568333146591975
3.4000000000000057 4.640112941176471
0.10799999999998988 4.602455829048541
3.7409999999999997 4.564798716920611
3.879000000000005 4.463294663573086
0.12000000000000455 4.486321111461122
3.7489999999999952 4.509347559349159
3.7930000000000064 4.53013867650936
0.1039999999999992 4.549222582977119
3.8370000000000033 4.568306489444879
3.9750000000000085 4.602286289308177
0.12199999999999989 4.663258804838326
3.907999999999987 4.7242313203684745
0.09300000000000352 4.767667413339916
3.5649999999999977 4.811103506311359
0.22500000000000853 4.795568559878369
3.212999999999994 4.7800336134453785
0.10000000000000853 4.761598253437212
3.6219999999999857 4.743162893429044
3.5979999999999848 4.744569205113952
0.10499999999998977 4.744343182275131
3.6189999999999998 4.74411715943631
3.6030000000000086 4.681634193727448
0.09999999999999432 4.59935522040986
3.8689999999999998 4.517076247092271
0.1290000000000191 4.459708248027464
3.8559999999999945 4.402340248962656
4.168999999999983 4.2582911969297195
0.1349999999999909 4.316433297898725
3.886000000000024 4.374575398867731
0.29899999999997817 4.269313649387526
4.3160000000000025 4.164051899907322
0.09600000000000364 4.14367115363303
3.805000000000007 4.123290407358739
0.09299999999998931 4.238425001659167
3.960000000000008 4.353559595959596
2.4960000000000093 4.595057692307693
