1.3800000000000001 1.05391884057971
0.127 1.057496504688832
1.173 1.061074168797954
0.1259999999999999 1.048525973287866
1.08 1.035977777777778
0.11799999999999988 1.0318136822773187
1.21 1.0276495867768596
0.09299999999999997 1.0536827620094043
1.2110000000000003 1.0797159372419487
0.8470000000000004 1.1928122786304605
0.9819999999999993 1.2488391038696538
0.12700000000000067 1.301778979142464
4.1899999999999995 1.3547188544152746
0.10100000000000087 1.3502059755311087
5.0699999999999985 1.3456930966469427
0.13200000000000145 1.3355644598535656
5.515999999999998 1.3254358230601884
5.670999999999999 1.3257894551225535
0.125 1.3824461001102963
5.100000000000001 1.4391027450980394
0.11299999999999955 1.389532621443412
5.652999999999999 1.3399624977887847
0.13500000000000512 1.3846538915422115
5.800999999999995 1.4293452852956383
0.10800000000000409 1.3316285277613913
5.326999999999998 1.2339117702271445
5.573 1.3252036605060111
0.134999999999998 1.3234644676156426
2.1840000000000046 1.3217252747252743
0.10900000000000176 1.274036496795436
2.433 1.226347718865598
2.6950000000000003 1.203995547309833
0.09999999999999432 1.195420785499248
2.3640000000000043 1.186846023688663
0.14100000000000534 1.243228812600952
2.3789999999999907 1.2996116015132408
0.11700000000000443 1.3840340866905172
5.2039999999999935 1.4684565718677938
5.228999999999999 1.4810112832281506
4.978000000000009 1.4048613901165126
0.12999999999999545 1.3314856863016888
5.710000000000008 1.2581099824868651
0.09599999999998943 1.2582857604742017
5.759 1.2584615384615385
0.1360000000000099 1.34768188701522
5.994 1.4369022355689018
0.1039999999999992 1.4707692226913882
0.590999999999994 1.5046362098138748
0.10899999999999466 1.4144086221483168
0.9280000000000115 1.3241810344827585
2.4510000000000076 1.307247654018768
1.9510000000000076 1.4688590466427471
2.138999999999996 1.497230481533427
10.093999999999994 0.7014559144045966
0.12600000000000477 0.8626335196250425
8.08999999999999 1.0238111248454884
0.11100000000001842 1.0405068888781606
1.3569999999999993 1.0572026529108327
0.3160000000000025 1.1106359033434965
1.0989999999999895 1.1640691537761603
0.1150000000000091 1.1682706570662535
0.8979999999999961 1.172472160356347
0.103999999999985 1.176764651606745
0.8400000000000034 1.181057142857143
1.1589999999999918 0.9957135461604832
0.13500000000001933 0.974586486320022
3.2779999999999916 0.9534594264795606
0.3019999999999925 0.9380759445981035
7.443000000000012 0.9226924627166465
7.447000000000003 1.1011199140593528
0.15500000000000114 1.0759816259195534
6.746999999999986 1.050843337779754
0.1519999999999868 1.1440129677149007
6.298000000000002 1.2371825976500475
0.09900000000001796 1.1947768988250238
4.375 1.1523712000000002
0.1209999999999809 1.1027119157894738
1.2160000000000082 1.0530526315789472
0.09499999999999886 1.0459106406242236
1.0589999999999975 1.0387686496694997
0.32099999999999795 1.0828049526374404
2.230000000000018 1.126841255605381
1.5309999999999775 1.3374474199869368
