1.9849999999999999 0.7326992443324938
0.133 0.7350226079482374
1.6880000000000002 0.7373459715639811
0.11500000000000021 0.7376888169165551
1.516 0.7380316622691291
0.18100000000000005 0.7377750244916226
1.686 0.7375183867141162
0.11599999999999966 0.745353663403141
1.7359999999999998 0.7531889400921659
0.1479999999999997 0.7839783410138248
1.2400000000000002 0.8147677419354838
0.17600000000000016 0.8556148651197888
1.3680000000000003 0.8964619883040936
0.10800000000000054 0.8740705532457393
1.6329999999999991 0.8516791181873852
0.16000000000000014 0.7842103963665152
9.519 0.7167416745456454
6.993000000000002 1.0454889174889175
0.11199999999999832 1.0499384885952048
2.6800000000000033 1.0543880597014923
0.28600000000000136 1.1002142133369848
1.0899999999999963 1.1460403669724772
0.13700000000000045 1.014024298712576
1.4579999999999984 0.8820082304526748
0.17900000000000205 0.6933563959280918
2.8500000000000014 0.5047045614035088
0.1729999999999947 0.5795146199398034
4.121000000000002 0.654324678476098
0.22700000000000387 0.5631629836717529
6.206999999999994 0.4720012888674078
0.277000000000001 0.5674308321426265
11.667000000000002 0.6628603754178451
0.2259999999999991 0.515952086636947
3.2650000000000006 0.36904379785604896
0.2879999999999967 0.35670721907378194
3.8419999999999987 0.355629359708485
0.1880000000000024 0.40495029329734766
2.4210000000000065 0.46552994630318045
0.31399999999999295 0.4878960411127553
2.4720000000000084 0.5102621359223302
0.13599999999999568 0.6523922385086791
1.5889999999999986 0.7945223410950282
0.11899999999999977 0.8086212709239257
1.5940000000000083 0.8227202007528231
0.10299999999999443 0.723126139823249
4.411000000000001 0.6235320788936749
0.10599999999999454 0.5774261243333478
5.418999999999997 0.5313201697730209
0.15900000000000603 0.6769840661824356
1.4969999999999999 0.8226479625918504
0.1039999999999992 0.8566140669752398
1.6340000000000003 0.8905801713586293
0.15800000000000125 1.0024806056131748
5.442999999999998 1.11438103986772
0.15900000000000603 1.0240962074788564
8.333999999999989 0.9338113750899927
0.355000000000004 1.0088293239086326
1.1000000000000085 1.0838472727272725
0.10099999999999909 1.140482571724853
1.0519999999999925 1.1971178707224335
0.355000000000004 0.6963775689015894
6.439999999999998 0.5043627329192546
0.37699999999999534 0.416946734982318
3.1069999999999993 0.37046926295461863
0.10999999999999943 0.6512189507930614
1.4030000000000058 0.931968638631504
3.0390000000000015 1.055842053307009
0.2890000000000015 0.856362919485794
11.49600000000001 0.6568837856645791
0.09899999999998954 0.7914218864810669
6.298000000000002 0.9259599872975548
0.09399999999999409 0.9969347837456558
0.929000000000002 1.0679095801937568
0.2530000000000143 0.9819485789167541
1.2879999999999825 0.8959875776397515
0.13599999999999568 0.8950608529033333
1.342000000000013 0.894134128166915
0.18600000000000705 0.718443496912435
2.180999999999983 0.5427528656579551
0.13400000000001455 0.5406892448090108
2.4039999999999964 0.5386256239600666
0.33099999999998886 0.6182863172555315
4.265000000000015 0.6979470105509965
0.18600000000000705 0.6226425655315082
6.4059999999999775 0.5473381205120198
0.3689999999999998 0.6168410051477615
11.177999999999997 0.6863438897835032
0.13100000000000023 0.7549121378177968
1.5550000000000068 0.8234803858520902
0.1349999999999909 0.8581914916273438
1.2320000000000277 0.8929025974025974
0.33899999999999864 0.9081316105921369
1.025999999999982 0.9233606237816763
0.09100000000000819 0.928499438709965
0.9619999999999891 0.9336382536382537
