0.545 2.6686385321100916
0.4630000000000001 2.6882073434125267
0.41700000000000004 2.683107913669065
0.46299999999999986 2.6856501079913606
3.134 2.5443497128270582
3.741999999999999 1.7125772314270444
9.181 0.7890338743056312
0.11899999999999977 1.0123363370945577
6.866 1.2356387998834841
0.142000000000003 1.2503902289029174
0.9529999999999994 1.2651416579223504
0.14399999999999835 1.2692069845675826
0.8740000000000023 1.2732723112128148
0.1269999999999989 1.2719777009591509
0.8930000000000007 1.2706830907054871
0.11599999999999966 1.1172136833247923
3.3629999999999995 0.9637442759440976
0.1620000000000026 0.8148615799026672
4.640999999999998 0.6659788838612367
0.16100000000000136 0.6682826820238585
2.144999999999996 0.6705864801864803
0.1630000000000038 0.669180312901561
4.037999999999997 0.6677741456166418
0.16199999999999903 0.9305697611993595
2.4550000000000054 1.1933653767820773
0.10499999999999687 1.093700169110833
7.780000000000001 0.9940349614395887
0.12199999999999989 0.8418881124729336
10.273000000000003 0.6897412635062786
0.125 0.9211215028332786
1.1479999999999961 1.1525017421602788
0.14700000000000557 1.2659987290972752
0.8169999999999931 1.3794957160342716
0.8970000000000056 1.4062073578595318
0.28999999999999204 1.410780808974609
0.8920000000000101 1.415354260089686
0.125 1.3836283495570383
2.378 1.3519024390243906
0.12399999999999523 1.2148169923585508
6.489000000000004 1.0777315456927108
0.29299999999999216 1.0178501707660779
7.499000000000009 0.9579687958394452
0.1349999999999909 0.9829816162785544
7.189999999999998 1.0079944367176636
5.8870000000000005 1.4630188551044676
0.1039999999999992 1.8872975373083314
2.6239999999999952 2.311576219512195
5.128 1.5176255850234008
4.765999999999991 1.63795383969786
0.13900000000001 1.8929750753976542
3.253 2.1479963110974487
1.4069999999999965 2.2761734186211804
0.0940000000000083 2.135616041744845
1.483000000000004 1.9950586648685096
0.12899999999999068 1.973682282179339
2.7460000000000093 1.9523058994901683
5.5249999999999915 1.4856919457013573
5.117999999999995 1.4754857366158656
3.830999999999989 1.5222385800052207
2.9439999999999884 2.550508152173913
2.75 2.643389090909091
3.289999999999992 2.262801215805471
0.13000000000002387 1.814336168761924
5.027999999999992 1.365871121718377
6.632000000000005 1.2364354644149578
2.8569999999999993 1.0419124956247814
0.14500000000001023 1.0335656045375368
3.4199999999999875 1.0252187134502924
5.563999999999993 1.3788554996405467
0.13800000000000523 1.538964082000204
4.623999999999995 1.6990726643598615
3.5579999999999927 1.8678583473861718
2.4139999999999873 2.8048715824357915
1.707000000000022 2.8065612185120092
