0.743 1.9574804845222071
0.63 1.9756190476190478
0.5650000000000002 1.9802761061946905
0.1349999999999998 1.9770078943671865
0.6300000000000003 1.9737396825396827
0.6659999999999999 1.9632672672672673
0.14800000000000013 1.951144072362832
3.305 1.9390208774583966
5.1339999999999995 1.4110089598753408
0.09500000000000064 1.6191267069460702
4.643000000000001 1.8272444540167996
0.12399999999999878 2.435179764920978
2.242000000000001 3.043115075825156
1.943999999999999 3.7608559670781894
2.0109999999999992 3.738713078070612
0.09699999999999775 2.9175461991324214
3.5010000000000012 2.096379320194231
0.09700000000000131 1.7187640227033476
5.648 1.3411487252124643
0.2530000000000001 1.63741578051668
4.287999999999997 1.9336828358208955
0.10900000000000176 2.8090633910046185
1.783999999999999 3.6844439461883414
0.1039999999999992 4.118843428088006
1.6219999999999999 4.55324290998767
0.09500000000000597 3.1972871692795497
4.199999999999996 1.8413314285714288
0.09499999999999886 1.3264446628597608
8.731000000000002 0.8115578971480929
0.1039999999999992 1.138771898481282
5.390000000000001 1.4659858998144712
4.195 1.7616305125148988
0.10999999999999943 1.7592428424643458
4.060000000000002 1.756855172413793
0.12899999999999068 2.086815948003228
3.162000000000006 2.416776723592663
0.23900000000000432 1.8243769077715146
6.286000000000001 1.231977091950366
0.11699999999999022 1.825919341822934
2.8900000000000006 2.419861591695502
0.1110000000000042 2.6218427455332853
2.543999999999997 2.8238238993710687
3.3810000000000002 2.143590653652765
0.12999999999999545 1.7537266015690585
6.314999999999998 1.3638625494853522
0.09799999999999898 1.3598007427802266
4.474000000000004 1.3557389360751007
0.10000000000000853 2.7520656300844593
1.8759999999999906 4.148392324093818
0.12199999999999989 2.5093404206868195
8.969999999999999 0.8702885172798216
6.486000000000004 1.0773098982423683
0.25799999999999557 1.4952603111858296
3.9909999999999997 1.9132107241292908
0.12099999999999511 2.331452945707768
1.0760000000000076 2.7496951672862457
0.117999999999995 2.746399078659734
1.2039999999999935 2.743102990033223
0.09600000000000364 2.74162152063574
1.1710000000000065 2.740140051238258
0.12999999999999545 2.7356280726354036
2.7650000000000006 2.73111609403255
0.13599999999999568 2.7306554252934285
2.1359999999999957 2.730194756554307
2.751999999999981 2.7284505813953492
2.423999999999978 2.998894389438944
1.886000000000024 3.947304347826087
0.11699999999999022 3.9432841216010397
4.281999999999982 3.939263895375992
0.1150000000000091 4.445767963556514
3.5289999999999964 4.952272031737036
5.622000000000014 3.0194635361081463
7.731999999999999 2.2960186239006726
6.381 2.6640965365930107
0.10400000000001342 2.461064250031665
5.256 2.25803196347032
2.933000000000021 2.2658847596317764
4.907000000000011 1.3798573466476463
0.11199999999999477 1.3714080474347763
3.5149999999999864 1.362958748221906
