0.319 4.559272727272727
0.2720000000000001 4.575882352941177
0.6240000000000001 4.497589743589743
1.7630000000000001 4.234944980147477
1.6710000000000003 4.77198803111909
1.3709999999999996 4.674299051787018
1.8920000000000003 3.828816067653277
0.10799999999999876 3.8531411234061634
2.1880000000000006 3.8774661791590495
0.1120000000000001 3.712600619245113
4.635 3.5477350593311763
4.3580000000000005 3.9820119320789362
4.287000000000003 4.05602425938885
0.1039999999999992 4.745236039225928
3.094999999999999 5.434447819063005
0.10600000000000165 5.82476680685921
2.8439999999999976 6.215085794655415
2.8050000000000033 6.489485918003565
0.0969999999999942 5.876500176849552
3.048000000000002 5.263514435695538
3.259999999999998 5.282166871165644
0.23199999999999932 5.019363362874435
3.850999999999999 4.756559854583226
4.241 3.884955435038906
3.612000000000002 4.918551495016612
0.09099999999999397 4.5867519497277875
4.055 4.254952404438964
5.122 3.1859008199921903
5.114999999999995 3.4040570869990225
5.194000000000003 3.4216495956873314
0.10900000000000887 3.383211789048411
4.888999999999996 3.34477398240949
0.10699999999999932 3.491301526451158
4.8089999999999975 3.637829070492826
0.2810000000000059 4.353810381122392
3.3219999999999885 5.0697916917519565
3.9920000000000044 4.80077755511022
0.10999999999999943 4.7245467033064354
3.3939999999999912 4.648315851502652
0.10300000000000864 5.004991834699521
3.184999999999988 5.3616678178963895
0.12000000000000455 4.731665465451393
4.221000000000004 4.101663113006397
3.1610000000000014 5.348163239481177
3.433000000000007 5.005189630061172
3.2819999999999965 5.340826325411334
0.12100000000000932 5.023047936368219
3.887999999999991 4.705269547325103
0.3030000000000115 4.338254907024565
4.649000000000001 3.9712402667240267
3.4539999999999935 4.965716270990157
2.6910000000000025 5.707264214046822
0.11200000000000898 5.026082284059324
3.9539999999999935 4.344900354071826
3.4209999999999923 4.990049693072201
3.920000000000016 4.379836734693878
4.268000000000001 3.9521855670103085
3.9939999999999998 4.375705558337506
0.09899999999998954 4.820517791575701
3.224000000000018 5.2653300248138954
0.27199999999999136 4.985901491728262
3.7719999999999914 4.706472958642629
4.807999999999993 3.5356905158069885
0.09700000000000841 4.02167620849291
3.9869999999999948 4.507661901178832
0.10800000000000409 4.2834713128145125
3.8649999999999807 4.059280724450194
3.7849999999999966 4.554847027741083
0.1150000000000091 4.429255408804876
2.664999999999992 4.3036637898686685
