0.638 2.2796363636363637
0.54 2.3048888888888888
0.4869999999999999 2.2974455852156055
0.11299999999999999 2.2774460398402754
1.3550000000000002 2.257446494464945
1.4659999999999997 2.245899045020464
2.5940000000000003 2.47049498843485
0.10099999999999998 2.6015470038364366
2.651 2.732599019238023
3.7959999999999994 2.2349567966280297
0.0990000000000002 2.8129714400635177
2.0119999999999987 3.3909860834990058
1.847999999999999 3.9562251082251083
4.311 4.03344374855022
0.09100000000000108 3.81792298800396
4.6690000000000005 3.6024022274577
5.117000000000004 3.454309947234708
6.068000000000005 2.999836519446276
4.714999999999996 3.402585790031813
4.8459999999999965 3.553418076764341
4.617000000000004 3.967405674680529
3.600999999999999 4.575422382671481
0.28699999999999903 4.711423060367118
3.6650000000000063 4.847423738062756
3.6569999999999965 4.718028985507246
5.516000000000005 2.9583364757070343
0.09499999999999886 2.754007306531215
6.829000000000008 2.5496781373553965
1.9029999999999916 4.069473462953232
0.09900000000000375 3.8887664239474535
1.8859999999999957 3.708059384941676
0.10800000000000409 3.610461966309469
2.0450000000000017 3.5128645476772613
5.1000000000000085 3.3023231372549016
0.0969999999999942 3.6761725576384396
4.731999999999999 4.050021978021978
0.2560000000000002 4.473239418557855
3.2220000000000084 4.896456859093732
3.5670000000000073 4.787471825063079
0.13400000000000034 4.171263633270759
4.8700000000000045 3.5550554414784385
0.12899999999999068 3.5555613766079612
4.754000000000005 3.556067311737484
4.894999999999996 3.5102790602655767
0.1010000000000133 3.4415540000192615
5.1969999999999885 3.3728289397729463
0.10699999999999932 3.0654740769460798
3.003 2.7581192141192137
0.09900000000000375 2.605665703891645
3.3460000000000036 2.4532121936640765
3.0760000000000076 2.454985695708713
0.11599999999998545 3.1445526769141856
1.521000000000015 3.834119658119658
1.4159999999999968 5.302751412429378
3.280000000000001 5.204560975609757
0.117999999999995 4.966499711159326
3.6310000000000002 4.728438446708895
4.748000000000019 3.5526385846672284
5.02000000000001 3.4813880478087653
4.027999999999992 4.21435551142006
2.7910000000000252 6.360736653529201
0.10099999999999909 7.696733895308702
1.8819999999999766 9.032731137088204
0.11600000000001387 8.741106518238507
2.1270000000000095 8.449481899388811
0.2699999999999818 5.90092898388244
4.680000000000007 3.352376068376069
5.457999999999998 3.1586837669476
3.6289999999999907 3.160447506200055
