0.616 2.361051948051948
0.52 2.393538461538461
0.47 2.380544680851064
0.135 2.362241689084536
1.305 2.343938697318008
1.3819999999999997 2.382408104196816
0.12199999999999989 2.5185382357718775
1.5680000000000005 2.654668367346939
0.1299999999999999 2.7323225467456185
2.5779999999999994 2.809976726144298
0.11500000000000021 3.9634612219382523
1.6580000000000013 5.116945717732207
4.154 3.958534424650939
4.841999999999999 3.5839752168525396
5.677 3.062916329047032
0.129999999999999 2.783663048382956
6.716000000000001 2.5044097677188804
7.634999999999998 2.3150889325474786
0.25500000000000256 2.6239359329404057
1.875 2.932782933333333
0.6229999999999976 4.328205457463884
1.0940000000000012 4.298910420475321
0.2989999999999995 3.9739085966918437
5.019999999999996 3.648906772908367
0.09100000000000108 3.4268747052637534
5.140999999999998 3.20484263761914
5.75 3.089705739130435
5.668999999999997 3.043540659728347
0.13000000000000966 3.4738316325461662
1.8269999999999982 3.904122605363985
1.9170000000000016 3.986357850808555
1.9369999999999976 3.998042333505421
4.024000000000001 4.0637673956262415
4.888999999999996 3.578302311311107
0.30299999999999727 3.4706455646012406
5.007999999999996 3.362988817891374
0.10300000000000864 3.1149053289157695
6.685000000000002 2.866821839940165
0.11899999999999977 2.901801091228459
5.372 2.936780342516753
0.125 3.30461726803257
4.6499999999999915 3.6724541935483868
2.980000000000004 4.191310067114094
0.11599999999999966 3.73856504327522
5.144999999999996 3.2858200194363456
3.6069999999999993 4.76374161352925
0.09300000000000352 4.633745421358665
3.891999999999996 4.503749229188078
0.1110000000000042 4.381074800813779
4.2960000000000065 4.258400372439479
0.29299999999999216 3.929697163009285
5.126999999999995 3.600993953579091
5.582999999999998 3.072108902024001
0.11600000000001387 3.5794615824649005
3.7580000000000098 4.086814262905801
3.679000000000002 4.669675455286763
0.12199999999998568 4.6920539662515015
3.6210000000000093 4.714432477216239
3.929000000000002 4.369804021379486
4.562000000000012 3.6974853134590093
6.788999999999987 2.574247753719252
0.11200000000002319 2.9344380032536783
2.151999999999987 3.2946282527881046
2.3640000000000043 3.2960135363790193
2.306999999999988 3.3255101863892502
3.4110000000000014 3.4793948988566408
0.09299999999998931 3.485845636501363
1.90300000000002 3.4922963741460853
0.09199999999998454 3.358281520406376
2.1000000000000227 3.224266666666667
0.10199999999997544 3.178778199258775
1.5290000000000248 3.133289731850883
