2.335 0.6228728051391862
0.17500000000000027 0.6252639366089274
1.983 0.6276550680786687
0.1200000000000001 0.6274082515281235
1.7839999999999998 0.6271614349775784
0.11699999999999999 0.6274262500481027
1.9810000000000008 0.6276910651186269
0.12599999999999945 0.5900466309961534
2.366999999999999 0.5524021968736798
0.1330000000000009 0.546627222633842
1.8680000000000003 0.5408522483940043
0.1349999999999998 0.5406685217289545
2.269 0.5404847950639048
0.14899999999999913 0.5923341066565472
2.158999999999999 0.6441834182491896
1.6080000000000005 0.7498009950248756
0.09799999999999898 0.7516235848516388
1.4770000000000003 0.7534461746784021
0.14700000000000202 0.7829995382199966
9.253 0.8125529017615909
0.1280000000000001 0.7735782224752303
9.990999999999996 0.7346035431888699
1.2819999999999965 1.0030951638065524
0.12199999999999989 0.9894743118897077
1.4740000000000038 0.975853459972863
0.12899999999999778 0.9501412514385766
1.2120000000000033 0.9244290429042903
0.09100000000000108 0.9236423779992677
1.198999999999998 0.9228557130942453
0.11899999999999977 0.8500449809413068
3.7139999999999986 0.7772342487883682
4.585000000000001 0.6507533260632496
0.1180000000000021 0.6003570020146757
5.899999999999999 0.5499606779661017
0.12999999999999545 0.5123884602886278
15.564000000000007 0.47481624261115396
0.2809999999999917 0.6053684480266972
1.7139999999999986 0.7359206534422403
0.10000000000000853 0.7351784768083802
1.718999999999994 0.73443630017452
1.7860000000000014 0.7342754759238521
0.11499999999999488 0.7579226918299176
1.4089999999999918 0.781569907735983
0.2600000000000051 0.7788205333828163
3.710000000000008 0.7760711590296496
0.13799999999999102 0.7691648141446867
3.9849999999999994 0.7622584692597238
0.09300000000000352 0.7946092054965772
4.119 0.8269599417334305
2.503 0.8876260487415103
0.09999999999999432 0.9197603023077179
5.234999999999999 0.9518945558739256
0.1530000000000058 0.8698572853134072
4.066999999999993 0.787820014752889
0.18600000000000705 0.6493599059565662
2.4650000000000034 0.5108997971602434
0.11599999999999966 0.5128883946978169
2.4469999999999885 0.5148769922353903
0.16400000000000148 0.5430583472343204
2.0150000000000006 0.5712397022332507
0.32800000000000296 0.618016791535305
4.9680000000000035 0.6647938808373592
0.16199999999999193 0.7096252498473182
4.253 0.7544566188572772
0.14000000000000057 0.6973171531044609
11.796000000000006 0.6401776873516446
0.12700000000000955 0.6014570959473349
1.870999999999981 0.5627365045430252
0.12999999999999545 0.5731588405068067
1.700000000000017 0.5835811764705883
0.2560000000000002 0.6464408648179616
1.6269999999999811 0.7093005531653349
0.10300000000000864 0.7117717051540959
1.6800000000000068 0.7142428571428571
0.13399999999998613 0.7059513124684502
3.9620000000000175 0.6976597677940435
0.12699999999998113 0.6995756079563147
4.385000000000019 0.7014914481185859
0.10599999999999454 0.7355302676390173
9.212999999999994 0.7695690871594487
0.3550000000000182 0.7578109702361777
10.443999999999988 0.7460528533129068
1.5970000000000084 0.8366938008766437
0.09299999999998931 0.8816291001488862
1.382000000000005 0.9265643994211287
0.11899999999999977 0.9227876299528366
1.1970000000000027 0.9190108604845446
0.27700000000001523 0.8813077454693427
1.1229999999999905 0.8436046304541407
0.1150000000000091 0.7007712525567706
3.6699999999999875 0.5579378746594007
