0.719 2.0228205841446454
1.592 2.004346733668341
0.10699999999999976 2.0067753696954007
3.4950000000000006 2.0092040057224607
0.09799999999999986 2.0349922871560135
3.623 2.060780568589567
3.9240000000000013 2.032108053007136
3.014999999999999 2.125527031509121
1.3230000000000004 2.132377928949358
3.919999999999998 2.1642591836734697
3.099 2.201569538560826
0.10200000000000031 2.201854648798485
3.3200000000000003 2.2021397590361445
3.4129999999999967 2.202915909756812
0.277000000000001 2.2034735704940216
3.3299999999999983 2.204031231231231
3.4379999999999953 2.203260034904014
3.7749999999999986 2.19645880794702
0.1180000000000021 2.187203559043093
3.0180000000000007 2.1779483101391652
3.408999999999999 2.16643003813435
0.09300000000000352 2.1666546380080547
3.5689999999999955 2.16687923788176
0.13100000000000023 2.0645683921339013
3.611000000000004 1.9622575463860426
0.09099999999999397 2.003865506302004
3.8629999999999995 2.0454734662179654
4.967000000000006 1.4878276625729816
0.3269999999999982 1.6016377370103965
4.158000000000001 1.7154478114478116
3.5360000000000014 2.161156108597285
3.591000000000008 2.156560289612921
0.10899999999999466 2.168613789957692
3.2069999999999936 2.180667290302463
0.09100000000000819 2.1850925601161815
3.2809999999999917 2.1895178299299
0.12300000000000466 2.189213762443053
3.311000000000007 2.1889096949562066
3.9340000000000117 2.1893218098627356
2.7680000000000007 2.1913208092485545
3.5529999999999973 2.190369828314101
0.2400000000000091 2.1654464990213222
3.6469999999999914 2.140523169728544
3.2959999999999923 2.119973300970874
0.10400000000001342 2.1333102377780992
3.556999999999988 2.1466471745853246
3.236000000000004 2.1880395550061804
3.787000000000006 2.1871222603644047
0.11299999999999955 2.183950078109939
3.763999999999996 2.180777895855473
3.4680000000000035 2.1774901960784314
2.6769999999999925 2.178444527456108
0.125 1.6741939059842086
6.418000000000006 1.1699432845123092
0.27000000000001023 1.6261231747683287
3.4909999999999854 2.082303065024348
0.12399999999999523 2.116963093205816
3.460000000000008 2.151623121387284
3.1270000000000095 2.1962264150943396
3.8889999999999816 2.10852147081512
0.10600000000002296 2.043660679588414
3.5829999999999984 1.9787998883617082
0.1209999999999809 1.989371196747589
3.896000000000015 1.9999425051334698
0.10299999999998022 2.034205817139396
3.709000000000003 2.0684691291453228
0.09000000000000341 2.050863964158583
3.8640000000000043 2.0332587991718425
3.125 2.1266688
0.26300000000000523 2.1256124043928457
3.1869999999999834 2.124556008785692
0.12399999999999523 2.165640510150561
2.1710000000000207 2.2067250115154304
