0.422 3.446464454976304
0.937 3.405464247598719
0.827 3.39358645707376
0.9019999999999997 3.391175166297117
0.09800000000000031 3.3944977998668246
0.9689999999999999 3.3978204334365327
0.7480000000000002 3.4071016042780746
2.08 3.48275
0.11299999999999955 3.5388105932203393
2.3600000000000003 3.5948711864406784
4.654 3.533251396648045
3.937000000000001 4.407825247650495
5.663 3.0704884336923888
4.178000000000001 4.025757778841551
0.12099999999999866 3.9045424168180354
4.672000000000001 3.7833270547945204
0.12899999999999778 3.714151312739671
4.994 3.6449755706848217
0.10999999999999943 3.7808852462799107
4.096000000000004 3.916794921875
0.10099999999999909 4.02759524993053
4.161000000000001 4.138395577986061
0.22699999999999676 4.088769123061387
4.535000000000004 4.039142668136713
4.346000000000004 3.7910943396226418
5.109000000000002 3.477355255431591
0.09600000000000364 3.167448081508442
6.037999999999997 2.857540907585293
7.8300000000000125 2.0840592592592597
0.09399999999999409 1.9291724204352951
4.307000000000002 1.7742855816113305
2.6430000000000007 2.9300824820279985
2.0289999999999964 3.4467225234105467
2.445999999999998 2.9369615699100566
2.233000000000004 3.2456247201074793
2.8100000000000023 3.0650505338078293
1.9380000000000024 3.1298121775025796
2.338000000000008 3.328650128314799
0.2459999999999951 2.899919872641097
3.159000000000006 2.471189616967395
3.247 2.151965506621497
2.9950000000000045 2.549457095158597
0.10199999999998965 2.4631300245850047
2.9790000000000134 2.376802954011413
0.12699999999999534 2.4494599422919427
3.283999999999992 2.5221169305724724
0.10699999999999932 2.6753327588768636
2.902000000000001 2.8285485871812543
0.09900000000000375 2.983587676799272
2.406000000000006 3.13862676641729
0.09299999999998931 2.967806189619135
5.491000000000014 2.7969856128209805
0.11499999999999488 2.981586798301386
5.426000000000002 3.1661879837817914
5.8940000000000055 2.8963284696301326
0.10800000000000409 2.941376967464223
5.748999999999995 2.9864254652983133
5.052000000000021 3.33886144101346
4.6440000000000055 3.763257536606374
5.805000000000007 2.924276313522825
0.10300000000000864 2.9012445121440322
6.167999999999978 2.87821271076524
0.14300000000000068 2.262453854846024
4.65900000000002 1.6466949989268083
0.12199999999998568 2.4780467412494196
2.3739999999999952 3.3093984835720307
0.12399999999999523 2.8525795590174496
2.774000000000001 2.395760634462869
0.12800000000001432 2.1828905005308235
3.437000000000012 1.970020366598778
3.7789999999999964 1.267742789097645
