1.302 1.1170568356374808
0.09600000000000009 1.1253043741028934
1.098 1.133551912568306
0.09699999999999998 1.1324261079525049
0.9889999999999999 1.1313003033367037
0.1080000000000001 1.1318869458395722
1.0979999999999999 1.1324735883424408
0.1070000000000002 1.1278931515595365
1.1639999999999997 1.1233127147766322
0.1459999999999999 1.119806160279249
2.2829999999999995 1.116299605781866
0.10800000000000054 1.11392915671284
2.5380000000000003 1.111558707643814
7.668000000000001 1.1064027125717266
0.11499999999999844 1.1117036483618292
6.1080000000000005 1.1170045841519318
0.0940000000000012 1.1158360319753406
6.559000000000001 1.1146674797987495
0.13799999999999812 1.1110641862095822
6.7890000000000015 1.1074608926204152
0.2879999999999967 1.1169333317926242
1.1090000000000018 1.1264057709648332
0.11599999999999966 1.126236160438634
1.142000000000003 1.1260665499124345
1.2820000000000036 1.122003120124805
0.117999999999995 1.118584686613271
2.4179999999999993 1.115166253101737
2.625 1.116080761904762
6.981000000000002 1.1078057584873227
0.12599999999999767 1.1078203276489145
6.396000000000001 1.1078348968105065
0.0940000000000012 1.1077206443682475
7.134 1.1076063919259884
0.9990000000000094 1.128176176176176
0.2809999999999917 1.123205109364684
1.1280000000000001 1.1182340425531918
1.1189999999999998 1.128235924932976
1.1629999999999967 1.1276147893379191
0.13000000000000966 1.1248845060520685
2.4509999999999934 1.1221542227662178
0.33100000000000307 1.1202153430144912
6.424000000000007 1.1182764632627646
0.09499999999999886 1.1097749129867993
6.580999999999989 1.1012733627108342
0.11800000000000921 1.1098362658249665
7.700999999999993 1.1183991689390989
0.10200000000000387 1.1114188124375026
5.492000000000004 1.1044384559359066
0.10699999999999932 1.1085806806416736
6.994 1.1127229053474408
0.28699999999999193 1.1279012417437109
1.0430000000000064 1.143079578139981
1.108000000000004 1.1366137184115523
0.09599999999998943 1.133793394214753
1.1140000000000043 1.1309730700179534
2.655000000000001 1.1143774011299439
0.15099999999999625 1.1131981281743997
2.969999999999999 1.1120188552188555
0.1290000000000049 1.108915799696185
7.423000000000002 1.1058127441735146
7.504999999999981 1.0062006662225182
0.10699999999999932 1.0169967025155595
5.674000000000007 1.0277927388086008
0.11899999999999977 1.0782240144554949
0.8790000000000191 1.128655290102389
0.29699999999999704 1.122910413686238
1.032999999999987 1.117165537270087
1.0760000000000218 1.115174721189591
0.29899999999997817 1.1169009987979521
2.4710000000000036 1.1186272764063132
0.15000000000000568 1.117984179430908
2.752999999999986 1.1173410824555028
0.3230000000000075 1.1112847267304793
6.4150000000000205 1.105228371005456
0.11699999999999022 1.1082963991669699
7.010999999999996 1.1113644273284837
6.85499999999999 1.1191760758570388
0.14700000000001978 1.1197272080411673
7.012999999999977 1.1202783402252958
0.9590000000000032 1.1470865484880082
0.3190000000000168 1.1442468887018356
0.8299999999999841 1.1414072289156627
0.09600000000000364 1.1420522149667371
0.7860000000000014 1.1426972010178116
