0.349 4.167358166189112
0.7730000000000001 4.127968952134541
0.12199999999999989 4.130623651325003
0.679 4.1332783505154636
0.12199999999999989 4.127852113263122
0.742 4.122425876010781
0.7959999999999998 4.136291457286432
0.1080000000000001 4.127420792910568
1.556 4.1185501285347055
1.7610000000000001 4.113639977285633
5.433999999999999 3.371618697092381
5.084 3.234412273800157
0.11899999999999977 3.5096388522763053
4.585000000000001 3.784865430752453
0.11499999999999844 3.5427911056571677
5.268000000000001 3.3007167805618827
0.13000000000000256 3.0680603457765585
5.931999999999999 2.8354039109912343
6.277999999999999 2.8154992035680153
0.31400000000000006 3.0660760017840074
2.5 3.3166528
0.10600000000000165 3.320705762670713
1.9769999999999968 3.324758725341426
0.1290000000000049 3.3235039690584776
2.222999999999999 3.322249212775529
2.2890000000000015 3.3785897771952818
0.10999999999999943 3.6740881659085654
1.7849999999999966 3.969586554621849
0.11400000000000432 3.9017423311682746
2.061 3.8338981077147007
1.7899999999999991 4.128513966480447
0.10999999999999943 3.915650675094092
4.4069999999999965 3.7027873837077374
0.0940000000000012 3.4650871116870476
5.395000000000003 3.227386839666358
0.10899999999999466 3.4249498405425145
4.906000000000006 3.622512841418671
4.231999999999999 3.8640359168241964
5.204000000000008 3.361706379707917
0.0969999999999942 2.995595422484716
6.405000000000001 2.629484465261515
0.09099999999999397 3.01948373770103
5.621000000000009 3.409483010140545
4.102000000000004 3.8460224280838617
0.2890000000000015 3.9701116695681833
4.1710000000000065 4.094200911052505
4.228000000000009 4.094872280037842
4.106000000000009 4.117278129566488
0.09499999999999886 3.9966963623244123
4.432999999999993 3.876114595082337
4.582999999999998 3.8246982325987346
0.11700000000000443 3.592247004269983
5.444999999999993 3.359795775941231
5.2180000000000035 3.538193944039862
4.508999999999986 3.80385540031049
0.09299999999998931 3.6811501283294805
4.3160000000000025 3.558444856348471
2.2280000000000086 3.3701508078994618
1.4379999999999882 3.3707037552155765
2.2210000000000036 3.351920756416029
2.2719999999999914 3.022711267605634
2.7139999999999986 3.0213854089904197
2.3600000000000136 3.0042542372881362
2.632000000000005 2.9604012158054713
2.591000000000008 2.9610003859513694
0.3009999999999877 2.84164225811775
2.886000000000024 2.7222841302841307
0.12999999999999545 2.54073737930607
2.8170000000000073 2.359190628328009
2.8700000000000045 2.3592195121951214
2.015000000000015 2.3775682382134002
