0.818 1.7780048899755503
0.6930000000000001 1.796017316017316
0.10999999999999988 1.7974105872691082
0.6220000000000001 1.7988038585209005
1.7349999999999999 1.763020172910663
1.8649999999999993 1.7654091152815012
0.13500000000000068 1.419336947525192
5.971 1.073264779768883
0.14599999999999902 1.58437899098366
3.4570000000000007 2.0954932021984374
0.11800000000000033 2.4008400620242587
3.134999999999998 2.70618692185008
3.102999999999998 2.1987315501127935
0.10600000000000165 2.0976049886009083
3.661999999999999 1.9964784270890226
2.632999999999999 2.8555077857956706
2.724999999999998 2.6933666055045875
3.8389999999999986 1.9731200833550406
0.25099999999999767 1.9309372626342403
4.390000000000001 1.8887544419134399
0.1180000000000021 1.9047875073389524
3.421999999999997 1.9208205727644647
3.717000000000006 1.986914178100619
3.2750000000000057 2.36140213740458
0.11699999999999733 2.4242447682459902
2.8489999999999966 2.4870873990874
4.434999999999995 1.781660428410372
4.426000000000002 1.6696882060551288
3.504000000000005 2.035625570776256
0.09299999999998931 1.9533965268180984
4.084000000000003 1.8711674828599407
0.30800000000000693 1.7784448646341497
4.593999999999994 1.6857222464083588
0.11899999999999977 1.6600380336972853
4.278999999999996 1.6343538209862118
0.12400000000000944 1.2884316992624578
7.622 0.9425095775387038
0.14499999999999602 0.7410388864465407
13.432000000000002 0.5395681953543776
0.17900000000000205 0.5318892849970736
2.7759999999999962 0.5242103746397695
0.11400000000000432 0.5264452586635233
1.6820000000000022 0.528680142687277
0.11299999999999955 0.5292904810029745
2.3189999999999884 0.529900819318672
0.18200000000000216 0.7032709978946301
1.3599999999999994 0.8766411764705883
0.10600000000000875 0.8910049879477313
1.3909999999999911 0.9053687994248742
0.10600000000000875 0.8992231615640824
3.5859999999999985 0.8930775237032906
0.11899999999999977 0.8949582829186353
3.2989999999999924 0.8968390421339801
0.09300000000000352 0.9248615291454667
3.466000000000008 0.9528840161569533
0.1349999999999909 0.8208138825540598
11.918000000000006 0.6887437489511663
0.13900000000001 0.6019860508750998
2.4829999999999757 0.5152283527990335
0.21300000000002228 0.5177129906287657
2.024000000000001 0.520197628458498
0.16499999999999204 0.52021627621142
1.9069999999999823 0.5202349239643419
0.1880000000000166 0.5179440929026357
2.2379999999999995 0.5156532618409294
0.16499999999999204 0.6268081807359629
1.6260000000000048 0.7379630996309963
0.12000000000000455 0.9294663983003466
1.0559999999999832 1.120969696969697
0.15300000000002 1.1143154729502034
1.1689999999999827 1.1076612489307098
0.13000000000002387 1.1042640564180177
2.7039999999999793 1.1008668639053256
0.09900000000001796 0.975007102397301
9.175999999999988 0.8491473408892763
0.13599999999999568 0.8284881697602116
9.497000000000014 0.8078289986311467
0.09899999999998954 0.7837497342797969
10.342000000000013 0.7596704699284471
0.1629999999999825 0.7524829314411883
1.475999999999999 0.7452953929539294
0.146000000000015 0.7427133214769648
1.2800000000000011 0.74013125
0.09899999999998954 0.7402882136232481
1.2129999999999939 0.7404451772464963
