0.732 1.986896174863388
0.62 2.007483870967742
0.558 2.0051182795698925
0.6269999999999998 1.98318341307815
0.657 1.990161339421613
2.119 1.964379424256725
3.6310000000000002 1.9950757367116494
4.195 2.0223828367103693
0.1070000000000011 2.2338910599322457
2.790000000000001 2.4453992831541216
0.10299999999999798 2.443658893414068
2.9939999999999998 2.4419185036740148
0.10800000000000054 2.447076668666753
3.065999999999999 2.4522348336594915
0.13899999999999935 2.410277468459304
3.099 2.368320103259116
0.10200000000000031 2.337098864414946
3.285 2.3058776255707762
0.11899999999999977 2.007922520766415
4.849000000000004 1.7099674159620541
0.2359999999999971 1.7601128735001677
3.6310000000000002 1.8102583310382814
3.9309999999999974 1.8787484100737728
8.707999999999998 0.8881019751952227
0.10200000000000387 1.3499205861657526
3.9110000000000014 1.8117391971362824
4.219000000000001 1.8728760369755868
4.612000000000002 1.6023503902862102
0.09499999999999886 1.816958732596822
3.5109999999999957 2.0315670749074335
3.3389999999999986 2.2886636717580116
3.3880000000000052 2.2857756788665884
0.3050000000000068 2.0856486914149603
3.708999999999989 1.8855217039633325
0.10800000000000409 1.6962544538276911
4.766999999999996 1.5069872036920497
0.19299999999999784 1.1258466639093212
9.732 0.7447061241265928
0.15000000000000568 0.8436670600932844
9.137 0.942627996059976
0.12199999999999989 1.620202886918877
0.38700000000000045 2.2977777777777777
0.11199999999999477 2.2909334985543164
0.5380000000000109 2.284089219330855
1.4609999999999985 2.193062286105407
0.1290000000000049 2.154772330436748
2.1559999999999917 2.116482374768089
3.719999999999999 2.052587096774193
0.27299999999999613 1.5911065668937971
6.268000000000001 1.1296260370134015
4.983000000000004 1.6621778045354205
0.10699999999999932 1.8807625595567128
3.9099999999999966 2.099347314578005
3.3810000000000002 2.233521443359953
0.12199999999998568 2.2438762995694237
2.5870000000000175 2.2542311557788945
0.10899999999998045 2.3300466897125807
3.1210000000000093 2.4058622236462672
3.0219999999999914 2.405466578424884
3.781000000000006 1.9689542449087547
0.12699999999998113 1.964722626308217
3.5030000000000143 1.9604910077076791
0.2849999999999966 1.893390270000833
4.490000000000009 1.826289532293987
0.12299999999999045 1.8110728309899518
3.9480000000000075 1.7958561296859168
4.231999999999999 1.841156899810964
3.3370000000000175 2.299056637698532
3.8959999999999866 2.016558521560575
0.10099999999999909 2.002272679864942
3.3430000000000177 1.987986838169309
3.1950000000000216 2.1192363067292646
0.10499999999998977 2.1599396967729927
2.1769999999999925 2.2006430868167204
