0.9169999999999999 1.5860501635768811
0.78 1.5956923076923073
0.12199999999999989 1.593618557829084
0.7030000000000001 1.5915448079658607
0.09799999999999986 1.5928595834701098
0.7800000000000002 1.594174358974359
0.11399999999999988 1.5895332400932403
0.8250000000000002 1.5848921212121214
3.247 1.9736569140745308
3.3950000000000005 2.133761413843888
0.10499999999999865 2.159884571905196
3.8810000000000002 2.186007729966504
0.11899999999999977 2.176654436774866
3.1480000000000015 2.1673011435832277
2.7490000000000023 2.6595503819570756
2.826999999999998 2.659551467987266
2.371000000000002 3.0954972585407
2.4209999999999994 3.1287930607187113
0.26599999999999824 3.099883937766763
2.6999999999999993 3.070974814814815
0.11400000000000432 3.0354983613097355
2.1909999999999954 3.0000219078046557
0.10099999999999909 2.9992720176457297
2.463000000000001 2.998522127486804
5.917000000000002 3.0957431130640525
5.195 3.1715295476419634
0.1039999999999992 3.184271881972862
5.557000000000002 3.197014216303761
5.590000000000003 3.08655313059034
0.10900000000000176 3.1306485497309677
5.1399999999999935 3.1747439688715953
5.661000000000001 3.075737855502561
5.9269999999999925 2.998489623755694
5.198999999999998 3.1453356414695137
0.29400000000001114 3.1360565606811375
5.594999999999999 3.1267774798927612
0.11499999999999488 3.1150607502651573
5.427000000000007 3.103344020637553
2.7150000000000034 3.172299079189687
1.8719999999999999 3.24015811965812
2.4040000000000106 3.23726455906822
0.09399999999999409 3.202098405294759
2.4650000000000034 3.1669322515212985
2.243000000000009 3.1152171199286673
2.4509999999999934 3.115309669522644
2.2950000000000017 3.0851834422657953
0.10600000000000875 3.039272602954365
2.766999999999996 2.9933617636429344
0.2259999999999991 2.9923893366319625
2.7439999999999998 2.991416909620991
2.471999999999994 3.054828478964401
1.8430000000000035 3.1642409115572443
5.450000000000003 3.152245137614679
5.5600000000000165 3.0703165467625895
5.885999999999996 2.916914712878016
0.11499999999998067 2.9176206782383156
5.780000000000001 2.9183266435986157
0.12300000000001887 2.9751737312371986
5.763999999999982 3.032020818875781
5.562000000000012 3.0520359582883856
0.13700000000000045 3.0420569202201957
5.85499999999999 3.0320778821520062
5.684999999999974 2.990255057167986
0.3050000000000068 2.9873267979297253
6.021999999999991 2.9843985386914644
2.151999999999987 3.0882156133829
2.1670000000000016 3.1245777572681126
1.531000000000006 3.1291966035271064
