1.546 0.9407554980595083
0.1549999999999998 0.9439850549658271
1.314 0.947214611872146
1.1820000000000004 0.9465786802030457
0.12899999999999956 0.9471673888820107
1.3120000000000003 0.9477560975609756
1.3919999999999995 0.9393218390804597
0.11699999999999999 0.9439858021693378
1.0649999999999995 0.9486497652582159
0.13000000000000078 0.9467285806260263
1.298 0.9448073959938367
0.11599999999999966 0.935144834682857
9.167000000000002 0.9254822733718774
0.1280000000000001 0.7836566587931824
10.629999999999999 0.6418310442144872
0.18799999999999883 0.7539271952589947
1.2850000000000001 0.8660233463035021
0.10000000000000142 0.8644641446346408
1.3149999999999977 0.8629049429657796
0.2569999999999979 0.8857011987556169
1.375 0.9084974545454544
0.14700000000000557 0.8712292720198089
1.5419999999999945 0.8339610894941634
0.16400000000000148 0.8180982246132278
1.7929999999999993 0.8022353597322922
0.12000000000000455 0.8020204452541925
3.3629999999999995 0.8018055307760927
0.11899999999999977 0.7561916327176608
4.1229999999999976 0.7105777346592288
11.172999999999995 0.6921679047704288
0.11900000000000688 0.8004308603791812
1.3259999999999934 0.9086938159879338
1.4590000000000032 0.9068348183687456
0.14999999999999858 0.7383730658512966
12.967000000000006 0.5699113133338475
0.30400000000000205 0.6826126554058897
1.5859999999999985 0.7953139974779319
0.1529999999999916 0.7823297592508489
1.6410000000000053 0.769345521023766
0.16599999999999682 0.7516050492639814
1.7870000000000061 0.733864577504197
0.09899999999998954 0.6983856510080638
4.149000000000001 0.6629067245119307
0.1980000000000075 0.5553432533912686
6.429999999999993 0.4477797822706065
0.18600000000000705 0.5331575958063229
1.9909999999999997 0.6185354093420393
0.1389999999999958 0.7491733878632807
1.6539999999999964 0.8798113663845222
0.1530000000000058 0.8683144760962334
2.5930000000000035 0.8568175858079445
0.11599999999999966 0.7965454016517255
1.668999999999997 0.7362732174955063
0.2990000000000066 0.7367921436890024
1.6169999999999902 0.7373110698824985
0.11700000000000443 0.7766092948665178
8.563999999999993 0.8159075198505371
0.11299999999999955 0.7018350623654195
12.991 0.5877626048803017
0.1840000000000117 0.5194885152978537
2.5509999999999877 0.45121442571540565
0.13300000000000978 0.4513585940731724
2.896000000000001 0.4515027624309392
0.21199999999998909 0.5592297633633078
2.1510000000000105 0.6669567642956763
0.103999999999985 0.6833996075307702
1.828000000000003 0.6998424507658643
0.1740000000000066 0.7018196211048573
1.4960000000000093 0.7037967914438502
0.103999999999985 0.6246232684354834
5.302999999999997 0.5454497454271167
0.13000000000002387 0.5797461752089935
4.928999999999974 0.6140426049908704
0.15100000000001046 0.6704445583093885
4.300000000000011 0.7268465116279068
0.19599999999999795 0.6708892298399274
1.924999999999983 0.6149319480519481
0.17799999999999727 0.613000660198697
2.1189999999999998 0.6110693723454459
0.17700000000002092 0.6141638041323403
1.882000000000005 0.6172582359192347
0.117999999999995 0.5595384736203382
2.7469999999999857 0.5018187113214416
0.18999999999999773 0.467868028852673
7.356000000000023 0.43391734638390433
0.29699999999999704 0.37089358963874197
10.232999999999976 0.3921301671064203
0.2880000000000109 0.3913019997040261
3.554000000000002 0.3904738323016319
0.23799999999999955 0.38001752305698966
2.8669999999999902 0.36956121381234736
0.32600000000002183 0.3624438111878096
2.276999999999987 0.3944488361879666
