0.216 6.73337037037037
0.48100000000000004 6.633929313929314
0.11699999999999999 6.687012849735742
0.16600000000000004 6.74009638554217
0.46099999999999985 6.635227765726682
2.5519999999999996 7.0001755485893415
2.2510000000000003 6.900488671701466
2.5729999999999995 6.708231636222308
2.5230000000000015 7.261742370194212
3.6050000000000004 4.561373647711512
0.09999999999999964 5.51588592900117
2.6819999999999986 6.470398210290828
0.11100000000000065 7.170956461415219
2.2089999999999996 7.871514712539611
0.0920000000000023 7.770599125535652
2.192999999999998 7.669683538531692
0.30100000000000193 7.565467349679523
2.3689999999999998 7.461251160827353
3.2330000000000005 5.63037673987009
2.747 5.840259191845649
2.6670000000000016 6.456641919760029
2.696000000000005 6.7943293768546
0.10499999999999687 6.645606328805849
2.5360000000000014 6.496883280757098
3.4070000000000036 5.214501907836807
0.09099999999999397 4.671106456310747
4.18 4.127711004784689
0.12600000000000477 4.5766648648807955
3.247 5.025618724976902
0.23700000000000188 6.266960289612212
2.3189999999999955 7.508301854247521
2.363999999999997 7.517786802030456
2.5689999999999955 6.365356169715844
2.8059999999999974 6.234611546685674
0.09500000000000597 6.379965207670617
2.580999999999996 6.52531886865556
0.11899999999999977 6.8368302661069675
2.6810000000000045 7.148341663558375
0.117999999999995 7.109891136575243
2.2310000000000088 7.07144060959211
3.3810000000000002 5.050846495119787
0.12000000000000455 6.689232771369418
2.0789999999999935 8.327619047619049
0.31400000000000716 6.722154560129137
3.304000000000002 5.116690072639225
0.10200000000000387 5.298826057053265
3.134999999999991 5.480962041467305
3.2069999999999936 5.465728718428438
0.09500000000001307 4.290603460031657
5.872 3.1154782016348768
4.3629999999999995 4.231559935823975
2.6000000000000085 6.596763076923077
0.09999999999999432 6.488711409670512
2.4069999999999965 6.380659742417947
0.0940000000000083 5.9883324770721655
3.069999999999993 5.596005211726384
3.917999999999992 4.357059724349157
0.27600000000001046 3.1310908919127054
9.012 1.905122059476254
0.11199999999999477 2.32304591761593
6.153999999999996 2.7409697757556057
4.685999999999993 3.729527955612463
0.11299999999999955 3.963604729537191
4.043999999999997 4.197681503461919
3.923000000000002 4.525316339536069
2.906000000000006 5.8498279421885755
0.09399999999999409 5.663720432538969
3.281000000000006 5.477612922889362
0.117999999999995 4.158122546119912
5.527000000000015 2.838632169350461
4.40300000000002 3.9155339541221887
0.2769999999999868 4.119331997792342
2.6529999999999916 4.323130041462496
