0.6779999999999999 2.1451445427728615
0.124 2.15864556981575
0.5730000000000001 2.1721465968586386
0.1339999999999999 2.170236089126994
0.516 2.1683255813953486
0.5760000000000001 2.158777777777778
0.125 2.1582139713971396
0.6059999999999999 2.157650165016501
0.10099999999999998 2.1380753304421347
3.025 2.1185004958677687
3.790000000000001 1.911377308707124
0.13299999999999912 1.553651439806057
7.093999999999999 1.19592557090499
0.1039999999999992 1.1830969192432326
5.830000000000002 1.170268267581475
4.3039999999999985 1.6986765799256507
0.13200000000000145 1.433984635219435
6.43 1.1692926905132193
0.11299999999999955 1.199029737186963
5.972999999999999 1.2287667838607066
2.4710000000000036 1.2508328611898014
0.10799999999999699 1.3570583431076169
0.9830000000000041 1.4632838250254323
0.11599999999999966 1.4697235989422288
0.7590000000000003 1.476163372859025
2.6809999999999974 1.0927683700111894
0.14000000000000057 0.9721434770409929
3.3900000000000006 0.8515185840707965
0.13700000000000045 1.0125191462917744
6.038000000000004 1.1735197085127524
0.17499999999999716 0.9818430542563762
9.999999999999993 0.7901663999999999
0.14500000000001023 1.0611872189125295
0.8460000000000036 1.3322080378250591
0.9460000000000122 1.333369978858351
6.7180000000000035 1.1375183090205419
0.117999999999995 1.2694656329757072
5.5260000000000105 1.4014129569308724
0.17600000000000193 1.1345940575695435
8.058999999999997 0.8677751582082144
0.11499999999999488 0.7657225140956279
1.7690000000000055 0.6636698699830412
0.17199999999999704 0.6517061038226895
1.9249999999999972 0.6397423376623377
0.17199999999999704 0.6370481522662168
2.294000000000011 0.6343539668700958
0.09499999999999886 0.8522191013652523
0.8309999999999889 1.0700842358604088
0.10900000000000887 2.1414453275590906
0.9969999999999999 3.2128064192577725
0.1039999999999992 2.567430204229966
1.6670000000000016 1.9220539892021595
8.62899999999999 0.8097615019121567
6.944000000000003 1.0996002304147467
0.12000000000000455 0.9927740891813472
7.99199999999999 0.8859479479479478
0.1869999999999976 0.7239262730715244
2.3270000000000124 0.561904598195101
0.15399999999999636 0.5939156498828908
2.2919999999999874 0.6259267015706806
0.09600000000000364 0.6263665844943065
2.040999999999997 0.6268064674179323
0.17000000000001592 0.7146532337089662
1.3119999999999834 0.8025
0.14700000000001978 0.9749350456168188
2.5209999999999866 1.1473700912336375
4.378000000000014 0.6913238921882138
0.16499999999999204 0.7245950207788789
4.123999999999995 0.757866149369544
0.12999999999999545 1.1180047324387827
1.8700000000000045 1.4781433155080215
0.12199999999998568 1.3572893899614895
6.632000000000005 1.2364354644149578
0.12399999999999523 0.9628293779739803
10.287000000000006 0.6892232915330028
0.24399999999999977 0.48461733335536994
4.923000000000002 0.41998862482226285
0.25 0.390640700243831
3.944999999999993 0.36129277566539914
0.18400000000002592 0.3985895591776835
2.792999999999978 0.4584718940207662
0.21000000000000796 0.4587011117997031
2.3969999999999914 0.45893032957864
0.21000000000000796 0.4622337151578704
2.0349999999999966 0.46553710073710075
0.11899999999999977 0.5374756932256932
3.3600000000000136 0.6094142857142857
