0.446 3.261004484304933
0.38 3.2753684210526317
0.11599999999999988 3.273438596491228
0.3420000000000001 3.2715087719298244
0.9490000000000003 3.2232244467860904
1.0230000000000001 3.2184633431085046
2.3040000000000003 2.781451388888889
0.10099999999999998 2.6697016831450098
2.8320000000000007 2.55795197740113
5.960000000000001 1.4234724832214765
0.13599999999999923 1.6017263277051814
3.833 1.7799801721888862
3.581999999999997 2.041067560022334
0.1180000000000021 2.2442564362611668
3.071999999999999 2.4474453125
0.11799999999999855 2.837492225291337
2.274000000000001 3.227539138082673
0.1280000000000001 3.05384713558126
2.629999999999999 2.880155133079848
0.25400000000000134 3.6027358868320474
1.9170000000000016 4.325316640584247
0.09100000000000108 4.322003918189627
1.5219999999999985 4.318691195795007
5.719999999999999 3.0104657342657344
10.007000000000005 1.8304698710902372
0.10499999999999687 2.5637651144956797
3.297000000000004 3.2970603579011217
1.8090000000000046 4.367973466003316
1.75 4.22288
3.953000000000003 4.1280505944852015
4.028999999999996 4.321606353933978
4.1910000000000025 4.2405268432355046
0.30100000000000193 4.132148264137437
4.063999999999993 4.02376968503937
6.484999999999999 2.6976592135697763
0.12700000000000955 2.1436313056994707
10.594999999999999 1.5896033978291648
0.11099999999999 1.396085697797576
7.162000000000006 1.2025679977659873
0.14700000000000557 1.085059401658556
6.268999999999991 0.9675508055511244
0.16200000000000614 0.9246187829021794
3.6329999999999956 0.8816867602532343
0.15000000000000568 0.9969114120599736
2.8810000000000002 1.1121360638667128
0.09599999999998943 1.8586789410242655
1.1000000000000085 2.605221818181818
0.09199999999999875 3.1368468770175983
0.8729999999999905 3.668471935853379
0.15000000000000568 3.9536285180699564
0.6980000000000075 4.238785100286534
1.9500000000000028 4.24750358974359
0.24200000000000443 4.301058956675508
1.8850000000000051 4.354614323607427
0.12299999999999045 4.267987117506925
1.8059999999999974 4.181359911406423
0.09700000000000841 4.148874541605114
3.7309999999999945 4.116389171803806
4.143000000000001 4.146689838281439
4.085000000000008 4.178937576499387
0.11699999999999022 4.233980404537478
4.002999999999986 4.289023232575569
0.10000000000002274 4.265729926146939
3.975999999999999 4.24243661971831
0.12299999999999045 4.288451444779789
4.032000000000011 4.334466269841268
4.018000000000001 4.224844201095072
4.663999999999987 3.806349914236707
0.2300000000000182 3.693360298314647
4.7479999999999905 3.5803706823925867
4.5589999999999975 3.9421030927835052
3.790999999999997 4.138517541545766
0.10699999999999932 4.197140281510972
4.051000000000016 4.255763021476177
2.727000000000004 4.205817381738174
