0.298 4.880563758389262
0.10299999999999998 4.900044725044434
0.25300000000000006 4.919525691699605
0.584 4.805643835616438
0.1140000000000001 4.8075703454811745
0.6360000000000001 4.809496855345912
1.662 4.797829121540313
3.243 4.789700894233734
3.6030000000000006 4.790530113794062
0.09600000000000009 4.78833924707467
3.8279999999999994 4.786148380355278
3.452 4.7635434530706835
3.753 4.62392965627498
3.615000000000002 4.810007192254495
3.4719999999999978 4.844359447004608
3.668999999999997 4.817580812210411
0.22400000000000375 4.812145040380358
3.786999999999999 4.806709268550304
0.12100000000000222 4.809352234755056
3.333999999999996 4.8119952009598075
3.5860000000000056 4.8019698828778585
0.11199999999999477 4.801078232843541
3.8160000000000025 4.800186582809224
3.4439999999999955 4.784
3.7179999999999964 4.778323830016137
3.6679999999999993 4.703880043620502
3.5060000000000002 4.654359383913292
0.09299999999999642 4.663073440279694
3.7269999999999968 4.671787496646096
0.26600000000000534 4.717567294289277
3.7309999999999945 4.7633470919324585
3.430000000000007 4.767521865889214
3.719999999999999 4.702774193548386
3.582000000000008 4.70180011166946
0.117999999999995 4.741706443060279
4.007999999999996 4.781612774451098
0.09199999999999875 4.784794854600359
3.2950000000000017 4.78797693474962
0.10500000000000398 4.782367768074111
3.575000000000003 4.776758601398601
0.125 4.7763958524234384
3.625 4.776033103448276
3.532999999999987 4.785039343334277
0.25900000000000034 4.786336333689986
3.5889999999999986 4.787633324045695
0.11900000000001398 4.797627962077701
3.6459999999999866 4.807622600109709
3.793999999999997 4.821847127042699
0.10500000000000398 4.812366851762764
3.843999999999994 4.80288657648283
3.593999999999994 4.772282693377853
0.10800000000000409 4.774671362241026
3.2150000000000034 4.777060031104199
3.5870000000000033 4.789444103707834
0.11199999999999477 4.790982579647292
3.5619999999999976 4.792521055586749
3.61099999999999 4.754627527000831
0.28000000000000114 4.7530782705426695
3.5500000000000114 4.7515290140845075
4.02000000000001 4.347404975124379
3.9739999999999895 4.271621540010066
0.12399999999999523 4.443169231143582
3.8470000000000084 4.614716922277099
3.522999999999996 4.825319330116378
3.725999999999999 4.823415995705851
3.252999999999986 4.82296956655395
3.5790000000000077 4.817014808605756
0.12000000000000455 4.797937404302878
2.4000000000000057 4.77886
