1.582 0.9193476611883693
0.11799999999999988 0.9192897833268285
1.354 0.9192319054652879
0.1459999999999999 0.9219531428152886
1.21 0.9246743801652894
0.09200000000000053 0.8596074776225808
1.5649999999999995 0.7945405750798723
0.16600000000000037 0.7000808479845865
2.158999999999999 0.6056211208893006
0.12400000000000055 0.6797926499968892
1.3399999999999999 0.7539641791044777
0.15600000000000058 0.7653164784059437
1.5790000000000006 0.7766687777074098
0.12399999999999878 0.7959522083144317
1.7060000000000013 0.8152356389214536
0.09299999999999997 0.9928523365305499
5.828999999999999 1.1704690341396464
0.13599999999999923 1.2614372547686763
5.406000000000002 1.352405475397706
0.10999999999999943 1.2347045947780386
6.730999999999998 1.1170037141583715
5.788000000000004 1.2680414651002072
0.09599999999999653 0.8373931215314707
18.622999999999998 0.4067447779627343
0.22700000000000387 0.3633021199130994
4.497 0.3801405381365354
1.0970000000000013 1.021338195077484
0.10799999999999699 1.0215204364122417
1.0829999999999984 1.021702677746999
0.12000000000000455 1.02292627196895
1.1209999999999951 1.0241498661909012
2.9690000000000083 1.004952509262378
0.11999999999999034 0.9786676253385561
3.4070000000000107 0.9523827414147343
0.10899999999999466 0.869367379675977
3.567999999999998 0.7863520179372196
0.19200000000000728 0.6777127290127843
5.432999999999993 0.569073440088349
0.284000000000006 0.6876325054847876
1.5660000000000025 0.8061915708812262
0.16399999999998727 0.8063602380851396
1.6260000000000048 0.8065289052890529
0.16500000000000625 0.8291082268131266
1.2929999999999922 0.8516875483372003
0.10999999999999943 0.8603780331483768
3.3130000000000024 0.8690685179595532
8.132000000000005 0.8912297097884898
0.16899999999999693 0.8683908219077929
10.185999999999993 0.8455519340270959
0.10699999999999932 0.9223490007214132
0.8900000000000006 0.9991460674157304
0.10999999999999943 0.9982905661753976
1.2319999999999993 0.9974350649350647
1.1589999999999918 1.0286729939603105
0.30400000000000205 1.1743826185734467
0.9540000000000077 1.320092243186583
2.174999999999997 1.4724487356321838
0.11400000000000432 1.4678317247080117
4.838999999999999 1.4632147137838394
0.25900000000000034 1.1854502062069883
9.125 0.907685698630137
7.2900000000000205 1.1259873799725653
0.13800000000000523 0.9639034372787014
9.417999999999978 0.8018194945848377
0.1670000000000016 0.5997163938180986
2.647999999999996 0.3976132930513595
0.2470000000000141 0.3964337381591459
2.509999999999991 0.3952541832669323
0.18600000000000705 0.3940246409867677
2.937999999999988 0.3927950987066031
0.3090000000000259 0.4852584063585977
2.076999999999998 0.5777217140105922
0.13299999999998136 0.6014035978465444
4.421999999999997 0.6250854816824966
0.14100000000001955 0.7878936953199561
1.3619999999999948 0.9507019089574157
0.12700000000000955 0.8895930919682709
3.5929999999999893 0.8284842749791261
0.13700000000000045 0.7248541248712665
2.218999999999994 0.6212239747634068
0.19499999999999318 0.6295141353530638
2.094999999999999 0.6378042959427207
1.7179999999999893 0.7453504074505238
0.1740000000000066 0.749836126539275
3.5109999999999957 0.7543218456280263
0.09399999999999409 0.5617462780291049
18.341000000000008 0.3691707104301837
0.33500000000000796 0.47245715008688677
1.5599999999999739 0.5757435897435899
