0.649 2.240998459167951
0.546 2.27956043956044
0.4969999999999999 2.251219315895373
0.10299999999999998 2.238724650669666
1.3739999999999999 2.2262299854439593
0.11800000000000033 2.1765801090010495
1.548 2.1269302325581396
3.4109999999999996 1.8787639988273235
4.038 1.7939871223377908
4.721 1.797054861258208
3.908999999999999 1.7453732412381682
0.09199999999999875 1.697681429917211
4.431000000000001 1.6499896185962535
4.466000000000001 1.6835091804746978
0.134999999999998 1.7264489007484387
4.148000000000003 1.7693886210221796
5.772000000000006 1.3123367983367986
0.32099999999999795 1.3710875231552935
5.7989999999999995 1.4298382479737883
0.11500000000000199 1.427521899355498
4.611999999999995 1.4252055507372074
5.233000000000004 1.4113051786738007
0.8100000000000023 1.4173728395061729
2.1410000000000053 1.3936029892573565
2.3299999999999983 1.3926042918454935
2.0120000000000005 1.3944850894632208
0.09300000000000352 1.4034499453711717
2.188999999999993 1.412414801279123
0.11899999999999977 1.4106440968384755
3.4990000000000094 1.408873392397828
0.27199999999999136 1.4217586672993217
5.39800000000001 1.4346439422008153
0.12099999999999511 1.450844102419896
4.766999999999996 1.4670442626389766
0.12600000000000477 1.6128131961909693
4.084999999999994 1.758582129742962
0.11299999999999955 1.6185281109751122
4.902000000000001 1.4784740922072626
0.10999999999999943 1.40534624950657
6.465000000000003 1.3322184068058776
0.1280000000000001 1.4616989200870942
3.8119999999999976 1.5911794333683107
5.105000000000004 1.5244630754162585
0.09900000000000375 1.478686016415912
5.447999999999993 1.4329089574155653
5.9140000000000015 1.1815069327020626
0.10200000000000387 1.1760641528336924
4.23899999999999 1.170621372965322
1.9129999999999967 1.546613695765813
0.8370000000000033 1.5621887694145762
2.0719999999999885 1.5486023166023168
0.12700000000000955 1.550826410826411
1.8810000000000002 1.553050505050505
0.11599999999998545 1.5037370305546978
1.7660000000000196 1.4544235560588905
0.1419999999999959 1.4901355740058726
4.920999999999992 1.525847591952855
4.40900000000002 1.6487457473349967
4.125 1.804755393939394
2.5039999999999907 2.7426517571884985
0.09800000000001319 2.1765144096233144
5.0919999999999845 1.6103770620581306
0.132000000000005 1.4285435512506233
5.687000000000012 1.246710040443116
0.10599999999999454 1.2911452156277972
5.834000000000003 1.3355803908124786
5.520999999999987 1.3895946386524178
0.26300000000000523 1.419567799031006
5.4199999999999875 1.449540959409594
0.09200000000001296 1.4842950511333686
4.375 1.5190491428571429
0.125 1.5492329922356627
4.287000000000006 1.5794168416141825
0.10899999999998045 1.6572926294271566
2.7609999999999957 1.7351684172401305
