0.451 3.224851441241685
0.385 3.2328311688311686
0.11299999999999988 3.237946019198193
0.3450000000000002 3.243060869565217
0.9609999999999999 3.1829760665972944
1.0350000000000001 3.181147826086957
2.0199999999999996 3.1725069306930687
3.0909999999999993 2.3436169524425754
0.11500000000000021 3.47221411613452
1.8440000000000012 4.600811279826464
2.532 6.494372827804106
6.3980000000000015 2.712348859018444
0.14399999999999835 2.8443784692216494
5.841999999999999 2.976408079424855
0.12400000000000233 3.9350495445131255
3.4369999999999976 4.893691009601397
3.3580000000000005 5.263759380583681
3.6910000000000025 4.931727986995394
0.1109999999999971 4.745374081590905
3.5189999999999984 4.559020176186416
3.7820000000000036 4.553110523532522
0.31099999999999994 4.551457397881512
4.025999999999996 4.549804272230502
3.4980000000000047 4.710147512864494
0.09999999999999432 5.071558160101972
3.270000000000003 5.43296880733945
3.1739999999999995 5.435989918084436
5.667999999999992 2.879002117148906
6.305999999999997 2.7611405011100536
0.09499999999999886 3.7660800492127446
3.7249999999999943 4.771019597315436
2.1709999999999923 7.532289267618609
2.464999999999989 7.097087221095335
0.23000000000000398 6.650173076477686
2.7150000000000034 6.203258931860037
0.09000000000000341 6.113053727400791
3.182000000000002 6.022848522941546
0.12199999999999989 5.057647867177647
3.8549999999999898 4.092447211413749
4.286000000000001 3.984347176854876
0.11599999999999966 3.9120139077887153
4.509 3.8396806387225544
0.09000000000000341 3.799905265980494
4.495999999999995 3.7601298932384335
0.10400000000001342 3.8706599419852967
4.315999999999988 3.98118999073216
3.969999999999999 4.415262468513854
4.007999999999996 4.564393213572855
0.284000000000006 5.042707372336666
3.343999999999994 5.521021531100478
3.103999999999999 5.525639175257732
0.09600000000000364 5.587065266187159
2.718999999999994 5.648491357116587
3.032999999999987 5.664271678206396
3.2479999999999905 5.255837438423645
3.5649999999999977 4.815977559607293
3.7530000000000143 4.494518518518518
4.8840000000000146 3.5783308763308765
0.1139999999999759 3.577935090430981
4.7450000000000045 3.577539304531085
0.24100000000001387 4.836986685232575
2.912000000000006 6.096434065934066
0.09599999999997522 6.099114376829201
2.7860000000000014 6.101794687724336
0.11299999999999955 5.838125631703359
3.224000000000018 5.574456575682381
2.8719999999999857 5.462785515320335
2.913000000000011 5.91833024373498
1.6939999999999884 6.770521841794569
