0.6869999999999999 2.1170422125181947
0.119 2.1333397591088383
0.5790000000000001 2.1496373056994815
0.119 2.1485768102393763
0.5210000000000001 2.1475163147792706
0.5840000000000001 2.129205479452055
0.11900000000000022 2.1311084493508234
0.613 2.133011419249592
3.131 2.0467786649632704
3.390999999999999 2.1362783839575346
2.822000000000001 3.006341601700921
4.824 1.4143167495854065
0.14099999999999824 1.1711786845159833
7.878 0.92804061944656
0.09100000000000108 1.1562088569521514
5.431000000000001 1.3843770944577427
0.13899999999999935 2.028573106587939
2.746000000000002 2.6727691187181355
2.6640000000000015 2.8433963963963964
0.3189999999999955 2.5263653977718725
3.753 2.209334399147349
4.2379999999999995 1.5509787635677206
6.844000000000001 1.0790999415546463
0.15399999999999636 1.1508689034329775
2.360999999999997 1.2226378653113088
0.1280000000000001 1.159592361542093
2.7210000000000036 1.0965468577728776
0.10099999999999909 1.1711275092762072
4.105000000000004 1.245708160779537
6.864000000000004 1.0766375291375292
0.1700000000000017 1.5944087852972217
3.3769999999999953 2.1121800414569143
2.528000000000006 3.0228829113924047
0.2609999999999957 3.44846196595133
1.9990000000000094 3.8740410205102553
0.10299999999999443 3.5871856825061896
2.1189999999999998 3.300330344502124
0.09000000000000341 2.634787979268606
3.647999999999996 1.9692456140350878
4.331000000000003 1.6733964442392057
6.190000000000012 1.3914042003231017
0.10299999999999443 1.461944646902329
3.9579999999999984 1.5324850934815564
0.1490000000000009 1.3742412967407782
6.400000000000006 1.2159974999999998
4.8160000000000025 1.6209485049833883
0.10099999999999909 1.33387739855911
6.674999999999997 1.0468062921348313
0.1460000000000008 0.9749816406910715
1.3950000000000102 0.9031569892473117
0.09399999999999409 1.1983407359159326
1.9809999999999945 1.4935244825845533
0.09300000000000352 1.620491341821377
1.8900000000000006 1.747458201058201
0.11599999999999966 1.6417291005291004
2.0889999999999986 1.536
0.10900000000000887 1.5279604578563997
1.921999999999997 1.5199209157127993
4.25 1.3721637647058826
7.3700000000000045 1.0188189959294436
0.10900000000000887 1.5275215427826492
3.569999999999993 2.0362240896358546
0.1150000000000091 1.7929471822034393
4.804000000000002 1.5496702747710243
0.10800000000000409 1.413444027100967
5.376999999999981 1.2772177794309094
0.1220000000000141 1.0477925224499858
10.019999999999982 0.8183672654690619
0.15100000000001046 0.687097508332617
2.0900000000000034 0.5558277511961721
0.19700000000000273 0.5815473557742975
2.269999999999982 0.6072669603524229
1.1119999999999948 1.2016187050359712
0.09100000000000819 1.2031197946628587
1.0629999999999882 1.204620884289746
0.13100000000000023 1.1966605319114798
2.2280000000000086 1.1887001795332135
3.563999999999993 0.7050662177328844
0.17000000000001592 0.7055731088664422
2.8999999999999773 0.70608
