0.483 3.011196687370601
0.11299999999999999 3.012426430852371
0.4129999999999999 3.013656174334141
0.369 3.0321300813008127
1.6660000000000001 2.966055222088835
0.13600000000000012 2.97014956226393
1.1069999999999998 2.9742439024390244
2.1660000000000004 2.95866297322253
2.503 2.8941749900119853
0.09600000000000009 2.890909142385162
2.937999999999999 2.8876432947583393
1.9090000000000007 3.573946568884233
2.0010000000000012 3.6537251374312847
0.10299999999999798 3.632863399625488
4.814 3.6120016618196917
4.8309999999999995 3.4816013247774786
5.524000000000001 3.1998015930485164
4.857000000000003 3.7477883467160797
3.9039999999999964 4.109424180327869
0.09700000000000131 3.8050540295825153
4.919000000000004 3.500683878837162
4.689 3.906485817871615
0.1110000000000042 4.033032860968122
3.9609999999999985 4.15957990406463
0.23199999999999932 4.108776703973841
4.378 4.057973503883051
4.631999999999998 3.7249205526770286
3.7860000000000014 4.310138404648707
0.11599999999999966 4.069289958700782
4.548000000000002 3.828441512752858
4.934000000000012 3.601955411430888
4.598000000000013 3.556459330143541
0.10099999999999909 3.5343348648308552
4.9809999999999945 3.512210399518169
0.117999999999995 3.5697868710922744
4.643000000000001 3.62736334266638
4.3230000000000075 4.4331954661114965
0.2669999999999959 4.4298951516865
3.563999999999993 4.426594837261504
4.016999999999996 4.2511605675877515
4.073999999999998 4.249661266568483
0.1280000000000001 4.141236167635387
4.191999999999993 4.03281106870229
0.1110000000000042 4.001940084848025
4.326999999999998 3.9710691009937604
4.212000000000003 4.1615840455840445
4.271999999999991 4.282323970037454
0.12600000000000477 4.280973760633006
4.313999999999993 4.279623551228558
4.003999999999991 4.283612387612387
0.2880000000000109 4.1230043362210544
3.8760000000000048 3.9623962848297216
4.915999999999997 3.494657445077299
2.0730000000000075 3.506666666666666
0.12399999999999523 3.5033606017865537
2.1270000000000095 3.500054536906441
1.5459999999999923 4.442173350582148
1.849000000000018 4.4348512709572745
3.8319999999999936 4.429912317327766
4.52800000000002 3.9206749116607775
4.657000000000011 3.650332832295469
0.23399999999998045 3.635040333569688
4.965000000000003 3.6197478348439067
4.356999999999999 3.6008997016295616
4.760999999999996 3.6211081705524046
3.1059999999999945 3.6926155827430778
