0.824 1.7650582524271845
0.698 1.7831518624641833
0.10299999999999998 1.782384848429544
0.6280000000000001 1.7816178343949045
0.698 1.7814555873925502
0.10400000000000009 1.7765922923412618
0.738 1.7717289972899732
3.6719999999999997 1.7452244008714592
0.12199999999999989 1.8696009149966986
3.633000000000001 1.9939774291219377
4.523 1.8757231925713025
0.09299999999999997 1.7584851228673206
4.157 1.641247053163339
0.12900000000000134 2.177043563687421
2.6950000000000003 2.712840074211503
0.0990000000000002 2.7978602211548314
2.6080000000000005 2.8828803680981596
0.09299999999999997 2.653366207827151
3.0279999999999987 2.4238520475561427
3.683 2.056695085528102
0.3100000000000023 2.076064500054928
3.9570000000000007 2.0954339145817538
3.0770000000000053 2.136187195320117
0.12899999999999778 2.0669250826478867
3.6969999999999956 1.997662969975656
0.10000000000000142 2.0008516974781103
3.8590000000000018 2.004040424980565
3.892000000000003 1.8205837615621785
0.11499999999999488 1.7901322111320872
2.906000000000006 1.7596806607019957
3.8909999999999982 1.899264970444616
0.10300000000000153 2.1532828395928787
2.963000000000001 2.407300708741141
3.2310000000000088 2.3651649644073043
0.2569999999999908 2.3563030035737644
3.2990000000000066 2.3474410427402246
0.11099999999999 2.4997349316848636
2.6370000000000005 2.6520288206295026
3.0589999999999975 2.3484171297809744
3.274000000000001 2.2136469150885767
0.1280000000000001 2.2138661310661396
3.8900000000000006 2.2140853470437025
0.10599999999999454 2.2545220530148518
2.6430000000000007 2.294958758986001
3.3299999999999983 2.3370522522522523
3.341000000000008 2.336572283747381
3.3229999999999933 2.102748119169425
0.2669999999999959 2.0557971061514055
3.801000000000002 2.008846093133386
0.11200000000000898 1.9502547323802113
3.742999999999995 1.8916633716270366
4.338999999999999 1.9088803871859874
4.192000000000007 1.95812213740458
0.10099999999999909 2.5871394332678777
2.347999999999999 3.2161567291311752
6.282999999999987 2.4444131784179532
0.12400000000000944 2.518008067561669
6.628999999999991 2.5916029567053855
7.183999999999983 2.376247216035635
0.11700000000001864 2.520289964318252
6.443999999999988 2.664332712600869
6.721000000000004 2.509734860883797
3.9490000000000123 2.076485186123069
4.210000000000008 1.6840950118764846
0.09000000000000341 1.56821488711252
5.364999999999981 1.4523347623485556
0.14400000000000546 1.472175938155997
5.141999999999996 1.4920171139634384
4.617999999999995 1.7012802078822
3.1310000000000002 2.122593420632386
3.1129999999999995 2.1750594282043045
2.125 2.254494117647059
