0.358 4.06259217877095
0.305 4.080786885245901
0.09499999999999997 4.043293613758148
1.7530000000000001 4.005800342270394
1.8640000000000003 4.005476394849786
1.9909999999999997 4.005018583626319
0.10899999999999999 4.006406727710596
1.599000000000001 4.007794871794872
0.09999999999999964 4.007249205808941
1.8079999999999998 4.006703539823009
0.09299999999999997 4.005214912903481
2.1189999999999998 4.003726285983954
3.2509999999999994 5.058059673946478
3.7109999999999985 4.676261924009701
3.622 4.800711209276643
3.5919999999999987 4.682521158129176
0.10800000000000054 4.807179105850302
3.5839999999999996 4.931837053571429
0.11600000000000321 5.044978883827369
3.5289999999999964 5.158120714083308
3.172000000000004 5.057752837326609
3.506999999999998 4.910140861134874
0.2850000000000037 5.001999240356092
3.5959999999999965 5.093857619577309
0.11200000000000188 4.669589979590253
3.8810000000000002 4.245322339603195
0.12599999999999767 4.017882846780475
4.686999999999998 3.7904433539577553
0.10700000000000642 4.416237457224348
3.421999999999997 5.042031560490941
3.289999999999999 4.959934346504561
0.1109999999999971 4.946919851064692
3.5290000000000035 4.933905355624823
3.660000000000011 4.855750819672131
3.317999999999998 4.928450874020495
3.5 4.998377142857143
0.29299999999999216 4.773270126924116
3.703000000000003 4.548163110991089
0.10500000000000398 4.491705253713549
4.320999999999998 4.435247396436011
3.6920000000000073 4.273126760563379
0.10499999999998977 4.335496164211641
3.8830000000000098 4.397865567859903
0.117999999999995 4.526590756503223
3.718999999999994 4.655315945146544
3.594999999999999 4.702515716272601
0.10599999999999454 4.774102753793379
3.5460000000000065 4.8456897913141574
3.612000000000009 4.852877076411961
0.09099999999999397 4.929049755716241
3.655000000000001 5.00522243502052
0.23499999999999943 5.028233105335158
3.655000000000001 5.0512437756497945
3.557000000000002 4.821924093337082
3.457000000000008 4.442652010413653
3.7900000000000063 4.5329118733509235
0.10799999999998988 4.722709174085534
3.4750000000000085 4.912506474820144
3.492999999999995 4.91524763813341
0.10600000000002296 4.685295240091533
3.7860000000000014 4.455342842049657
0.11499999999998067 4.444384764505295
3.9420000000000073 4.433426686960933
3.51400000000001 4.830797951052931
0.27600000000001046 4.843964775800062
3.655000000000001 4.857131600547194
3.5870000000000175 4.739224979091163
0.11400000000000432 4.721974793210503
3.819999999999993 4.704724607329843
3.329999999999984 4.711447447447448
3.693000000000012 4.668317357162199
0.10599999999999454 4.599916086720175
2.531000000000006 4.531514816278151
