3.328 0.43702163461538457
1.295 0.9611119691119693
0.09999999999999964 0.7967956679929546
1.7690000000000001 0.6324793668739401
0.23800000000000043 0.49433421222528284
3.4910000000000005 0.3561890575766256
0.2049999999999983 0.35483635090239773
3.6990000000000016 0.3534836442281698
0.2029999999999994 0.477251042816048
1.6809999999999992 0.6010184414039262
0.12600000000000122 0.6928188816104723
1.5629999999999988 0.7846193218170184
0.13899999999999935 0.7821056250340698
1.7840000000000025 0.7795919282511211
0.125 0.6561857122475225
2.262999999999998 0.532779496243924
0.17600000000000193 0.5130298190439478
2.2560000000000002 0.49328014184397173
0.14999999999999858 0.48643719687295794
2.3659999999999997 0.47959425190194416
0.28600000000000136 0.47873821240850845
2.613999999999997 0.4778821729150728
0.15200000000000102 0.5261984199442499
8.692999999999998 0.5745146669734269
0.19300000000000495 0.5585093617515655
15.283999999999999 0.5425040565297042
0.18099999999999739 0.5134500395056649
2.3130000000000024 0.4843960224816256
0.2289999999999992 0.45713662817942974
2.573999999999998 0.42987723387723387
0.22800000000000153 0.43066052599536253
2.6610000000000014 0.4314438181134912
0.1419999999999959 0.46344559326727197
2.4320000000000093 0.49544736842105275
0.1419999999999959 0.5048305633399472
2.5729999999999933 0.5142137582588419
0.14300000000000068 0.5277187618454703
5.1839999999999975 0.5412237654320987
0.3480000000000132 0.5703666355677603
2.103999999999999 0.5995095057034221
0.12099999999999511 0.5997775665399239
2.103999999999999 0.6000456273764257
0.10099999999999909 0.6074339716816493
2.1329999999999956 0.6148223159868728
0.17500000000001137 0.6160524135988175
1.7839999999999918 0.6172825112107622
0.09799999999999898 0.6139017860265981
1.9230000000000018 0.6105210608424338
0.19599999999999795 0.7994435159749891
1.2460000000000093 0.9883659711075443
5.262999999999991 1.6364795743872314
4.876999999999995 1.2437104777527168
0.125 1.2040204094329114
6.684000000000012 1.164330341113106
0.09899999999998954 1.2778065891985064
5.611000000000004 1.391282837283907
0.10599999999999454 1.3163051244511559
5.629000000000005 1.2413274116184048
7.314999999999998 1.043831032125769
0.12399999999999523 0.9234862964621586
8.815999999999988 0.803141560798548
0.2120000000000175 0.5421980120619971
4.649000000000001 0.4187455366745536
0.26900000000000546 0.4184193393728437
5.088999999999999 0.41809314207113374
0.3009999999999877 0.38774073279239596
3.734000000000009 0.35738832351365823
0.1839999999999975 0.40109195784159946
2.290999999999997 0.4595722391968572
0.21100000000001273 0.4568085452277192
2.184999999999974 0.4540448512585812
0.21100000000001273 0.45746012530980174
2.5039999999999907 0.46087539936102234
0.1560000000000059 0.9674942107370224
0.813999999999993 1.4741130221130223
0.8019999999999925 1.4759900249376556
0.2810000000000059 1.4695520746157205
0.8849999999999909 1.4631141242937853
0.13100000000000023 1.0836677789673326
4.227000000000004 0.70422143364088
0.11899999999999977 0.6398849818522023
13.537999999999982 0.5755485300635248
0.257000000000005 0.4531864957819481
4.039000000000016 0.3691755384996286
0.2569999999999766 0.36854627547388064
3.856000000000023 0.36791701244813274
0.25799999999998136 0.3526106658020419
3.0330000000000155 0.36269568084404885
0.2009999999999934 0.3890128996065926
2.281000000000006 0.41533011836913636
0.23099999999999454 0.416831337712747
2.1469999999999914 0.41833255705635763
