0.9249999999999999 1.5723329729729731
0.7849999999999999 1.5855286624203826
0.12400000000000011 1.579582896611035
0.7109999999999999 1.5736371308016877
0.7839999999999998 1.5860408163265303
0.1160000000000001 1.5816428448339526
0.8289999999999997 1.577244873341375
2.676 1.5555007473841556
0.12199999999999989 1.4059258853119183
5.766 1.2563510232396808
0.13899999999999935 1.2404659273242284
6.928000000000001 1.224580831408776
5.648999999999997 1.2077649141440965
0.15300000000000225 1.2200213412790262
5.933 1.2322777684139559
6.1129999999999995 1.2299283494192705
0.2680000000000007 1.221364174709635
1.0300000000000011 1.2127999999999999
0.09099999999999397 1.2124169651272383
1.061 1.212033930254477
0.14100000000000534 1.20988262423723
1.1909999999999954 1.2077313182199831
0.12000000000000455 1.2309521707378988
2.1499999999999986 1.2541730232558141
0.142000000000003 1.2344351958384334
6.079999999999998 1.2146973684210527
0.11899999999999977 1.2058312720452267
6.4609999999999985 1.1969651756694009
0.13700000000000045 1.193420623099184
5.954999999999998 1.1898760705289673
0.14099999999999824 1.1940027812841956
6.595000000000006 1.1981294920394239
0.1039999999999992 1.2350963487285156
0.8859999999999957 1.2720632054176073
0.29699999999999704 1.270522548382848
0.9939999999999998 1.2689818913480886
0.125 1.265108328291427
1.0010000000000048 1.2612347652347653
0.277000000000001 1.2534038994713153
2.581000000000003 1.245573033707865
0.14399999999999125 1.2214804654825784
2.2970000000000113 1.197387897257292
0.09999999999999432 1.198243940282794
5.991 1.1990999833082958
0.10800000000000409 1.1925364095890194
6.11099999999999 1.185972835869743
6.7450000000000045 1.27691504818384
0.16099999999998715 1.2306832612526308
5.121000000000009 1.1844514743214216
6.4410000000000025 1.208257102934327
0.24099999999999966 1.2303008203747265
0.9519999999999982 1.2523445378151261
1.0120000000000005 1.2444347826086954
1.0109999999999957 1.2461958456973294
2.4039999999999964 1.230728785357737
0.09799999999999898 1.2167292870707112
2.7460000000000093 1.2027297887836854
7.00500000000001 1.1717984296930766
6.106000000000009 1.2367402554864069
0.09499999999999886 1.235872880813936
4.722000000000008 1.2350055061414655
6.236000000000018 1.2040885182809493
5.912000000000006 1.2295872801082546
0.9689999999999941 1.2383157894736843
0.13900000000001 1.1915679527639216
1.0339999999999918 1.1448201160541587
2.7360000000000184 1.1242836257309938
2.3870000000000005 1.247064935064935
0.11099999999999 1.2694882523519222
2.714000000000027 1.2919115696389094
6.311999999999983 1.2154550063371354
6.496999999999986 1.2092522702785902
0.09700000000000841 1.219185040262284
5.407000000000011 1.2291178102459777
0.09499999999999886 1.2457073018418554
5.363999999999976 1.262296793437733
0.1360000000000241 1.2831353319393348
3.673999999999978 1.3039738704409365
