1.055 1.3785857819905216
0.15100000000000002 1.3846224999338084
0.8949999999999998 1.390659217877095
0.09700000000000042 1.3902712238453798
0.8049999999999997 1.389883229813665
0.09699999999999998 1.3896097713314135
0.8950000000000005 1.3893363128491618
0.10599999999999987 1.3842968484077032
0.9479999999999995 1.3792573839662448
4.014 1.5965281514698557
2.8360000000000003 2.5543441466854726
2.988999999999999 2.838372699899632
0.10999999999999943 2.9114575660478037
2.2859999999999996 2.9845424321959753
0.11100000000000065 3.251439647281818
2.0779999999999994 3.518336862367661
0.11899999999999977 3.4867768870661835
2.176000000000002 3.455216911764706
0.13100000000000023 2.6685602507541475
3.8999999999999986 1.8819035897435894
0.10800000000000054 1.7564995984893657
4.643999999999998 1.631095607235142
0.2410000000000032 1.664926209681902
4.880999999999997 1.6987568121286623
0.13300000000000267 1.734518185218654
3.713000000000001 1.7702795583086457
4.18 1.7668325358851675
0.11999999999999744 2.1762266992364654
2.9909999999999997 2.5856208625877635
0.09500000000000597 3.7094925595339907
1.465999999999994 4.833364256480218
6.357999999999997 2.7942447310474985
4.869999999999997 3.5428813141683775
0.1319999999999979 3.3925596715884607
5.033000000000008 3.242238029008544
3.8760000000000048 4.492196078431372
0.11700000000000443 4.1632553207690846
4.634999999999991 3.8343145631067963
3.337999999999994 4.8989215098861605
3.917999999999992 4.465114854517611
4.201999999999998 4.008055211803903
0.2879999999999967 3.632294725698043
5.885000000000005 3.2565342395921832
0.1349999999999909 2.9729981119542916
5.866 2.6894619843164
0.132000000000005 2.9068341754732385
5.465999999999994 3.124206366630077
0.12400000000000944 3.7300370676125594
3.992999999999995 4.335867768595041
0.1110000000000042 4.2371559161212655
4.084999999999994 4.138444063647491
0.117999999999995 3.910106540073156
4.667000000000002 3.681769016498821
0.1280000000000001 3.590594230748912
5.009 3.499419444999002
0.09499999999999886 3.3195793206799404
2.6380000000000052 3.139739196360879
2.6210000000000093 3.131800076306753
2.406000000000006 3.13862676641729
0.09399999999999409 3.1847416380562903
1.8050000000000068 3.230856509695291
0.09000000000000341 3.3600137567063815
2.151999999999987 3.489171003717472
2.0819999999999936 3.4915081652257447
0.117999999999995 3.4908586301984332
2.1330000000000098 3.4902090951711213
1.968999999999994 3.48786185881158
4.21599999999998 4.145296015180264
3.6359999999999957 4.6687084708470845
4.296999999999997 4.131444263439609
0.10400000000001342 3.9276717483682164
4.564999999999998 3.7238992332968235
4.871999999999986 3.688844006568144
0.12999999999999545 3.6510917407322525
4.342000000000013 3.613339474896361
4.857999999999976 3.5488052696582955
3.951999999999998 2.9021417004048584
