0.9099999999999999 1.5982505494505497
0.09099999999999997 1.604196426083619
0.7730000000000001 1.6101423027166881
0.12199999999999989 1.6100035254590637
0.6950000000000001 1.609864748201439
0.1070000000000002 1.6113240731928078
0.7709999999999999 1.6127833981841766
0.13599999999999968 1.5978551606305498
2.08 1.582926923076923
0.1200000000000001 1.5801004292962757
4.063 1.5772739355156287
0.1280000000000001 1.564570986609571
4.668000000000001 1.5518680377035132
0.1379999999999999 1.559738157802237
5.411999999999999 1.5676082779009608
4.386999999999997 1.5552003647139276
0.1130000000000031 1.5598711003967671
4.672999999999998 1.5645418360796066
0.1280000000000001 1.5644756621097158
4.805999999999997 1.564409488139825
0.09700000000000131 1.5651601526468273
4.687000000000005 1.5659108171538296
0.11299999999999955 1.5808075257035212
4.747 1.5957042342532126
2.266999999999996 1.5329827966475518
0.13700000000000045 1.5134365506783465
1.8049999999999997 1.4938903047091412
0.09000000000000341 1.5098909856879041
1.9199999999999946 1.5258916666666669
1.8889999999999958 1.5281355214399153
0.11200000000000188 1.545960842480964
1.9080000000000013 1.5637861635220127
0.09199999999999875 1.5654773737086463
5.042000000000002 1.5671685838952796
4.709999999999994 1.5690106157112527
0.09100000000000819 1.5717936080763768
4.530000000000001 1.5745766004415012
4.825000000000003 1.5838026943005181
4.939999999999998 1.5676534412955465
4.404000000000011 1.5879654859218892
0.09099999999999397 1.5801293833636585
4.569000000000003 1.572293280805428
0.13400000000000034 1.5614440302187174
4.673999999999992 1.5505947796320068
0.31400000000000716 1.5325324874070003
5.686999999999998 1.514470195181994
0.125 1.558288452054811
3.7860000000000014 1.6021067089276277
0.10999999999999943 1.5866766130949466
4.953000000000003 1.5712465172622654
4.932000000000002 1.58282400648824
4.388999999999996 1.592032809295967
0.11200000000000898 1.5871666022764421
2.024000000000001 1.5823003952569172
1.788000000000011 1.6547382550335572
0.11499999999999488 1.6551124859127686
1.9950000000000045 1.65548671679198
0.10099999999999909 1.6225195009211641
5.1640000000000015 1.5895522850503485
0.3259999999999934 1.5856785304598202
4.774000000000001 1.581804775869292
0.14000000000001478 1.5705408906084426
3.7399999999999807 1.5592770053475933
4.990000000000009 1.5047486973947894
0.10999999999998522 1.5350315407731916
4.6440000000000055 1.5653143841515937
4.705999999999989 1.5819413514662133
0.09100000000000819 1.5669706757331068
4.425000000000011 1.552
5.288999999999987 1.5503951597655512
0.11100000000001842 1.581919802104998
0.7199999999999989 1.6134444444444447
0.8640000000000043 1.5954814814814815
0.1279999999999859 1.576251960252936
2.0500000000000114 1.5570224390243903
2.033999999999992 1.5488849557522126
4.25 1.5637270588235295
4.355000000000018 1.554755453501722
3.0570000000000164 1.5671573438011122
