0.485 2.998779381443299
0.127 3.0135502746632556
0.41100000000000003 3.0283211678832123
0.9449999999999998 2.9698370370370366
1.0299999999999998 2.969747572815534
1.7620000000000005 2.964240635641317
0.8550000000000004 2.9807157894736847
0.9489999999999998 2.972746048472076
2.8689999999999998 2.9570916695712794
0.13199999999999967 2.939952873534307
5.6259999999999994 2.922814077497334
5.8260000000000005 2.978648815653965
5.638999999999999 3.083556658982089
5.455000000000002 3.0833393217231895
5.4510000000000005 3.242653458081086
2.5560000000000045 3.243987480438185
2.019999999999996 3.2539841584158418
0.27199999999999847 3.251576329097934
2.2730000000000032 3.2491684997800263
2.382000000000005 3.246680100755668
0.11199999999999477 3.2492491830074806
2.179000000000002 3.2518182652592933
0.12300000000000466 3.2106792890676727
2.492999999999995 3.1695403128760526
0.11200000000000188 3.1611438765745454
2.344000000000001 3.1527474402730378
5.152000000000001 3.1673493788819873
5.353999999999999 3.252101606275682
5.491000000000014 3.2365776725550894
0.11099999999999 3.2274799403909085
5.081000000000003 3.2183822082267275
0.11299999999999955 3.1810078157036603
5.564999999999998 3.143633423180593
5.35499999999999 3.1450696545284775
6.189000000000007 3.096575214089514
0.10999999999999943 3.0597250471673862
5.218999999999994 3.0228748802452583
0.27300000000001035 3.0599423367493976
5.513999999999996 3.0970097932535365
0.09499999999999886 3.1748565632934347
2.4000000000000057 3.252703333333333
0.09899999999998954 3.2852861396011397
2.1060000000000088 3.317868945868946
0.09299999999998931 3.313099117648511
2.308000000000007 3.3083292894280762
0.09199999999999875 3.293168348417742
2.1599999999999966 3.2780074074074075
2.533999999999992 3.2685998421468034
2.6099999999999994 3.1449992337164754
2.429000000000002 3.1089073692877727
1.8070000000000022 3.2272805755395684
0.2819999999999965 3.2360897259720316
2.313999999999993 3.244898876404495
0.09700000000000841 3.251357835148812
5.240000000000009 3.257816793893129
5.335999999999984 3.2175712143928035
5.300000000000011 3.182627924528301
0.09799999999998477 3.185018868337468
5.483000000000004 3.187409812146635
0.11899999999999977 3.1912415143925346
5.312999999999988 3.1950732166384337
5.680999999999983 3.124945608167576
0.11700000000001864 3.0391580021379925
5.756 2.953370396108409
6.1559999999999775 2.91943599740091
0.23600000000001842 2.9959731998100247
2.1629999999999825 3.07251040221914
2.205999999999989 3.069338168631006
0.09200000000001296 3.0721530381024094
1.5579999999999927 3.0749679075738126
