1.413 1.029305024769993
0.09499999999999997 1.0332525123849967
1.2000000000000002 1.0372000000000001
0.09399999999999986 1.0351540166204987
1.0830000000000002 1.0331080332409972
0.11699999999999999 0.9145873072735076
1.5620000000000003 0.796066581306018
0.15499999999999936 0.8092081334203046
1.5899999999999999 0.8223496855345912
0.09100000000000019 0.9590663828974475
0.9219999999999997 1.0957830802603037
1.254999999999999 0.977179282868526
0.1739999999999995 0.9535625670069914
9.123 0.9299458511454567
0.1479999999999997 0.9736714045467814
6.706000000000003 1.0173969579481061
6.278000000000002 1.164559413826059
0.13700000000000045 1.1947114364318852
2.306999999999995 1.2248634590377112
0.257000000000005 1.2733756448627709
0.9450000000000003 1.3218878306878308
1.107999999999997 1.1606209386281592
0.09600000000000364 1.1417499697043996
1.2809999999999988 1.12287900078064
0.12899999999999778 1.1265006906669335
2.386000000000003 1.1301223805532272
0.10699999999999932 1.1449725125252281
2.5260000000000034 1.1598226444972288
5.215000000000003 1.4829514860977948
3.8220000000000027 1.853927786499215
3.6569999999999965 2.160695652173913
3.4909999999999997 2.1168834144944144
0.10000000000000142 2.1230434982919832
3.3500000000000014 2.129203582089552
3.5820000000000007 2.133402568397544
0.11499999999999488 2.3121512681164305
3.109000000000009 2.490899967835317
2.9909999999999997 2.338147776663323
0.2989999999999924 2.3236556948247507
3.111000000000004 2.309163612986178
0.09900000000000375 2.326554639610812
3.0919999999999987 2.3439456662354465
0.10500000000000398 1.95666598180577
5.4879999999999995 1.5693862973760933
0.12099999999999511 1.6227113857701134
3.6189999999999998 1.6760364741641336
4.414999999999992 1.762714382785957
4.186000000000007 1.8649039655996176
0.11499999999999488 1.7980902384985205
4.036000000000001 1.7312765113974233
3.6170000000000044 2.1110378766933926
3.3999999999999915 2.082498823529412
0.28600000000000136 2.1216866671782206
3.8329999999999984 2.160874510827029
4.306000000000012 1.9062814677194613
3.0600000000000023 2.467822222222222
2.9080000000000013 2.005397524071527
0.09499999999999886 2.001992879682822
3.756999999999991 1.9985882352941173
4.978999999999985 1.4599959831291422
0.13100000000000023 1.3893971058249788
5.64500000000001 1.318798228520815
5.2620000000000005 1.3051311288483467
0.15899999999999181 1.2037917004822534
7.438000000000017 1.1024522721161603
0.3359999999999843 0.9490066567043998
8.912000000000006 0.7955610412926393
0.12800000000001432 0.8206490759486098
9.212999999999994 0.8457371106045805
2.8640000000000043 1.1144888268156423
0.13800000000000523 1.0961482792990287
2.923000000000002 1.0778077317824153
0.09399999999999409 0.9458528517547602
3.2539999999999907 0.8138979717271051
0.14700000000001978 0.7947354056166389
3.2399999999999807 0.7755728395061728
0.16200000000000614 0.7598493857845695
1.2069999999999936 0.7441259320629662
