1.987 0.731961751383996
0.13099999999999978 0.7346538614739886
1.6880000000000002 0.7373459715639811
0.11500000000000021 0.7384205072624929
1.513 0.7394950429610047
1.6869999999999994 0.7370812092471843
0.11600000000000055 0.7341826627891404
1.7879999999999994 0.7312841163310962
0.09800000000000075 0.7359910317725862
1.363999999999999 0.7406979472140762
0.1490000000000009 0.7373028934155359
1.6709999999999994 0.7339078396169957
0.13100000000000023 0.7325669587149122
1.902000000000001 0.7312260778128287
0.11399999999999899 0.7281358925944434
4.135000000000002 0.7250457073760582
0.1579999999999977 0.7068989252848261
10.615000000000002 0.688752143193594
0.13700000000000045 1.045686331176525
0.8089999999999975 1.4026205191594558
2.344000000000001 1.3827098976109216
7.091000000000001 1.068228458609505
0.11299999999999955 1.271672670863194
5.620999999999995 1.4751168831168833
4.076999999999998 1.6122266372332597
0.12000000000000455 1.6342541573697136
4.458999999999996 1.6562816775061677
6.5660000000000025 1.1778239415169052
0.34199999999999875 0.9772127160456073
9.123999999999995 0.7766014905743095
1.3719999999999999 0.9643381924198253
0.13799999999999102 0.9654658372047669
1.1659999999999968 0.9665934819897084
0.12600000000000477 0.9673212997055219
1.3029999999999973 0.9680491174213355
1.7689999999999912 1.8084522328999435
0.12600000000000477 1.8062530524769078
1.7819999999999965 1.8040538720538721
0.11899999999999977 1.535257649536534
5.522000000000006 1.266461427019196
0.11599999999999966 1.0122034925769117
9.477999999999994 0.7579455581346275
0.11400000000000432 0.884101573160833
1.218999999999994 1.0102575881870386
0.2530000000000001 1.0072709611052515
1.4490000000000123 1.0042843340234644
0.1280000000000001 0.7514383968142456
4.455999999999989 0.49859245960502685
0.14300000000000068 0.49987534888897345
2.451999999999998 0.50115823817292
0.14300000000000068 0.5030636595354223
2.361000000000004 0.5049690808979247
0.1419999999999959 0.5753488937612652
4.438000000000002 0.6457287066246057
0.13500000000000512 0.6765712595447564
1.7809999999999917 0.7074138124649072
0.11800000000000921 0.8072127308799092
3.2620000000000005 0.9070116492949112
0.09000000000000341 1.320071214896462
4.778999999999996 1.7331307804980125
0.12699999999999534 1.441306182855084
7.141000000000005 1.1494815852121552
9.894999999999982 0.763166851945427
0.5190000000000055 2.028670520231214
1.4579999999999984 1.9838957475994516
0.22499999999999432 2.043586511742742
1.4390000000000214 2.103277275886032
2.056999999999988 2.284904229460379
5.432000000000016 1.2642857142857142
0.29300000000000637 1.1494302656717492
7.925999999999988 1.0345748170577844
9.840000000000003 0.7205325203252032
0.12800000000001432 0.6352229728351236
6.375999999999976 0.5499134253450441
0.2810000000000059 0.5492177964163645
2.436000000000007 0.5485221674876848
0.19599999999999795 0.6913659697373278
1.5349999999999966 0.8342097719869709
0.12899999999999068 0.893319604608204
1.1550000000000011 0.9524294372294372
0.14200000000002433 0.9498987186147186
1.0 0.9473680000000001
0.10299999999998022 0.9428938991750688
2.1820000000000164 0.9384197983501377
