0.592 2.4567702702702703
0.11299999999999999 2.4755194036722097
0.499 2.4942685370741486
0.09800000000000009 2.4766463564491623
0.45499999999999985 2.459024175824176
0.4990000000000001 2.4918957915831665
0.10899999999999999 2.5055071918895178
1.307 2.519118592195869
1.742 3.6787967853042485
2.7809999999999997 2.6048615605897156
0.11700000000000088 2.4213830356364565
3.7909999999999986 2.2379045106831974
0.10899999999999999 2.473730650893624
2.5180000000000007 2.709556791104051
2.2319999999999993 3.2755842293906814
2.405999999999999 3.124917705735661
0.09700000000000131 3.1705710351640617
2.282 3.216224364592463
0.12099999999999866 3.2417262303553818
5.41 3.2672280961183002
5.822000000000003 3.126590175197526
4.8089999999999975 3.336076523185693
0.09199999999999875 3.5160597254262873
4.658999999999999 3.6960429276668814
4.560000000000002 4.016998245614035
4.039999999999999 4.078241584158416
4.090000000000003 4.343718337408314
0.10699999999999932 5.02940007628945
3.0189999999999984 5.715081815170586
0.2700000000000031 6.527847700207875
2.222999999999999 7.340613585245164
2.4409999999999954 7.13304055714871
2.4620000000000033 7.218541023558084
2.346999999999994 6.9674478057094165
2.9639999999999986 5.902267206477734
3.0889999999999986 5.452200712204597
0.10999999999999943 4.664670455232382
4.942999999999998 3.877140198260166
4.965000000000003 3.1775194360523664
0.1290000000000049 3.8964505288369944
3.700000000000003 4.615381621621622
0.2909999999999968 4.570843751987281
3.825000000000003 4.526305882352941
3.338000000000008 5.0645727980826845
2.9980000000000047 5.73142628418946
0.10200000000000387 6.28926626709473
2.5600000000000023 6.8471062499999995
2.608000000000004 7.014604294478528
0.09299999999998931 7.001302147239264
2.64200000000001 6.988
3.7099999999999937 4.623068463611859
0.09600000000000364 3.9940767383791114
4.564000000000007 3.365085013146363
0.13799999999999102 2.7418430368481843
8.109000000000009 2.118601060550006
0.2819999999999965 3.333003247376761
3.7539999999999907 4.547405434203516
4.245999999999981 4.043560998586906
4.494 3.7534330218068535
0.10099999999999909 4.175659946841337
3.8009999999999877 4.597886871875822
0.10200000000000387 4.325133934863669
4.188999999999993 4.052380997851516
0.11200000000002319 3.9212391752707623
4.6839999999999975 3.790097352690008
0.12000000000000455 3.597732971216799
4.99199999999999 3.40536858974359
0.10800000000000409 3.0294263589497517
6.772999999999996 2.6534841281559127
0.12999999999999545 2.3483021630491763
7.679000000000002 2.0431201979424403
0.3079999999999927 2.168300553939958
7.516999999999996 2.2934809099374753
0.10000000000002274 2.3118424460292823
4.921999999999997 2.330203982121089
