0.386 3.7678963730569954
0.11599999999999999 3.775498338504182
0.32899999999999996 3.783100303951368
0.7519999999999999 3.7320425531914894
0.8200000000000001 3.730292682926829
0.8820000000000001 3.7329795918367354
0.121 3.724015593019817
1.725 3.7150515942028988
0.09399999999999942 3.7106801883404446
4.657 3.70630878247799
0.1479999999999997 3.706419210174864
4.943000000000001 3.7065296378717383
0.15199999999999925 2.5168544880238435
12.389999999999999 1.3271793381759485
0.3880000000000017 0.8589901394749744
18.708000000000002 0.3908009407740004
0.09799999999999898 2.0495181174458237
0.3059999999999974 3.7082352941176473
0.2809999999999988 3.6965719243449593
0.33900000000000574 3.6849085545722717
8.838000000000001 0.8570726408689748
0.33200000000000074 0.630681038908196
8.596000000000004 0.40428943694741737
1.6539999999999964 1.6302732769044739
0.09199999999999875 0.9730896252971798
9.274000000000001 0.38409402631011424
0.15799999999998704 7.266278481012659
0.4509999999999934 6.615751662971175
1.1340000000000003 6.967957671957673
6.424999999999997 2.685421322957198
4.89800000000001 1.4562743977133523
0.0969999999999942 1.112574667414881
9.939000000000007 0.76887493711641
0.4440000000000026 2.9536396396396394
0.37000000000000455 2.976302702702703
0.1280000000000001 1.763266547429783
13.055999999999997 0.5502303921568628
1.3520000000000039 0.9108757396449704
0.5330000000000013 0.511171611683841
13.055000000000007 0.5885325162772883
0.5229999999999961 0.56933872190676
5.9339999999999975 0.5501449275362318
0.4379999999999882 2.805570776255708
0.42500000000001137 2.8052517647058828
1.0340000000000202 2.7715125725338488
1.1440000000000055 2.7994545454545454
2.4509999999999934 1.9072998776009793
0.42199999999999704 1.1245685130528649
15.682999999999993 0.3581628514952496
0.4339999999999975 3.305585253456221
0.382000000000005 3.348984293193717
0.12100000000000932 1.9014417107313542
12.847999999999985 0.45389912826899126
0.11299999999999955 0.6841329742727444
1.085000000000008 0.9143668202764976
1.2350000000000136 0.9344388663967613
0.16899999999998272 0.9330299922045918
1.288000000000011 0.9316211180124223
0.103999999999985 0.5810280010930323
5.1370000000000005 0.46956511582635774
0.257000000000005 5.038350194552529
1.4309999999999832 4.954605171208945
18.03200000000001 0.4321082519964508
0.5600000000000023 2.3860714285714284
0.5349999999999966 2.3934803738317756
1.8300000000000125 2.354587978142076
0.34099999999997976 1.2571328564231365
5.933000000000021 0.5403222652958031
0.3669999999999902 0.5393186483994767
5.555000000000007 0.5383150315031503
