0.414 3.5130628019323673
0.09300000000000003 3.5194775766035775
0.353 3.5258923512747873
0.807 3.4776902106567538
0.8800000000000001 3.4759545454545453
0.121 3.4800344155844156
0.9449999999999998 3.484114285714286
1.1990000000000003 3.4716597164303584
0.10299999999999976 3.470532923349279
2.088 3.4694061302681996
0.11300000000000043 3.396908394287705
2.5520000000000005 3.3244106583072104
4.843 3.3953648564939085
4.824 3.5973482587064676
4.823 3.6052614555256066
4.908999999999999 3.426281523731921
5.204999999999998 3.395908549471662
0.09300000000000352 3.3563915925200876
5.4879999999999995 3.316874635568513
0.11500000000000199 3.428037141300692
4.532999999999994 3.5391996470328704
5.052999999999997 3.4078495943004152
0.2360000000000042 3.4581396985101005
5.2209999999999965 3.5084298027197858
0.09200000000000585 3.6218295012238695
4.410999999999994 3.735229199727953
5.149999999999999 3.44967145631068
2.7789999999999964 3.8461317020510974
0.11599999999999966 3.666182175561228
2.0459999999999923 3.4862326490713587
2.245999999999995 3.4024256455921638
2.3149999999999977 3.3452302375809935
2.084000000000003 3.3557581573896353
0.11400000000000432 3.4181426445862906
2.063999999999993 3.480527131782946
2.085000000000008 3.4760095923261387
0.11299999999999955 3.494945023519138
5.4539999999999935 3.513880454712138
4.745999999999995 3.3241432785503586
4.787999999999997 3.5666065162907263
0.10699999999999932 3.4299762655640436
5.256999999999991 3.2933460148373603
5.686000000000007 2.9731874780161798
0.11199999999999477 2.7476252963249843
6.813000000000002 2.5220631146337884
0.09599999999998943 2.7909572271526764
2.314000000000007 3.0598513396715643
2.3629999999999995 3.505134151502328
2.458999999999989 3.338124440829606
2.26400000000001 3.335484098939929
1.6670000000000016 3.4983179364127173
2.1269999999999953 3.53018147625764
4.994 3.418293952743292
0.10699999999999932 3.4765919012223767
4.856999999999999 3.5348898497014614
4.5519999999999925 3.705608084358524
4.504000000000019 3.880232682060391
0.10099999999999909 3.7925196583588727
4.581999999999994 3.7048066346573547
0.12000000000000455 3.6007602210119547
5.076999999999998 3.496713807366555
0.125 3.4742046194193184
4.924999999999983 3.4516954314720816
5.48599999999999 3.275983959168793
0.30100000000001614 3.40677664700266
4.434999999999974 3.5375693348365274
5.567000000000007 3.0968377941440632
3.323999999999984 3.450440433212997
