1.581 0.9199291587602784
0.11799999999999988 0.9195805321127831
1.354 0.9192319054652879
0.1459999999999999 0.9219531428152886
1.2100000000000004 0.9246743801652894
0.09199999999999964 0.9245884911978863
1.3449999999999998 0.9245026022304833
0.15700000000000003 0.9223273039301608
1.4210000000000003 0.9201520056298383
1.093 0.9243476669716377
0.11800000000000033 0.9161706149470354
3.1069999999999993 0.9079935629224333
0.09200000000000053 0.8781915814612167
10.0 0.8483896
1.3780000000000001 0.8749492017416545
0.12700000000000244 0.8773323083807087
1.2650000000000006 0.8797154150197629
0.14099999999999824 0.8931397094348092
3.117000000000001 0.9065640038498557
3.5829999999999984 0.9045693552888641
0.120000000000001 0.9000980650683671
3.4510000000000005 0.8956267748478701
0.14699999999999847 0.8794893557704573
9.604 0.8633519366930444
0.26200000000000045 0.8865464136906518
2.9639999999999986 0.9097408906882593
0.34200000000000585 0.9080156165307782
8.149000000000001 0.9062903423732972
1.2270000000000039 0.9356740016299917
1.2920000000000016 0.9326068111455107
0.117999999999995 0.9315185954461732
1.4220000000000041 0.9304303797468357
3.1099999999999994 0.9021556270096464
0.09199999999999875 0.9023002303174327
3.426000000000002 0.902444833625219
3.524000000000001 0.9078183881952328
0.09300000000000352 0.906335796440828
5.804000000000002 0.9048532046864232
0.09099999999999397 0.9045471091960691
7.734000000000009 0.904241013705715
0.33499999999999375 0.9037619000378191
7.953000000000003 0.9032827863699232
1.3830000000000098 0.8904584237165581
0.11399999999999011 0.8724775970608627
1.703000000000003 0.8544967704051674
0.09900000000000375 0.8593377923940317
1.0289999999999964 0.864178814382896
0.17100000000000648 0.8611536530015038
1.4320000000000022 0.8581284916201117
0.16899999999999693 0.8672568059851106
3.6559999999999917 0.8763851203501094
0.13300000000000978 0.8932170123821046
3.149000000000001 0.9100489044140998
0.15899999999999181 0.8988404167303315
3.608000000000004 0.8876319290465633
0.09399999999999409 0.8847485837784815
8.02900000000001 0.8818652385103998
0.34499999999999886 0.89005050234814
9.22099999999999 0.8982357661858802
0.10500000000000398 0.914300762470372
1.5420000000000016 0.9303657587548637
0.1570000000000107 0.9327676746990692
1.367999999999995 0.9351695906432747
0.12299999999999045 0.9384613606168073
1.117999999999995 0.9417531305903399
0.09100000000000819 0.9419534883720931
1.0529999999999973 0.9421538461538463
0.14400000000000546 0.9275800904977376
3.3149999999999977 0.9130063348416287
0.09200000000001296 0.906725005507821
3.470999999999975 0.9004436761740132
0.12600000000000477 0.8774708115845804
8.037000000000006 0.8544979469951476
0.1570000000000107 0.8624952579986354
9.419999999999987 0.8704925690021231
0.2650000000000148 0.8812729578780117
7.947999999999979 0.8920533467539004
1.5060000000000002 0.91533598937583
0.09200000000001296 0.9162129500756981
1.4569999999999936 0.9170899107755663
0.14500000000001023 0.9198244942926823
1.3880000000000052 0.9225590778097984
0.2949999999999875 0.916491639283036
2.908999999999992 0.9104242007562736
0.12000000000000455 0.9037761846337597
2.801000000000016 0.897128168511246
0.09199999999998454 0.8997831234799508
2.2690000000000055 0.9024380784486556
