2.483 0.5857462746677407
0.1459999999999999 0.6430160967952656
6.981 0.7002859189227905
0.1379999999999999 1.1148557660009046
1.834999999999999 1.529425613079019
1.9809999999999999 1.5440888440181726
0.09800000000000075 2.34428764898079
1.6609999999999996 3.1444864539434074
2.2189999999999976 2.88799639477242
1.907 3.798699528054536
0.09399999999999764 3.1824556321458406
3.306000000000001 2.566211736237145
0.10099999999999909 2.275926589888072
3.436 1.9856414435389989
2.8949999999999996 2.5254245250431775
0.09799999999999898 3.994744239265775
1.3760000000000012 5.464063953488372
1.3009999999999948 5.641371252882397
0.10000000000000142 4.971397721841539
1.7610000000000028 4.301424190800682
0.23400000000000176 3.9998717742585033
2.2419999999999973 3.698319357716325
1.8190000000000026 8.819786695986807
1.8659999999999997 9.22822293676313
2.381999999999998 7.689971452560872
0.11899999999999977 6.749798138128108
2.8360000000000056 5.809624823695345
3.118000000000002 5.697821680564465
3.027000000000001 5.6999775355137094
3.274000000000001 4.984173488087966
4.104000000000006 4.242629629629629
0.28599999999999426 4.240566901626167
4.193000000000005 4.2385041736227045
0.11700000000000443 4.084236465566459
4.160999999999987 3.9299687575102142
2.36099999999999 7.409707750952985
2.26400000000001 7.4389787985865725
2.578000000000003 7.433942591155935
0.125 7.436062290391734
2.1210000000000093 7.438181989627534
2.0010000000000048 8.534188905547225
0.09499999999999886 7.902776939123886
2.3810000000000002 7.271364972700546
0.12300000000000466 6.96223581181269
2.540999999999997 6.653106650924833
0.2510000000000048 6.6475459810480375
2.586999999999989 6.641985311171242
0.12199999999999989 6.642059726445795
2.63900000000001 6.642134141720348
8.024999999999991 2.279637133956386
0.0940000000000083 2.0103530822554467
10.604 1.7410690305545073
6.347999999999999 2.7018878386893506
4.302000000000007 3.5700251046025104
0.09300000000000352 3.5686230174175346
4.815999999999988 3.5672209302325584
4.882000000000005 3.496714461286358
0.11699999999999022 3.338075749161697
5.400000000000006 3.1794370370370366
0.29300000000000637 2.9445721731369923
6.224999999999994 2.709707309236948
0.09600000000000364 2.0658034552856286
12.290999999999997 1.4218996013343095
0.09699999999997999 2.352038741115724
5.1720000000000255 3.2821778808971387
0.12999999999999545 2.777923981432176
7.807999999999993 2.273670081967213
0.09299999999998931 3.332031321975342
3.872000000000014 4.390392561983471
0.11899999999999977 4.298666318444919
4.271999999999991 4.206940074906367
2.3019999999999925 6.815430060816682
0.09399999999999409 7.890319294578909
1.9230000000000018 8.965208528341135
1.4339999999999975 7.9980920502092046
