0.46699999999999997 3.114364025695932
0.4 3.1115999999999997
0.10499999999999987 3.094449122807018
0.9120000000000001 3.0772982456140356
2.4339999999999997 3.067464256368118
2.5999999999999996 3.06692
0.10300000000000065 3.09497656920078
2.0519999999999996 3.1230331384015595
2.545 2.8464125736738697
3.49 2.4309157593123207
0.10999999999999943 2.25486433913209
3.282 2.0788129189518587
0.11599999999999966 2.57341904864924
2.382999999999999 3.0680251783466215
0.11500000000000199 3.0401327814810033
2.4959999999999987 3.012240384615385
0.2930000000000028 3.038359023205396
2.3949999999999996 3.064477661795407
0.11499999999999844 3.036968270707
2.5169999999999995 3.009458879618593
2.794999999999998 2.966594633273703
0.10400000000000631 2.965716802428462
2.2169999999999987 2.9648389715832204
2.402000000000001 3.0746711074104915
0.10000000000000142 3.069346647207623
2.523999999999994 3.0640221870047544
5.586000000000006 2.9495338345864663
0.10999999999999943 2.943743930688305
6.046999999999997 2.937954026790144
6.0489999999999995 2.8523445197553317
5.7989999999999995 2.8139651664080017
0.10200000000000387 2.9100689091708514
5.792000000000002 3.0061726519337015
0.10799999999998988 2.9634025133127833
6.085000000000008 2.920632374691865
0.11700000000000443 3.0033054305993763
5.298999999999992 3.0859784865068876
0.09900000000000375 3.061857102256743
5.759 3.0377357180065983
0.22700000000000387 3.062009511926151
5.456999999999994 3.0862833058457033
2.7889999999999873 3.0881290785227677
0.1110000000000042 3.072687523132352
1.9840000000000089 3.057245967741936
0.11599999999999966 3.049213839674016
2.5589999999999975 3.041181711606096
2.530000000000001 3.0855683794466406
2.2579999999999956 3.09452258635961
2.4329999999999927 3.1383575832305795
2.259999999999991 3.132962831858408
2.640999999999991 3.1361726618705044
0.24600000000000932 3.1073806447588304
5.997 3.078588627647157
0.11699999999999022 3.09175484966717
5.524000000000001 3.104921071687183
4.981999999999999 3.082747490967483
0.117999999999995 3.054207137523192
5.678000000000026 3.025666784078901
0.125 2.992632282469409
5.768000000000001 2.9595977808599168
0.13399999999998613 2.754974172664064
6.731999999999999 2.550350564468211
2.945999999999998 2.3311608961303465
3.625 2.26208
2.2949999999999875 3.089342047930283
0.09799999999998477 3.090045081878668
2.521000000000015 3.0907481158270533
2.579999999999984 2.97362480620155
0.1220000000000141 2.9310241678066573
2.719999999999999 2.888423529411765
2.3559999999999945 2.82081494057725
2.406000000000006 2.8141978387364914
0.28300000000001546 2.878474840744167
1.627999999999986 2.9427518427518424
