1.524 0.9543359580052494
1.2950000000000002 0.9611119691119693
0.10599999999999987 0.9603398610568423
1.166 0.9595677530017153
0.1280000000000001 0.9598827181996994
1.295 0.9601976833976834
0.10200000000000031 0.9590497574497576
1.3649999999999993 0.9579018315018317
0.1380000000000008 1.018071513402997
0.9369999999999994 1.078241195304162
0.1590000000000007 1.115417590133284
1.064 1.152593984962406
0.1269999999999989 1.2744857475012834
0.9960000000000004 1.3963775100401605
0.1039999999999992 2.328844586760042
2.0920000000000005 3.2613116634799235
1.3340000000000014 5.480587706146927
3.446999999999999 5.044437481868291
3.2040000000000006 5.249568039950063
0.09700000000000131 5.054100127726543
3.637999999999998 4.8586322155030235
4.003 4.547341493879589
0.10200000000000031 4.658211769531947
3.3640000000000008 4.769082045184304
3.567 4.827548079618729
3.9849999999999994 4.596615307402762
0.11299999999999955 4.6642031160793245
3.4820000000000064 4.731790924755886
0.30799999999999983 4.730256388648904
3.756999999999998 4.728721852541922
3.740000000000002 4.613324064171123
3.3800000000000026 4.827865088757397
0.11999999999999744 4.791288087797595
3.661999999999999 4.754711086837793
3.7779999999999987 4.704088935944945
0.1280000000000001 4.657825629845005
3.5459999999999923 4.611562323745065
3.687999999999988 4.743579175704989
0.1110000000000042 4.7233461363026485
3.581000000000003 4.703113096900307
0.11700000000000443 4.782391657531838
3.941999999999993 4.861670218163369
0.24800000000000466 4.736649783153593
3.4209999999999923 4.6116293481438175
0.09600000000000364 4.667113346638281
3.6159999999999997 4.722597345132744
3.679000000000002 4.705930959499864
0.12300000000000466 4.708154111680832
3.5889999999999986 4.7103772638618
0.1110000000000042 4.7064223484059955
3.6539999999999964 4.702467432950192
3.7310000000000088 4.698094880729027
4.1640000000000015 4.39339289145053
0.13599999999999568 4.4805034719499055
4.042000000000002 4.567614052449282
3.9279999999999973 4.366492871690427
0.26300000000000523 4.546781061883994
3.2489999999999952 4.727069252077562
3.7920000000000016 4.530521097046413
0.10999999999999943 4.499094623372722
3.820999999999998 4.467668149699031
3.6410000000000053 4.715451798956331
3.5169999999999817 4.796112595962468
3.626999999999981 4.818463744141162
3.5759999999999934 4.747042505592841
0.12000000000000455 4.651860061831329
3.896000000000015 4.556677618069815
0.10200000000000387 4.483787693310985
3.853999999999985 4.410897768552154
0.2400000000000091 4.5083766136456305
3.901999999999987 4.605855458739108
0.10900000000000887 4.606086860314944
3.406000000000006 4.606318261890781
0.09099999999997976 4.653226742722926
3.6680000000000064 4.700135223555071
0.13599999999999568 4.74548615814345
2.3940000000000055 4.790837092731829
