0.319 4.559272727272727
0.7090000000000001 4.500592383638929
1.015 4.500894581280788
1.0979999999999999 4.500408014571949
0.10499999999999998 4.001190392881056
2.2769999999999997 3.5019727711901623
0.12600000000000033 3.0055799642951597
2.5539999999999994 2.509187157400157
2.122 3.413817153628652
2.5009999999999994 3.392201519392243
0.10500000000000043 3.400116510991458
4.824999999999999 3.4080315025906733
4.301000000000002 4.034784468728203
0.09399999999999764 4.601841699286812
3.3640000000000008 5.1688989298454215
3.183 5.284202324850769
0.11299999999999955 5.590017106388027
2.9979999999999976 5.895831887925285
0.1010000000000062 5.895294182304611
3.087999999999994 5.894756476683938
0.11700000000000443 5.646434765932817
2.9720000000000013 5.398113055181696
3.378 5.097650680876258
0.3149999999999977 5.104281813652415
3.584000000000003 5.110912946428572
0.12199999999999989 5.232755140747598
3.076999999999998 5.354597335066624
0.12300000000000466 5.354484924314505
3.317999999999998 5.354372513562387
3.228999999999999 5.343397956023536
3.064 5.325778067885118
3.2689999999999984 5.326323646375038
3.337999999999994 5.324160575194727
3.0700000000000074 5.326579804560262
3.3160000000000025 5.275729794933654
0.27899999999999636 5.092944780848751
3.430000000000007 4.910159766763848
3.9010000000000105 4.912766982824915
0.0969999999999942 4.9830305125527525
3.122 5.05329404228059
3.3500000000000085 5.0975856716417915
3.3970000000000056 5.096591109802766
0.10299999999999443 5.07075810339437
3.350999999999999 5.044925096985974
3.406000000000006 5.044866705813271
0.09499999999999886 5.068713422633539
3.441999999999993 5.0925601394538065
3.5549999999999926 5.146016315049226
0.23700000000000898 5.147944838138281
3.5849999999999937 5.1498733612273355
0.12300000000000466 5.192699806376794
3.2759999999999962 5.2355262515262515
0.12300000000000466 5.233268575354407
2.935999999999993 5.231010899182561
3.3130000000000024 5.185552671294899
3.3799999999999955 5.050579881656805
0.12099999999999511 5.052366773327667
3.3970000000000056 5.054153664998529
0.10299999999999443 5.058278513171533
3.3319999999999936 5.062403361344538
3.4439999999999884 5.074497096399536
3.350999999999999 5.065778573560131
0.24099999999998545 5.03964105181819
3.5410000000000252 5.013503530076249
3.390000000000015 5.0146312684365775
0.11099999999999 5.042160204034932
3.545000000000016 5.069689139633287
3.0749999999999886 5.1021528455284555
3.376999999999981 5.105151317737636
0.12300000000001887 5.146258155476688
2.2109999999999843 5.1873649932157395
