0.877 1.6583899657924743
0.11699999999999988 1.66452384195664
0.7450000000000001 1.6706577181208053
0.6720000000000002 1.6649642857142857
0.13199999999999967 1.6681380568356374
0.7440000000000002 1.6713118279569892
2.004 1.6429580838323354
0.6000000000000005 1.6838533333333332
0.10199999999999942 1.6727938753387535
0.7380000000000004 1.6617344173441737
3.6220000000000008 2.342323578133628
3.130000000000001 2.179764856230032
3.5869999999999997 2.0382224700306666
0.10900000000000176 1.9624678222173406
3.9849999999999994 1.8867131744040149
0.12600000000000122 1.576939460130184
5.791999999999998 1.2671657458563534
0.12900000000000134 1.3281370632821101
5.452999999999996 1.389108380707867
0.1280000000000001 1.6131927899550857
4.513000000000005 1.8372771992023045
3.134999999999998 2.096666028708134
0.24900000000000233 1.8443407746472338
4.638999999999996 1.5920155205863333
0.09000000000000341 1.5079937665535237
5.430999999999997 1.4239720125207143
3.6779999999999973 1.9265122349102772
0.11700000000000443 1.9097898980013772
4.1739999999999995 1.893067561092477
0.1319999999999979 1.917884989799656
3.804000000000002 1.9427024185068347
0.09399999999999409 1.8919542035745325
3.8740000000000094 1.8412059886422305
0.12699999999999534 1.6850935905596105
4.998000000000005 1.5289811924769905
0.10599999999999454 1.5286713738189177
5.066999999999993 1.5283615551608447
0.13100000000000023 1.5510169611987843
4.444000000000003 1.5736723672367237
0.24399999999999977 1.606344283093607
4.38300000000001 1.6390161989504903
0.12999999999999545 1.9018677171574434
3.347999999999999 2.1647192353643967
3.612000000000009 2.3844939091915833
0.09399999999999409 2.1605700708154596
3.132000000000005 1.936646232439336
4.481999999999999 1.7363641231593039
0.12099999999999511 1.668847497477088
4.875 1.6013308717948722
0.11400000000000432 1.769258726720835
3.6069999999999993 1.937186581646798
0.1039999999999992 1.937089485648361
3.941999999999993 1.936992389649924
3.600999999999999 1.9662582615940014
0.29299999999999216 1.9518580196858895
4.275000000000006 1.9374577777777775
0.1319999999999908 1.8949812021364627
4.431000000000012 1.852504626495148
5.282000000000011 1.4296736084816355
0.13999999999998636 1.2566145820185954
5.382000000000005 1.0835555555555556
0.12000000000000455 1.178335876369327
2.2719999999999914 1.2731161971830984
0.09000000000000341 3.3388938128772634
0.5600000000000023 5.404671428571429
1.492999999999995 4.986346952444742
0.11100000000001842 3.2932200745448315
4.292000000000002 1.6000931966449208
0.12699999999998113 1.474613890194787
6.078000000000003 1.3491345837446531
0.30700000000001637 1.390443705442601
4.951999999999998 1.4317528271405493
8.554000000000002 0.9108926817862987
0.18199999999998795 0.846376709529779
1.7090000000000032 0.7818607372732592
0.09100000000000819 0.8599823832886442
1.3649999999999807 0.9381040293040293
0.3790000000000191 2.902522427440633
0.12299999999999045 2.8693515071740405
0.8859999999999957 2.8361805869074486
0.11899999999999977 2.832543771321836
1.1069999999999993 2.8289069557362234
