1.3310000000000002 1.092718256949662
1.122 1.1093048128342242
0.7650000000000001 1.462556862745098
0.10999999999999988 1.7521782671689365
0.6089999999999995 2.041799671592775
0.45999999999999996 2.8424695652173915
0.9030000000000005 2.822272425249169
0.09799999999999986 2.1204682833316553
3.1679999999999993 1.4186641414141414
0.15600000000000058 1.4000905790933271
6.141 1.3815170167725126
0.13700000000000045 1.6043450107965402
3.733999999999998 1.8271730048205679
3.603999999999999 2.0286082130965593
0.10500000000000043 1.8990478109493152
4.249000000000002 1.769487408802071
6.922000000000004 1.060303958393528
5.257999999999996 1.4406253328261693
0.11599999999999966 1.6367176177835532
4.524000000000001 1.832809902740937
4.547000000000004 1.44557906311854
0.242999999999995 1.306243473730229
6.329000000000001 1.166907884341918
2.9919999999999973 2.584756684491979
2.3940000000000055 2.959779448621554
0.1109999999999971 2.612582384861235
3.4880000000000067 2.2653853211009167
0.11699999999999022 2.0087049886680495
4.2180000000000035 1.7520246562351824
3.908999999999992 1.8247203888462524
0.13500000000000512 1.657615509422151
5.126999999999995 1.4905106299980495
0.13300000000000978 1.5025610063739516
5.1129999999999995 1.5146113827498535
0.10899999999999466 1.1547031229012366
8.799000000000007 0.7947948630526196
0.12999999999999545 0.7652019428045053
1.5960000000000036 0.7356090225563909
0.09899999999998954 0.7360772385509227
1.6720000000000113 0.7365454545454545
0.1319999999999908 0.7351935543024801
1.983000000000004 0.7338416540595059
0.11599999999999966 0.7377465151031475
1.198999999999998 0.741651376146789
0.10699999999999932 0.7614559319758334
4.1000000000000085 0.7812604878048779
3.843999999999994 0.8335234131113423
0.14400000000000546 0.8497843720135134
3.3089999999999975 0.8660453309156846
1.225999999999999 1.0276541598694944
0.2510000000000048 1.028147008442343
1.1189999999999998 1.0286398570151918
0.10699999999999932 1.0270854187036742
1.2750000000000057 1.0255309803921566
0.12899999999999068 1.2504045987510746
5.564000000000007 1.4752782171099927
0.10999999999999943 1.9544512258608293
3.1029999999999944 2.433624234611666
0.0940000000000083 2.102549662870839
3.2920000000000016 1.771475091130012
0.10799999999998988 2.0940890100001526
3.1070000000000135 2.416702928870293
0.09199999999998454 2.4195010812295488
3.0010000000000048 2.422299233588804
0.09800000000001319 2.4204764524019393
3.078000000000003 2.4186536712150746
0.11999999999997613 2.3753030665073678
2.9450000000000216 2.331952461799661
3.6680000000000064 2.2355616139585606
0.3189999999999884 2.194312844634913
3.2930000000000064 2.1530640753112658
0.12600000000000477 2.008562659665202
4.180000000000007 1.8640612440191386
0.11999999999997613 1.8644506511782617
4.114000000000004 1.8648400583373845
8.618000000000023 0.911639823624971
0.11199999999999477 0.9478128049128705
6.753999999999991 0.98398578620077
0.11700000000001864 1.7150709277824658
2.7679999999999723 2.4461560693641617
0.1290000000000191 2.857048021039516
1.4660000000000082 3.2679399727148706
