0.35 4.155451428571428
0.7769999999999999 4.106718146718145
0.119 4.1018962996364445
0.685 4.097074452554744
0.11299999999999999 4.095953558272017
0.7469999999999999 4.0948326639892905
1.9490000000000003 4.091324781939456
2.133 3.004436943272386
1.9669999999999996 3.682826639552618
2.0760000000000005 4.086655105973025
0.1269999999999989 3.9810782011128385
4.243 3.875501296252652
4.679000000000002 3.708828382132934
0.12399999999999878 3.342108920703702
5.844000000000001 2.9753894592744694
5.647000000000002 2.978504692757216
5.939 2.9762087893584774
2.7819999999999965 2.980457225017973
0.11400000000000432 2.984103157963532
2.1999999999999957 2.9877490909090914
0.09900000000000375 2.9864695333284343
2.4739999999999966 2.9851899757477773
3.561 3.3510272395394556
1.6879999999999953 4.197696682464455
0.11200000000000188 4.12491603353992
1.9500000000000028 4.052135384615386
1.892000000000003 3.9059408033826646
0.10799999999999699 3.93189157559383
4.1229999999999976 3.9578423478049958
4.332999999999998 4.018405723517193
4.399000000000001 4.040020004546488
0.09999999999999432 4.005512673472856
4.118000000000009 3.971005342399223
4.503 3.885036642238508
0.09299999999998931 4.009002738297168
4.075000000000003 4.132968834355828
0.1280000000000001 4.043042172953491
4.847999999999999 3.9531155115511547
4.016999999999996 3.927404530744337
0.2740000000000009 3.9727507359604033
4.25 4.01809694117647
4.292000000000002 4.03381174277726
0.10800000000000409 3.9740190920415595
4.319000000000003 3.9142264413058583
4.287999999999997 4.007186567164179
0.11199999999999477 4.017910911713553
4.350999999999999 4.028635256262928
4.609999999999999 3.968348806941432
0.09199999999999875 4.0027941279404295
4.572999999999993 4.0372394489394265
0.12400000000000944 3.835524809215476
4.719999999999999 3.6338101694915252
3.917999999999992 3.919920367534457
0.271000000000015 3.9319225345477613
4.3559999999999945 3.9439247015610657
4.443999999999988 3.841350135013501
4.299999999999983 3.992781395348837
0.09600000000000364 3.9992318280472516
4.211000000000013 4.005682260745666
0.09100000000000819 3.821422608000305
4.804999999999978 3.6371629552549436
0.09300000000001774 3.8222906372119856
4.23599999999999 4.007418319169028
4.401999999999987 4.032897773739209
0.09999999999999432 3.8357553937189195
4.6720000000000255 3.63861301369863
0.12599999999997635 3.835466255559209
4.457000000000022 4.032319497419788
0.23299999999997567 3.854154125467158
4.268000000000001 3.675988753514527
4.5800000000000125 3.764213100436681
0.11699999999999022 3.859565860563168
2.9000000000000057 3.9549186206896554
