0.897 1.6214136008918616
0.11199999999999988 1.6284728976864038
0.7610000000000001 1.6355321944809462
0.1339999999999999 1.6250215084958843
0.6930000000000003 1.6145108225108225
0.11999999999999966 1.6000148081549654
4.7090000000000005 1.5855187937991084
5.175000000000001 1.5408680193236717
0.12399999999999878 1.5487945643613736
0.6490000000000009 1.5567211093990756
0.7539999999999996 1.6264721485411142
5.412000000000001 1.5676082779009608
4.352 1.5677077205882353
4.693000000000001 1.5578742808438102
0.10699999999999932 1.5480197918130671
4.888000000000002 1.5381653027823239
0.2989999999999995 1.5454126704307218
4.726999999999997 1.5526600380791198
4.893999999999998 1.5477744176542705
0.10699999999999932 1.5473603431554936
5.359999999999999 1.5469462686567168
0.14300000000000068 1.5605530447092395
2.6779999999999973 1.5741598207617624
0.12199999999999989 1.579704552214692
0.6980000000000004 1.5852492836676215
0.10099999999999909 1.5876883537451683
0.7220000000000013 1.590127423822715
0.7600000000000051 1.5854315789473685
0.13799999999999812 1.5710463830809902
3.2849999999999966 1.5566611872146119
0.11500000000000199 1.547805812266198
4.802 1.538950437317784
0.28600000000000136 1.540425499679212
4.625999999999998 1.5419005620406399
4.867000000000004 1.570135196219437
0.13299999999999557 1.564476615823084
4.9680000000000035 1.5588180354267311
0.13599999999999568 1.565184298612242
4.450000000000003 1.5715505617977525
4.596000000000004 1.5630565709312445
0.09799999999999898 1.5630120033866919
4.6370000000000005 1.5629674358421395
5.556999999999988 1.5498995861076121
0.14500000000001023 1.5537859512458965
3.8939999999999912 1.5576723163841808
0.10600000000000875 1.5608281196068812
4.975999999999999 1.5639839228295818
0.3049999999999926 1.5562915051561121
5.041000000000011 1.5485990874826425
4.5260000000000105 1.543842686699072
2.054000000000002 1.5591898734177216
0.1389999999999958 1.5745175886425624
0.7240000000000038 1.5898453038674034
2.0700000000000074 1.5955053140096618
0.12699999999999534 1.5784592263478965
2.055000000000007 1.5614131386861314
1.8850000000000051 1.5497549071618038
0.11599999999999966 1.5495448287137392
3.7639999999999816 1.5493347502656747
0.1360000000000241 1.545106119232981
4.8729999999999905 1.5408774882002871
0.3149999999999977 1.5437706589937605
4.699999999999989 1.546663829787234
0.11299999999999955 1.5497833124739255
4.794000000000011 1.5529027951606174
0.10699999999999932 1.5588164009979435
4.38900000000001 1.5647300068352696
0.10499999999998977 1.5605050679460084
5.2690000000000055 1.5562801290567472
0.13700000000000045 1.550812252845723
4.587999999999994 1.5453443766346993
0.1150000000000091 1.557500552539751
4.963999999999999 1.5696567284448026
0.1279999999999859 1.5696025049752655
4.888000000000005 1.5695482815057284
0.11600000000001387 1.5603429462809986
5.064999999999998 1.5511376110562687
0.12999999999999545 1.5530418986493322
4.274000000000001 1.554946186242396
0.31399999999999295 1.5561023479510045
4.348000000000013 1.5572585096596134
3.055000000000007 1.5681833060556465
