0.723 2.0116293222683264
0.6140000000000001 2.027100977198697
0.5529999999999999 2.0232477396021697
1.524 2.0071128608923887
1.7689999999999997 1.8612142453363485
0.13700000000000045 1.650525766735971
1.7699999999999996 1.4398372881355934
0.13600000000000012 1.5725693032015067
4.247999999999999 1.7053013182674202
5.154 1.6460799379123014
4.277999999999999 1.5948256194483403
0.1269999999999989 1.5616929686202605
4.783000000000001 1.5285603177921807
0.11599999999999966 1.5321061392882471
4.896000000000001 1.5356519607843135
0.10699999999999932 1.5061986162070462
4.970000000000002 1.4767452716297786
0.12899999999999778 1.508170196790499
4.920000000000002 1.5395951219512194
5.400000000000006 1.5354874074074074
0.2889999999999944 1.567968685442199
4.106999999999999 1.6004499634769904
0.10300000000000153 1.585233485139856
4.704000000000001 1.5700170068027213
0.10000000000000142 1.475261270270336
5.601999999999997 1.3805055337379508
0.10500000000000398 1.408302219645627
4.934000000000005 1.4360989055533033
2.0800000000000125 1.5599846153846153
0.12099999999999511 1.5807069195644536
1.7519999999999953 1.601429223744292
1.960000000000008 1.5774367346938776
2.1060000000000088 1.519065527065527
0.09799999999999898 1.429846358194982
2.397999999999996 1.340627189324437
0.10300000000000864 1.3762684201242306
1.9479999999999933 1.4119096509240243
4.884999999999991 1.4705850562947798
0.1150000000000091 1.5076156313016953
4.691999999999993 1.5446462063086106
0.09900000000000375 1.5288930258528297
5.691999999999993 1.5131398453970486
0.10999999999999943 1.5424698967850754
3.859000000000009 1.5717999481731022
0.14399999999999125 1.566636731710949
4.984000000000009 1.561473515248796
0.11899999999999977 1.5219528609286137
5.265999999999991 1.4824322066084314
0.1280000000000001 1.4891749986157121
4.6710000000000065 1.495917790622993
0.13299999999999557 1.5009790136546917
5.070000000000007 1.5060402366863905
0.3129999999999882 1.5119157239166143
4.665000000000006 1.5177912111468381
5.409999999999997 1.5309855822550833
0.9420000000000073 1.5229554140127386
2.011000000000024 1.4526544007956241
1.738000000000028 1.47785500575374
4.833999999999975 1.5533090608191973
4.759999999999991 1.5271680672268908
0.13700000000000045 1.4862219679951187
5.1510000000000105 1.445275868763347
4.891999999999996 1.4038430089942764
0.28700000000000614 1.4473796863153199
5.5 1.4909163636363636
0.117999999999995 1.4916210948891142
4.751000000000005 1.4923258261418646
0.22700000000000387 1.4956815107622536
2.3389999999999986 1.4990371953826425
0.8810000000000002 1.5166855845629965
0.12000000000000455 1.5963742058940635
0.76400000000001 1.6760628272251306
0.12999999999999545 1.8003947857055884
1.3760000000000048 1.9247267441860465
0.12299999999999045 1.7893003530407516
4.0940000000000225 1.653873961895457
0.11299999999999955 1.5847351460853432
3.160999999999973 1.515596330275229
