0.54 2.6933481481481483
0.45999999999999996 2.7057391304347824
1.0559999999999998 2.6576666666666666
1.1509999999999998 2.657549956559513
1.2389999999999999 2.657375302663438
2.42 2.648125619834711
2.952 2.4539701897018973
3.09 2.745597411003236
0.11700000000000088 2.663991741080724
2.6419999999999995 2.5823860711582127
2.7560000000000002 2.6527953555878083
2.8810000000000002 2.6097021867407153
0.125 2.655996896021315
2.716000000000001 2.7022916053019146
2.7119999999999997 2.793070796460177
0.28200000000000003 2.7611884594545786
3.0380000000000003 2.72930612244898
2.687999999999999 2.445330357142857
0.12299999999999756 2.458658862177515
6.966000000000001 2.471987367212173
0.13400000000000034 2.5048709349222404
7.2180000000000035 2.5377545026323083
6.169000000000004 2.670788782622792
0.1319999999999979 2.64517085843024
6.7819999999999965 2.619552934237688
0.12400000000000233 2.6682397024129614
2.719999999999999 2.7169264705882346
2.8830000000000098 2.4741005896635446
0.11399999999999011 2.4605290012038505
3.1230000000000047 2.446957412744156
0.2669999999999959 2.5450159077372656
2.930000000000007 2.643074402730375
2.6499999999999915 2.6390188679245283
2.7109999999999985 2.6498738472888235
2.7209999999999894 2.663535464902609
3.311000000000007 2.601266082754455
2.1720000000000113 2.7926224677716385
0.12999999999999545 2.790503996336554
2.790999999999997 2.7883855249014693
0.1039999999999992 2.6819670943543965
3.031000000000006 2.575548663807324
2.5960000000000036 2.691614791987673
0.10899999999999466 2.622011792904116
6.731999999999999 2.5524087938205584
6.891999999999996 2.543324434126524
0.10899999999999466 2.6257767988545275
6.75500000000001 2.7082291635825313
7.070999999999998 2.6109879790694386
0.12700000000000955 2.625659014165261
6.495999999999995 2.6403300492610837
0.10599999999999454 2.641346719238607
2.2069999999999936 2.64236338921613
2.834000000000003 2.6495045871559633
2.6570000000000107 2.7359126834776055
2.897999999999996 2.5688806073153896
0.10499999999998977 2.50621616572666
1.856000000000023 2.4435517241379308
3.1759999999999877 2.581876574307305
0.12299999999999045 2.6039086575240233
2.700000000000017 2.625940740740741
0.09600000000000364 2.5377072455668497
3.180999999999983 2.4494737503929582
0.3060000000000116 2.428369131236642
3.1869999999999834 2.407264512080326
0.12300000000001887 2.4988040331585277
3.032999999999987 2.5903435542367292
2.4170000000000016 2.7496235002068685
0.09000000000000341 2.621306595464259
2.7159999999999798 2.492989690721649
1.9350000000000023 2.4758656330749353
