0.5559999999999999 2.6158417266187053
0.4730000000000001 2.631374207188161
0.131 2.609003232626338
1.0849999999999997 2.586632258064516
0.11100000000000021 2.5839659180617938
1.185 2.5812995780590717
0.1120000000000001 2.5848667701616113
1.2719999999999998 2.588433962264151
2.4720000000000004 2.59242071197411
0.12199999999999989 2.5729322453067587
2.8370000000000006 2.5534437786394077
3.3309999999999995 2.5469516661663163
2.687999999999999 2.5381934523809524
0.11200000000000188 2.526596554191852
2.907 2.514999656002752
0.09399999999999764 2.5573877948063553
2.892000000000003 2.5997759336099584
0.10799999999999699 2.5879581668751794
2.849 2.5761404001404005
2.9559999999999995 2.5625196211096077
0.23300000000000054 2.561227701879287
3.2390000000000008 2.559935782648966
2.5720000000000027 2.5556174183514773
0.13000000000000256 2.5542276514501943
2.8930000000000007 2.552837884548911
0.1039999999999992 2.5757455551776816
2.975999999999999 2.5986532258064523
0.12699999999999534 2.5825051713965257
2.761000000000003 2.566357116986599
3.1200000000000045 2.5325846153846157
6.884999999999998 2.5060031953522146
0.1109999999999971 2.5203349310094403
6.438000000000002 2.5346666666666664
7.364999999999995 2.364121113374067
7.109000000000009 2.4999364186242787
0.09199999999999875 2.509022721169238
6.494 2.518109023714197
0.10799999999998988 2.554367890868999
2.7730000000000103 2.590626758023801
0.12699999999999534 2.590431320398605
2.798000000000002 2.5902358827734093
0.09900000000000375 2.56731764596573
3.384999999999991 2.544399409158051
0.12000000000000455 2.4950980916758
2.480000000000004 2.445796774193549
0.11699999999999022 2.497863000465058
3.0520000000000067 2.5499292267365665
3.0649999999999977 2.546978140293638
2.7509999999999906 2.539960741548528
3.0219999999999914 2.5266790205162137
0.26900000000000546 2.4849571776149046
2.897999999999996 2.4432353347135956
0.11199999999999477 2.4483107953188834
3.3760000000000048 2.4533862559241713
0.12300000000000466 2.4625329352490475
3.320999999999998 2.471679614573924
2.9849999999999994 2.5298278056951418
0.11099999999999 2.540996178558731
2.285000000000011 2.55216455142232
0.11599999999999966 2.5522032818294473
2.941999999999993 2.552242012236574
2.879000000000005 2.524946161861757
0.11899999999999977 2.5082254236350283
2.9879999999999995 2.4915046854083
0.11400000000000432 2.4800442190521013
2.7820000000000107 2.4685837526959022
0.11999999999997613 2.5036532941283114
6.8840000000000146 2.5387228355607205
0.11299999999999955 2.5524622492240487
6.615000000000009 2.566201662887377
7.031000000000006 2.524934717678851
6.600999999999999 2.575306771701257
0.09600000000000364 2.481809399139665
7.525000000000006 2.388312026578073
2.5889999999999986 2.566952491309386
0.11000000000001364 2.5557347950722056
2.6610000000000014 2.544517098835025
1.882000000000005 2.545589798087141
