0.386 3.7678963730569954
0.119 3.7478033267154136
0.8560000000000001 3.727710280373832
0.7529999999999999 3.727086321381142
0.8199999999999998 3.730292682926829
2.145 3.717478787878788
1.7240000000000002 3.717206496519722
2.9269999999999996 5.896918346429791
3.0470000000000006 6.012922874958976
4.157 3.9556776521529953
3.9279999999999973 4.417924643584523
3.8469999999999978 4.519931375097479
3.0139999999999993 5.580496350364963
3.2929999999999993 5.367659884603705
0.11299999999999955 4.748599452283703
4.407999999999998 4.129539019963702
0.28000000000000114 5.184799070464154
2.571000000000005 6.240059120964604
3.4510000000000005 4.989818603303391
3.8459999999999965 4.76274362974519
4.725000000000001 3.4870044444444446
3.3320000000000007 5.331875150060024
5.8899999999999935 2.9293432937181665
0.10300000000000153 3.9938384168528835
3.225999999999999 5.058333539987601
4.310999999999993 4.038912549292507
0.09000000000000341 3.409417795059205
6.393000000000001 2.779923040825903
0.29300000000000637 4.3268508882290435
2.783999999999992 5.873778735632184
0.13100000000000023 4.819618597260776
4.646000000000001 3.765458458889367
3.419000000000011 4.925957297455397
5.344000000000008 3.5862095808383234
2.6899999999999977 5.864826765799257
0.10999999999999943 4.8400219619881
4.475999999999999 3.815217158176944
0.11199999999999477 6.182453023532917
2.0250000000000057 8.54968888888889
2.7409999999999997 6.167655600145931
5.7749999999999915 2.975379393939394
0.3120000000000118 3.8941410972991863
3.641999999999996 4.8129028006589785
7.533000000000001 2.4285262179742473
3.1140000000000043 5.92880411046885
3.5600000000000023 4.817860674157303
3.908999999999992 3.9289455103607063
0.09500000000002728 3.7967824821428104
4.687999999999988 3.6646194539249146
0.11199999999999477 3.9279345735129114
4.0730000000000075 4.191249693100908
0.12199999999998568 4.184306111757266
4.110000000000014 4.177362530413625
0.09299999999998931 3.386214188283735
6.5 2.595065846153846
0.2960000000000207 2.7430720463192717
6.0449999999999875 2.891078246484698
2.25 3.1511288888888895
3.431999999999988 2.270331002331002
3.462999999999994 2.2154062951198386
4.951999999999998 2.3966510500807754
2.5120000000000005 2.6456369426751594
1.5910000000000082 4.255788812067882
0.10900000000000887 4.26283201744214
1.1219999999999857 4.269875222816398
