0.39799999999999996 3.654291457286432
0.10400000000000004 3.6521310658866177
0.34099999999999997 3.649970674486804
0.779 3.6026906290115526
0.11999999999999988 3.4943630015806066
2.2049999999999996 3.3860353741496603
0.09000000000000075 3.452504006580567
2.266 3.5189726390114737
1.9469999999999992 3.2914555726759116
2.1050000000000004 3.441387173396675
0.09699999999999953 3.3693325295665844
2.5730000000000004 3.297277885736494
0.12899999999999956 3.042156916724456
2.4480000000000004 2.7870359477124182
3.3930000000000007 2.1547609784851165
0.10800000000000054 2.478004930375196
2.6839999999999975 2.8012488822652757
0.3000000000000007 2.94446625854955
2.376999999999999 3.0876836348338244
2.3299999999999983 3.2509905579399136
6.677000000000003 2.726225550396885
0.11999999999999744 3.47461474940218
3.7989999999999995 4.2230039484074755
0.0940000000000012 4.539570784130415
3.5459999999999994 4.856137619853356
4.060000000000002 4.5117024630541875
3.6299999999999955 4.538869421487603
3.801000000000002 4.673982636148382
0.10000000000000142 4.504558152245045
3.979999999999997 4.335133668341709
0.11899999999999977 4.292330375837521
3.8400000000000034 4.249527083333334
0.2530000000000001 4.2941819318984145
4.012999999999991 4.338836780463494
0.0940000000000083 4.385384475019777
4.010000000000005 4.43193216957606
0.09299999999998931 4.308161581205635
3.9080000000000013 4.184390992835209
4.078000000000003 4.289926434526728
0.12600000000000477 4.094251180226326
4.319999999999993 3.8985759259259254
5.0730000000000075 3.777785136999803
0.125 3.6804419666375345
4.402999999999992 3.5830987962752667
0.09300000000000352 4.0782274913352765
3.734000000000009 4.573356186395286
4.6270000000000095 3.741759239247893
0.26599999999999113 4.268829123170046
3.5250000000000057 4.795899007092198
3.5430000000000064 4.849792830934237
4.290999999999997 4.084966674434864
0.11299999999999955 3.738893574606156
5.391999999999996 3.392820474777448
0.10900000000000887 3.826839039604279
4.332999999999998 4.26085760443111
3.6499999999999915 4.699064109589042
3.4680000000000035 4.4285605536332175
0.12999999999999545 4.509808871151189
3.7420000000000186 4.5910571886691605
3.6769999999999925 4.642632580908349
0.3149999999999977 4.537237818590468
3.8739999999999952 4.431843056272586
4.277999999999992 3.942947171575503
0.12300000000001887 4.115311662333385
4.075999999999993 4.287676153091266
0.12100000000000932 4.27268482848945
3.9869999999999948 4.2576935038876345
0.1150000000000091 4.220366073338727
4.244 4.183038642789821
4.0870000000000175 4.159432346464398
0.11299999999999955 4.11367362004071
4.417999999999978 4.067914893617021
4.072999999999979 3.851981340535232
0.125 3.7507256406317144
4.724000000000018 3.649469940728197
0.2709999999999866 3.976566865298433
2.664999999999992 4.3036637898686685
