0.348 4.179333333333333
0.297 4.190707070707071
0.09500000000000008 4.151023324580702
1.7080000000000002 4.1113395784543325
0.09099999999999975 4.110212441951437
1.8169999999999997 4.1090853054485414
2.87 4.104691289198607
3.870000000000001 4.013695090439277
0.12899999999999956 3.827936382527087
4.739000000000001 3.6421776746148975
4.654 3.936694456381607
3.807000000000002 4.31934646703441
0.09600000000000009 4.19028498170349
4.273 4.0612234963725715
0.125 4.071956664833387
4.259 4.082689833294201
3.9919999999999973 4.213330661322645
0.10800000000000409 5.341603837249902
2.7319999999999993 6.469877013177161
0.259999999999998 6.651418987069061
2.6640000000000015 6.8329609609609605
2.2860000000000014 7.018019247594051
0.1180000000000021 7.158832430070871
2.3590000000000018 7.299645612547691
2.442 7.501028665028664
3.605000000000004 4.570345631067961
0.09700000000000131 4.541434944058237
3.9369999999999976 4.512524257048513
3.753999999999998 4.596119339371337
3.628000000000007 4.497845644983462
4.099999999999994 4.246768780487805
0.2909999999999968 4.04302664559063
4.629000000000005 3.8392845106934543
4.484999999999999 3.646064659977703
0.11199999999999477 3.8408316379473293
4.334999999999994 4.035598615916955
3.9920000000000044 4.2188997995992
0.10500000000000398 5.9029384191978576
2.5259999999999962 7.586977038796516
2.847999999999999 5.539460674157303
4.056999999999988 4.209246241064826
3.8770000000000095 4.465597111168429
0.12399999999999523 4.519803966839626
3.695999999999998 4.5740108225108225
0.2980000000000018 4.386567483591677
4.091999999999999 4.199124144672532
0.11299999999999955 4.279735206664624
4.019999999999996 4.360346268656715
3.7989999999999924 4.815500921295077
0.10300000000000864 4.669178192151703
4.081999999999994 4.522855463008329
0.12199999999999989 4.389415820834189
4.030000000000001 4.255976178660048
3.4099999999999966 4.50388504398827
3.834000000000003 4.4808909754825255
4.121999999999986 4.141426491994178
3.9799999999999898 4.3138090452261295
0.3120000000000118 4.593762078232828
3.4609999999999843 4.873715111239526
3.8959999999999866 4.4857720739219715
0.10099999999999909 4.398221740363729
3.9380000000000166 4.310671406805485
3.867999999999995 4.589662874870735
3.687999999999988 4.60943600867679
0.11299999999999955 4.735343917240748
3.6970000000000027 4.861251825804707
0.09999999999999432 4.885119029297847
3.195999999999998 4.908986232790989
0.10400000000001342 5.039215155376004
3.335000000000008 5.169444077961019
1.9429999999999836 5.902863612969634
