0.324 4.488913580246914
0.7209999999999999 4.425686546463246
0.6320000000000001 4.440658227848101
0.6880000000000002 4.445988372093023
0.11799999999999988 3.659507275051747
1.146 2.873026178010471
0.0900000000000003 2.425473582832396
3.2399999999999998 1.977920987654321
0.11699999999999999 2.374069480442839
2.615 2.7702179732313565
0.09999999999999964 2.509399471640857
3.7729999999999997 2.248580970050358
0.11500000000000021 2.900101000381764
1.9210000000000012 3.55162103071317
1.806000000000001 4.048230343300111
0.1039999999999992 3.4707188322157796
6.009999999999998 2.893207321131448
0.0920000000000023 2.756338592819267
6.420999999999999 2.6194698645070855
7.412000000000003 2.384741500269833
0.2709999999999937 2.280797108759227
3.8090000000000046 2.176852717248621
0.10300000000000153 2.1810207735179272
3.0079999999999956 2.1851888297872337
0.09100000000000108 1.6265273240896838
6.915999999999997 1.067865818392134
0.1180000000000021 0.9618178267572045
9.036999999999999 0.8557698351222751
0.1559999999999988 0.9189487753623226
3.038000000000004 0.98212771560237
1.443000000000012 0.9168898128898127
0.1599999999999966 0.9121679338201077
1.2420000000000044 0.9074460547504027
0.14799999999999613 0.917802497573877
1.3589999999999947 0.9281589403973511
0.13100000000000023 1.063555253674459
1.0529999999999973 1.198951566951567
0.15100000000001046 1.1725281898928959
2.8049999999999926 1.1461048128342246
0.125 1.0564267473661457
2.844999999999999 0.9667486818980667
0.09499999999999886 1.8460086353344658
2.63600000000001 2.7252685887708648
0.10999999999999943 2.1303758198091614
4.719999999999999 1.5354830508474577
4.638999999999996 1.8566053028669967
2.784000000000006 2.178727011494253
0.1039999999999992 2.4961574319944146
2.765999999999991 2.8135878524945768
1.813999999999993 4.303466372657112
1.7959999999999923 3.8905523385300667
0.10899999999999466 4.196693360040715
3.8160000000000025 4.502834381551363
5.159999999999997 3.3970139534883725
3.436000000000007 5.324239813736905
4.5589999999999975 4.049637201140601
5.281000000000006 3.2477909486839613
0.11499999999999488 5.036839474341981
2.25 6.825888000000001
4.858000000000004 3.536380403458213
4.774000000000001 3.575819019689988
0.30400000000000205 4.3963810990276135
3.290999999999997 5.216943178365239
0.11899999999999977 6.40242750461222
2.2229999999999848 7.5879118308592
2.7450000000000045 6.366691438979965
3.9350000000000023 4.313957814485389
3.850999999999999 4.609923656193197
2.7239999999999895 6.240675477239354
2.4279999999999973 7.401996705107083
1.9669999999999845 7.976166751398067
2.3140000000000214 7.450343993085567
0.2799999999999727 7.065085799687804
1.717000000000013 6.679827606290041
