0.355 4.096923943661972
0.19700000000000006 4.088855414453937
0.30499999999999994 4.080786885245901
1.7440000000000002 4.02647247706422
1.8550000000000004 4.024909973045822
1.9780000000000006 4.031340748230536
0.12099999999999955 4.027115446306103
1.5930000000000009 4.0228901443816705
0.10999999999999943 3.9939628609155204
1.827 3.9650355774493704
4.745999999999999 3.8603826380109574
4.311 3.814370679656692
4.508999999999997 3.8486600133067204
0.09000000000000341 3.880255315989693
4.444999999999997 3.911850618672666
4.405999999999999 3.817434407625965
0.09600000000000364 3.834594737044623
4.588999999999999 3.8517550664632814
0.10900000000000176 3.864843021088479
4.6939999999999955 3.8779309757136766
0.10600000000000165 3.874211808725355
4.145000000000003 3.870492641737033
0.2459999999999951 3.8566772514643652
4.481000000000002 3.842861861191698
0.13000000000000256 3.7924740358052462
4.894999999999996 3.7420862104187944
0.10300000000000153 3.7510175461039656
4.381999999999998 3.7599488817891373
0.11899999999999977 3.770758604368387
4.698 3.7815683269476366
0.10099999999999909 3.8065993977620702
4.503 3.831630468576504
0.09799999999999898 3.8401293852316485
4.240000000000009 3.848628301886793
4.5120000000000005 3.8589875886524814
2.0160000000000053 3.8413730158730157
1.7900000000000063 3.906927374301676
0.10899999999999466 3.907709606628531
1.838000000000008 3.9084918389553858
1.891999999999996 3.830591966173361
0.10900000000000887 3.822468702307229
2.2579999999999956 3.8143454384410975
1.558000000000007 3.893181001283697
4.424000000000007 3.860061482820976
4.506 3.842237017310253
0.0940000000000083 3.8492143115748343
4.384 3.856191605839416
0.11700000000000443 3.83772194206174
4.498999999999995 3.8192522782840634
0.09900000000000375 3.8383884630856935
4.543999999999997 3.857524647887324
4.885999999999996 3.7441850184199748
0.11400000000000432 3.685321344409359
5.090999999999994 3.626457670398743
0.11200000000000898 3.604704080655816
4.787000000000006 3.582950490912889
0.29999999999998295 3.688492043875417
4.048000000000002 3.794033596837945
4.405000000000001 3.900053575482407
0.09800000000001319 3.8413363379295484
4.513000000000005 3.7826191003766896
4.467999999999989 3.8426499552372424
0.132000000000005 3.856608135030278
4.358000000000004 3.8705663148233134
0.1419999999999959 3.863412901454022
4.532000000000011 3.856259488084731
4.424000000000007 3.837121157323689
4.72199999999998 3.7595967810249893
4.412000000000006 3.853037171350861
0.2750000000000057 3.846609183966029
4.680000000000007 3.8401811965811965
0.13100000000000023 3.7431349859271315
4.302999999999997 3.646088775273066
0.09700000000000841 3.438495661999352
5.335999999999984 3.2309025487256373
1.6910000000000025 2.8331164991129514
