0.827 1.7586553808948004
2.815 1.736659325044405
2.633 1.7350581086213446
2.835 1.7430151675485006
3.0600000000000005 1.7068601307189541
2.4010000000000016 1.7336609745939193
0.10499999999999865 1.7288152564545036
4.202 1.723969538315088
0.0940000000000012 1.6961928320877306
5.085000000000001 1.6684161258603736
0.11299999999999955 1.656017747343581
4.151 1.6436193688267886
2.597999999999999 2.8141277906081603
0.09499999999999886 2.8145053030165474
2.6709999999999994 2.8148828154249346
2.5799999999999983 2.844737984496124
0.12199999999999989 2.879062838401908
2.6000000000000014 2.9133876923076922
0.10300000000000153 2.9118767173367175
2.8489999999999966 2.9103657423657427
0.23899999999999721 2.9068277475079594
2.264000000000003 2.9032897526501764
2.6000000000000014 2.8405230769230765
0.09999999999999432 2.840833176962641
2.7220000000000013 2.841143277002205
2.4939999999999998 2.8411034482758617
0.1039999999999992 2.8551312448350985
2.754000000000005 2.8691590413943353
2.570999999999998 2.874383508362505
2.482999999999997 2.8726669351590814
0.11899999999999977 2.8749343711939988
2.655999999999999 2.877201807228916
2.6920000000000073 2.876748885586924
0.29599999999999227 2.865016629655967
2.4510000000000076 2.8532843737250104
6.141999999999996 2.8483099967437315
5.700000000000003 2.9547101754385965
0.10500000000000398 2.959314877388336
6.465999999999994 2.9639195793380764
0.13299999999999557 2.9341306291388465
5.432000000000002 2.9043416789396166
6.022000000000006 2.8357542344735966
5.9339999999999975 2.9176137512639033
5.774000000000001 2.9278739175614823
0.125 2.8915554366803757
6.018000000000001 2.8552369557992687
0.269999999999996 2.840303197435418
6.204000000000008 2.825369439071567
0.10699999999999932 2.8586749429994707
2.86399999999999 2.8919804469273744
2.842000000000013 2.8882646023926815
2.6159999999999854 2.886672782874618
2.0190000000000055 2.888408122833085
2.5960000000000036 2.8924098613251155
0.10200000000000387 2.869886873474935
2.5529999999999973 2.8473638856247554
2.6200000000000045 2.8414564885496185
2.4189999999999827 2.8390243902439023
0.27299999999999613 2.8377135095460257
2.8910000000000196 2.8364026288481496
0.11499999999998067 2.436007803083277
3.483000000000004 2.035612977318404
0.132000000000005 1.9026322892497083
4.402999999999992 1.7696516011810128
0.09400000000002251 1.7476184231726026
4.445999999999998 1.7255852451641924
4.570999999999998 1.7187731349814044
0.13100000000000023 1.716914309426186
3.875 1.7150554838709675
0.12600000000000477 1.686489544090234
4.084000000000003 1.6579236043095005
0.11299999999999955 1.6412371497301996
2.9490000000000123 1.6245506951508988
