0.625 2.3270528
0.5279999999999999 2.3572727272727274
1.983 2.3037861825516894
0.12400000000000011 2.3001871546409633
3.251 2.296588126730237
3.2279999999999998 2.470257744733581
2.5329999999999995 2.529989735491512
2.734 2.6496415508412583
2.6260000000000012 3.230729626808835
2.056000000000001 3.3184163424124518
2.1189999999999998 3.450261444077395
1.6149999999999984 4.655450154798762
0.2710000000000008 5.024060125158382
1.3610000000000007 5.392670095518001
3.4770000000000003 5.083607707794075
0.12299999999999756 4.832643018256464
3.9730000000000025 4.581678328718852
0.12599999999999767 5.419386746262703
2.564 6.257095163806553
2.7560000000000002 6.248136429608127
2.9720000000000013 6.163362045760431
2.701999999999998 6.097740932642487
0.09700000000000131 5.900525040960087
3.115000000000002 5.703309149277688
3.9140000000000015 4.408235053653551
0.277000000000001 5.420156943460595
2.536999999999999 6.4320788332676395
2.708999999999996 6.42737246216316
0.09000000000000341 6.386133214301859
2.801000000000002 6.344893966440557
0.09999999999999432 6.293172174059974
2.6200000000000045 6.24145038167939
2.806999999999995 6.232390452440328
0.09199999999999875 6.313205097138918
2.6340000000000003 6.394019741837508
2.8840000000000003 6.645181692094313
0.11899999999999977 6.645333895752296
2.3739999999999952 6.645486099410278
0.12600000000000477 6.461881284999258
2.719999999999999 6.278276470588237
0.2710000000000008 6.178660707204231
2.847999999999999 6.079044943820225
2.8119999999999976 6.011928876244665
3.600999999999999 4.771678978061649
0.09900000000000375 4.70627793223972
3.777000000000001 4.640876886417792
0.12099999999999511 4.697528879799332
3.847999999999999 4.754180873180872
3.5660000000000025 5.177312394840157
3.311000000000007 5.180182422228933
3.317999999999998 4.628766726943943
3.7279999999999944 4.608298283261803
0.26200000000000045 4.588195167855146
3.737000000000009 4.568092052448488
3.7759999999999962 4.546864406779661
0.12600000000000477 4.474936771387742
3.831000000000003 4.4030091359958226
4.118000000000009 4.243945604662457
4.950000000000003 3.429378585858585
5.46599999999998 3.247862422246616
0.12400000000002365 3.6627414773742073
4.168999999999983 4.077620532501799
4.978999999999985 3.609569793131151
0.125 3.9152395643083793
3.717000000000013 4.220909335485608
0.2680000000000007 4.611919554568109
3.445999999999998 5.00292977365061
2.2869999999999777 5.014982072584171
