0.567 2.565093474426808
0.4770000000000001 2.6093081761006287
0.11799999999999988 2.590695467360659
0.43500000000000005 2.5720827586206894
0.4780000000000002 2.6013723849372385
0.12699999999999978 2.57002589320087
3.141 2.5386794014645018
2.524 2.5390110935023773
2.84 2.5507464788732395
3.2509999999999994 2.609626576438019
2.5440000000000023 2.681864779874214
2.632999999999999 2.776720091150778
2.4369999999999976 3.085167008617152
1.980999999999998 3.7049086320040385
0.12400000000000233 3.564221118248775
5.163 3.423533604493512
5.658999999999999 3.2166474642162926
5.277999999999999 3.0396347101174688
0.11899999999999977 2.9552845107773074
5.998000000000005 2.870934311437146
0.10699999999999932 2.9003993374204287
6.251999999999995 2.929864363403711
2.3829999999999956 2.973441879983214
0.1180000000000021 2.988367462226498
2.6310000000000002 3.0032930444697827
2.336999999999996 3.162190842961061
2.2549999999999955 3.163118403547672
2.4140000000000015 3.165637116818558
2.882000000000005 2.687095072866065
0.12099999999999511 2.658699539006621
6.216999999999999 2.630304005147177
6.534999999999997 2.677019127773527
6.072999999999993 2.7732336571710854
0.12100000000000932 2.7335878715993185
7.11399999999999 2.6939420860275516
0.09100000000000819 2.5996715799819707
2.4209999999999923 2.50540107393639
3.1089999999999947 2.5031791572853006
3.1700000000000017 2.462614511041009
2.8760000000000048 2.429566063977747
0.12399999999999523 2.4283278508064194
3.146000000000001 2.427089637635092
2.695999999999998 2.6262967359050444
0.10000000000000853 2.6718478430181385
3.0479999999999876 2.717398950131233
3.0220000000000056 2.7162303110522834
0.26600000000000534 2.662803476189583
2.8939999999999912 2.6093766413268833
0.11400000000000432 2.5931761686528363
2.2630000000000052 2.5769756959787893
2.9080000000000013 2.5820825309491062
0.09099999999999397 2.6055656777711174
2.7650000000000006 2.6290488245931285
2.7750000000000057 2.6827445045045053
0.12399999999999523 2.6847994822992014
2.5560000000000116 2.686854460093897
6.284999999999997 2.7806790771678602
0.11699999999999022 2.8348106073381847
5.876000000000005 2.888942137508509
0.12100000000000932 2.9308086441058956
5.97199999999998 2.972675150703282
0.132000000000005 2.9368153910513
5.860000000000014 2.9009556313993174
5.693000000000012 3.156867732302828
0.10599999999999454 3.2103373402516846
4.806999999999988 3.263806948200541
5.608000000000004 3.0741968616262487
0.09600000000000364 2.7955210772910704
4.556999999999988 2.516845292955892
