0.313 4.646670926517572
0.26500000000000007 4.696754716981133
0.238 4.701075630252101
0.663 4.613634992458522
1.736 4.593313364055301
1.823 3.515339550191992
3.206999999999999 3.4634312441534143
0.09700000000000131 2.854761840049001
8.156999999999998 2.246092435944588
5.642999999999997 2.9140088605351755
4.006 4.331904143784324
4.771000000000001 3.644555858310626
5.745999999999999 2.9271869126348764
0.23900000000000432 3.261980920704903
2.1059999999999945 3.5967749287749293
0.10500000000000398 3.593890279458924
2.3089999999999975 3.5910056301429187
1.1680000000000064 3.609246575342466
1.639000000000003 4.5060158633312986
3.817999999999998 4.797672079622839
3.9680000000000035 4.152241935483871
4.467999999999996 3.976232766338406
4.397000000000006 3.9240009097111668
0.1039999999999992 4.172537436703322
3.6910000000000025 4.421073963695476
0.10499999999998977 4.8399166254599395
3.311000000000007 5.258759287224403
3.3799999999999955 5.258002366863905
0.12199999999999989 4.582250108420008
4.186000000000007 3.906497849976111
0.3089999999999975 3.885468938241866
4.527000000000001 3.864440026507621
4.170000000000002 4.038812470023981
0.12600000000000477 4.2693127858455195
4.259 4.4998131016670575
3.5 4.507538285714286
0.09999999999999432 4.27231666058764
4.230000000000004 4.037095035460993
4.409000000000006 3.926767974597414
4.25800000000001 3.970301550023485
3.5500000000000114 4.840229859154929
3.640999999999991 4.814224663553969
0.25200000000000955 4.740541923613719
3.9200000000000017 4.66685918367347
4.056999999999988 4.550726152329307
4.2039999999999935 4.079824928639391
0.09700000000000841 4.0703524431668665
3.7819999999999965 4.0608799576943415
0.11899999999999977 3.992941235415597
4.3770000000000095 3.9250025131368522
0.12299999999999045 3.9260347279279846
4.347000000000008 3.927066942719117
3.8249999999999886 4.488616993464052
3.7539999999999907 4.49332125732552
3.884999999999991 4.498473101673102
0.3060000000000116 4.500022018882161
3.7709999999999866 4.5015709360912215
3.7820000000000107 4.694028556319409
0.11699999999999022 4.721260088215571
3.5800000000000125 4.748491620111732
0.12000000000000455 4.652649461171485
3.9439999999999884 4.556807302231237
3.5560000000000116 4.412013498312711
3.6149999999999807 4.769044536652837
2.1650000000000205 5.2975815242494235
