2.71 0.5366819188191881
0.1120000000000001 0.5398592840169238
2.292 0.5430366492146597
0.2010000000000005 0.5402157309473874
2.082 0.5373948126801152
0.13400000000000034 0.5400758437036544
2.2910000000000004 0.5427568747271934
0.20199999999999996 0.5393161422816295
2.4399999999999995 0.5358754098360656
0.15700000000000003 0.5352160117963396
1.8900000000000006 0.5345566137566137
0.129999999999999 0.4172734145104008
4.088000000000001 0.4000097847358121
0.39699999999999847 0.4074765054033641
4.879000000000001 0.41494322607091616
1.448999999999998 0.8320772946859903
0.1509999999999998 0.8375689503732981
1.3200000000000003 0.8430606060606058
1.3210000000000015 0.8589856169568509
0.23999999999999844 0.8718384175435814
1.4120000000000026 0.8846912181303118
0.11999999999999744 0.8932460298225191
1.426000000000002 0.9018008415147264
15.018000000000004 0.5521129311492875
0.14699999999999847 0.4787351920580012
2.763999999999996 0.4053574529667148
0.23799999999999955 0.4299911043551481
8.217000000000006 0.565339661677011
0.857999999999997 0.5522838904940159
7.141000000000005 0.5392281193110209
0.10199999999998965 0.529650668159553
1.3410000000000082 0.8985294556301268
1.2489999999999952 1.0593050440352278
0.1280000000000001 0.8932163929853558
1.5499999999999972 0.7271277419354839
0.14200000000001012 0.6705922721594003
5.034999999999997 0.6140568023833167
0.09199999999999875 0.3958990192403702
7.102999999999994 0.5222587639025763
0.592000000000013 0.3737260510316647
2.7620000000000005 0.4748066618392469
0.19199999999999307 0.46654024311271547
2.403000000000006 0.458273824386184
0.21399999999999864 0.4549991669064433
2.5989999999999895 0.4517245094267026
0.18700000000001182 0.4532448248758329
2.7079999999999984 0.4547651403249632
0.21399999999999864 0.4536979667410197
3.2150000000000034 0.4526307931570762
0.1869999999999976 0.45455974976128966
1.9479999999999933 0.45648870636550315
0.13400000000000034 0.45530274194845743
2.706000000000003 0.45411677753141166
0.347999999999999 0.35764239752802784
4.564999999999998 0.43883198247535593
0.28300000000000125 0.49582994843749606
1.7240000000000038 0.7304918793503481
0.1910000000000025 0.5549333832162762
3.320999999999998 0.37937488708220424
0.09199999999999875 0.8581241450509743
0.8610000000000042 1.3368734030197444
0.14399999999999125 1.290413349344147
2.655000000000001 1.2439532956685497
0.12699999999999534 1.663922319324501
3.939000000000007 2.083891342980452
7.078000000000003 1.066902514834699
0.17900000000000205 1.017088344828197
6.028999999999996 0.9672741748216953
0.10699999999999932 0.739295786763929
14.685000000000002 0.5113173987061628
0.3789999999999907 0.42779951080892864
3.352000000000004 0.35571837708830545
0.21100000000001273 0.5856239265488865
1.4509999999999934 0.8269662301860785
0.10299999999998022 1.6674492167879547
0.4720000000000084 2.5079322033898306
0.2300000000000182 1.9226704495210023
2.299999999999983 1.3374086956521742
0.12700000000000955 1.2791932731747335
2.437999999999988 1.2209778506972928
3.5049999999999955 1.000356062767475
0.13000000000002387 0.9751755817888628
5.306999999999988 0.9499951008102505
7.9339999999999975 0.990233425762541
0.10200000000000387 0.8430155111102395
1.5809999999999889 0.6957975964579379
0.28000000000000114 0.7067503133804841
1.3199999999999932 0.7177030303030303
0.11700000000001864 0.7224790455158876
1.2349999999999852 0.727255060728745
