0.317 4.588037854889589
0.26800000000000007 4.644179104477612
0.6170000000000001 4.548615883306321
2.6919999999999997 4.5179227340267465
0.11000000000000032 4.538547416184328
1.7489999999999997 4.55917209834191
1.3929999999999998 4.600476669059583
0.1120000000000001 3.960838680883457
5.197000000000001 3.3212006927073308
0.10299999999999976 3.9774157231872516
3.953999999999999 4.633630753667172
3.567 4.609966918979535
0.13000000000000256 4.608967527466401
3.7659999999999982 4.607968135953266
0.13200000000000145 4.6385941646468805
3.724 4.669220193340494
3.7540000000000013 4.480451784762919
3.8900000000000006 4.543882776349615
0.10799999999999699 4.577286879562852
3.9480000000000004 4.610690982776089
0.240000000000002 4.569414359578843
3.5429999999999993 4.5281377363815976
3.7890000000000015 4.544698865135921
0.10800000000000409 4.545557672826089
4.028999999999996 4.546416480516256
3.6090000000000018 4.565280133000831
3.8030000000000044 4.671524585853273
0.0969999999999942 4.642424325012199
3.740000000000002 4.613324064171123
3.578000000000003 4.560699832308552
0.11699999999999022 4.543968220886466
3.8460000000000036 4.527236609464379
3.9140000000000015 4.540635666836995
0.277000000000001 4.549743537349359
3.5870000000000033 4.558851407861723
0.12299999999999045 4.649287529994259
3.6910000000000025 4.739723652126795
0.10900000000000887 5.134446199011526
3.0459999999999923 5.529168745896257
3.468999999999994 5.524561545113865
0.13400000000000034 5.527157043149292
2.8530000000000086 5.529752541184719
3.0919999999999987 5.5229340232859
0.10800000000000409 5.461579301100217
3.205999999999989 5.400224578914535
0.09600000000000364 5.089250785782875
3.5379999999999967 4.778276992651215
3.695999999999998 4.649030303030303
0.2920000000000016 4.593882318785996
3.8619999999999948 4.538734334541688
4.111000000000004 4.450033568474823
0.09300000000000352 4.454224222054364
4.140999999999991 4.458414875633905
3.9439999999999884 4.348778904665314
3.451999999999998 4.449086906141368
3.817999999999998 4.499668936616029
3.679000000000002 4.640108725197065
0.12100000000000932 4.187463542498467
4.597000000000008 3.7348183597998696
0.10499999999998977 4.022228801770144
3.9139999999999873 4.309639243740419
0.27700000000001523 4.002236958022429
4.72999999999999 3.69483467230444
4.489000000000004 3.781560258409445
0.10900000000000887 4.195741957301321
3.850999999999999 4.609923656193197
3.7239999999999895 4.5648764769065515
3.8640000000000043 4.651151138716356
3.359000000000009 4.670771062816314
3.740000000000009 4.609651336898396
2.4989999999999952 4.589541416566627
