2.425 0.5997558762886597
0.17600000000000016 0.6018284476057564
2.061 0.6039010189228531
0.13999999999999968 0.6025566352002767
1.8610000000000007 0.6012122514777003
0.13999999999999968 0.6021230995506832
2.0620000000000003 0.6030339476236662
0.14000000000000057 0.5972058023961841
2.2109999999999985 0.591377657168702
0.1880000000000006 0.5796438595005962
1.779 0.5679100618324903
0.13100000000000023 0.5580632115152617
2.237 0.5482163611980331
0.15199999999999925 0.549403509181756
2.5260000000000016 0.550590657165479
0.19599999999999795 0.5505647349754335
2.1900000000000013 0.5505388127853881
0.19699999999999918 0.5232284081752252
2.2439999999999998 0.4959180035650624
0.18299999999999983 0.48201840772312526
2.4239999999999995 0.46811881188118815
0.20900000000000318 0.5271205782772815
12.521999999999995 0.5861223446733749
0.09800000000000608 0.5781982011615212
2.2549999999999955 0.5702740576496674
0.16199999999999903 0.5470467156420223
2.746000000000002 0.5238193736343772
0.16199999999999903 0.5262815603424364
2.1189999999999998 0.5287437470504955
0.1840000000000046 0.5732786295274812
1.7909999999999968 0.6178135120044668
1.017000000000003 1.128881022615536
6.8260000000000005 1.03804746557281
6.487000000000002 1.2180767689224605
0.3269999999999982 1.013528805917169
9.134999999999998 0.8089808429118774
0.12000000000000455 0.8981120131514404
7.224999999999994 0.9872431833910034
0.09900000000000375 1.6168386735460354
0.5619999999999976 2.2464341637010676
0.8979999999999961 1.4603741648106907
0.15699999999999648 1.0817937235292279
1.5660000000000025 0.703213282247765
0.1389999999999958 0.794291757975051
3.2520000000000095 0.885370233702337
0.1039999999999992 1.0106731497606674
2.6739999999999924 1.1359760658189977
0.12600000000000477 1.1163215808811664
3.1059999999999945 1.0966670959433353
0.10999999999999943 0.8636905200003668
9.617000000000004 0.6307139440573984
0.23199999999999932 1.4139430815713305
3.5420000000000016 2.1971722190852625
4.11699999999999 1.8961593393247511
3.4669999999999987 2.015411595038939
0.1290000000000049 2.0177089721226436
3.779999999999987 2.0200063492063487
0.12199999999999989 2.0186208384208384
3.510000000000005 2.017235327635328
0.09000000000000341 1.994410570268509
4.200999999999993 1.97158581290169
0.10099999999999909 1.9716742420261513
4.162999999999997 1.9717626711506124
3.7809999999999775 1.9972324781803759
0.12400000000002365 1.955573245982213
3.046999999999997 1.91391401378405
0.24399999999999977 1.7639965597725067
4.651999999999987 1.6140791057609631
4.0020000000000095 1.8164217891054475
0.09800000000001319 1.8844259483161645
3.812999999999988 1.9524301075268813
3.1910000000000025 2.152178000626763
0.10900000000000887 2.1468698830503885
3.8290000000000077 2.1415617654740142
3.312999999999988 2.140066405070933
0.09300000000001774 2.0964859107003813
2.4739999999999895 2.05290541632983
0.12399999999999523 2.0314241517069638
3.8170000000000073 2.0099428870840974
3.9070000000000107 2.0108809828512926
0.2839999999999918 1.9435884304431505
3.5420000000000016 1.8762958780350085
3.7079999999999984 1.8260409924487595
0.09000000000000341 1.827295305384685
2.6200000000000045 1.8285496183206107
