0.433 3.358909930715936
0.369 3.3730081300813013
0.33100000000000007 3.3802296072507554
0.925 3.306854054054054
2.4189999999999996 3.2964001653575856
1.7619999999999996 3.6370397275822928
3.0349999999999993 2.3868599670510706
3.898999999999999 2.1759158758656065
0.09100000000000108 2.5980650649801693
2.2590000000000003 3.020214254094732
2.3619999999999983 3.095302286198137
4.306999999999999 1.7456586951474344
0.10500000000000043 1.521646886470464
5.656000000000002 1.2976350777934935
0.2469999999999999 1.2453530563010624
6.348999999999997 1.1930710348086313
5.143000000000001 1.6122169939723894
2.686 2.447151154132539
0.10299999999999443 2.7558079422114976
2.4100000000000037 3.064464730290456
0.09100000000000108 2.89714447245197
2.8329999999999984 2.729824214613484
2.6370000000000005 2.687035267349261
3.026999999999994 2.610394449950446
2.8329999999999984 2.608556300741264
2.548000000000002 2.7993846153846147
0.23399999999999466 4.820394187728118
1.1170000000000044 6.84140376007162
0.09299999999999642 6.655512218586956
2.747 6.469620677102293
4.570999999999998 3.577466637497265
0.1319999999999908 3.114261429068378
6.599000000000004 2.651056220639491
0.10099999999999909 2.9907296131870584
5.057000000000002 3.330403005734625
6.1440000000000055 3.119255208333333
5.8019999999999925 2.7191285763529818
0.09499999999999886 3.478813729725262
4.029000000000011 4.2384988830975425
4.260000000000005 4.064112676056338
0.2289999999999992 3.85063895420717
4.647999999999996 3.637165232358003
4.757999999999996 3.6113526691887348
0.132000000000005 5.562339857954847
2.3329999999999984 7.51332704672096
2.4380000000000024 7.503727645611158
4.5589999999999975 4.049637201140601
4.206999999999994 4.076915616829094
0.0940000000000083 4.185863848683003
3.5759999999999934 4.2948120805369125
0.12600000000000477 4.30946695141872
3.9729999999999848 4.324121822300529
0.12600000000000477 4.345606575002912
3.9090000000000202 4.367091327705295
0.28299999999998704 4.367891719832292
3.930000000000007 4.368692111959287
3.602000000000004 4.682933925596891
0.09799999999998477 4.710207542901454
3.6890000000000214 4.737481160206018
0.10999999999998522 4.724475245659489
3.6030000000000086 4.71146933111296
0.09899999999998954 4.6781857382932674
3.8220000000000027 4.644902145473574
3.6580000000000155 4.647238928376162
3.917999999999978 4.587046452271567
3.453000000000003 4.543620040544453
3.848000000000013 4.480274428274428
0.24600000000000932 4.410701937831385
2.641999999999996 4.341129447388343
