0.39499999999999996 3.6820455696202536
0.10500000000000004 3.6876696690831237
0.33699999999999997 3.693293768545994
0.30099999999999993 3.717129568106313
0.09899999999999998 3.67260590005903
1.3619999999999999 3.6280822320117467
2.266 3.5189726390114737
0.1280000000000001 3.2567909924029332
2.1399999999999997 2.9946093457943928
2.5440000000000005 2.8475314465408808
2.763 3.0705378212088315
1.8989999999999991 3.592766719325961
0.10100000000000087 3.7232774302825677
4.502999999999998 3.8537881412391743
0.09700000000000131 3.664321728493288
5.004000000000001 3.474855315747402
0.09499999999999886 3.396494140414636
5.068999999999999 3.3181329650818703
0.13599999999999923 3.2395121191646834
5.592000000000002 3.1608912732474965
0.10199999999999676 3.4640350405972584
4.832000000000001 3.7671788079470203
4.216999999999999 3.8044088214370397
4.756999999999998 3.6198999369350426
8.200000000000003 2.2338429268292685
0.11299999999999955 2.2252420180639003
4.903999999999996 2.216641109298532
0.09100000000000108 1.9923733628837703
4.469000000000001 1.7681056164690088
0.1460000000000008 1.4702847612727403
6.302999999999997 1.1724639060764717
0.11400000000000432 1.0423806694737625
3.388999999999996 0.9122974328710532
0.09600000000000364 1.0817661594484107
1.0090000000000003 1.251234886025768
0.938999999999993 1.3966091586794462
2.1799999999999926 1.261651376146789
0.1280000000000001 1.1494179070935675
2.7759999999999962 1.037184438040346
0.12100000000000932 1.0780029004198046
2.7150000000000034 1.1188213627992634
2.8730000000000047 1.1856066829098504
0.11899999999999977 1.324124296362087
4.146999999999991 1.4626419098143235
4.474000000000004 1.739468931604828
0.1319999999999908 1.7514250011536676
4.427000000000007 1.7633810707025073
3.823999999999998 1.8272573221757324
4.147999999999996 1.8407965284474448
3.918999999999997 1.806709874968104
5.432999999999993 1.5245043254187374
6.733999999999995 1.218955746955747
0.257000000000005 0.8987865854539674
13.050999999999988 0.5786174239521876
0.10500000000001819 0.6285097429039288
1.5519999999999925 0.6784020618556701
0.14400000000000546 0.6808291301013888
1.4519999999999982 0.6832561983471075
0.14300000000000068 0.7004688951934542
1.608000000000004 0.717681592039801
1.4690000000000225 0.8168332198774676
0.13299999999998136 0.8456402733363928
3.1610000000000014 0.874447326795318
0.1150000000000091 1.1640762153825361
2.1159999999999854 1.4537051039697544
3.3499999999999943 0.8885802985074628
12.350999999999999 0.6308619544976116
0.32800000000000296 0.7102891332771747
1.6920000000000073 0.7897163120567378
0.11599999999998545 0.81914973985872
1.5090000000000146 0.8485831676607023
0.10099999999999909 0.850339608617338
1.2909999999999968 0.8520960495739737
0.10200000000000387 0.7958247617112647
1.281000000000006 0.7395534738485557
0.3100000000000023 0.7047950615316076
3.055999999999983 0.6700366492146597
