0.376 3.8681063829787234
0.125 3.8356741688433544
0.839 3.8032419547079854
0.736 3.813173913043479
0.8029999999999999 3.8092652552926536
0.09699999999999998 3.8122154781677633
0.863 3.8151657010428734
1.0940000000000003 3.804862888482633
0.1070000000000002 3.8027777191626178
1.9059999999999997 3.8006925498426023
0.09199999999999964 3.799328032798581
4.824 3.7979635157545597
4.247 3.871851189074641
4.495000000000001 3.860646941045606
0.1039999999999992 3.8584866996201637
4.509 3.8563264581947214
0.09100000000000108 3.8508445276798935
4.373999999999999 3.8453625971650656
0.129999999999999 3.835222307022265
4.620999999999999 3.825082016879464
4.749000000000002 3.833019161928827
4.1839999999999975 3.8344149139579353
0.30400000000000205 3.837352862866568
4.484000000000002 3.840290811775201
0.12599999999999767 3.839013203918189
4.772999999999996 3.837735596061177
0.1280000000000001 3.836030469661959
4.297000000000004 3.8343253432627415
0.1039999999999992 3.8332334222784805
4.636000000000003 3.832141501294219
4.503999999999991 3.8307797513321487
0.09500000000001307 3.8406121503239317
4.2379999999999995 3.8504445493157147
4.528000000000006 3.845351590106007
4.670000000000002 3.8055777301927196
0.13000000000000966 3.807354436957529
4.292999999999992 3.809131143722338
0.10600000000000875 3.816169616565799
1.8789999999999907 3.82320808940926
0.11700000000000443 3.819839958343387
1.899000000000001 3.8164718272775136
0.10200000000000387 3.819641151099919
2.253 3.822810474922325
1.5800000000000125 3.838972151898734
0.12099999999999511 3.8382198037600177
2.0279999999999916 3.8374674556213013
2.034000000000006 3.837998033431662
4.425000000000011 3.8204619209039543
4.507000000000005 3.812473041934768
0.09899999999998954 3.820674266707882
4.578000000000003 3.828875491480996
0.11899999999999977 3.8284456971947773
4.778999999999996 3.8280159029085588
0.12199999999999989 3.8331655398118682
4.810000000000002 3.8383151767151773
0.09100000000000819 3.834251826856919
4.477999999999994 3.8301884769986603
0.11899999999999977 3.8229511329092682
4.0249999999999915 3.815713788819876
4.515999999999991 3.8041930912311783
0.27700000000001523 3.799291477822746
4.498999999999995 3.794389864414314
0.11400000000000432 3.797677553415924
4.516999999999996 3.800965242417534
4.427999999999997 3.8093785004516714
4.563999999999993 3.8292217353198947
4.438999999999993 3.8241549898625817
4.646000000000015 3.821096857511838
4.444999999999993 3.824431946006749
4.700000000000017 3.82384
0.09799999999998477 3.82709578125
4.096000000000004 3.8303515625
0.29699999999999704 3.833299501766244
4.494 3.8362474410324876
0.11299999999999955 3.8405615347971693
2.983000000000004 3.8448756285618506
