0.993 1.4646606243705942
0.10699999999999998 1.469676283749278
0.8440000000000001 1.4746919431279621
0.7610000000000001 1.4702444152431011
0.14100000000000001 1.2624572373077254
1.1789999999999998 1.0546700593723495
0.1479999999999997 0.9354299110844269
1.6020000000000003 0.8161897627965043
0.10299999999999976 0.8214794967828676
1.2220000000000004 0.8267692307692308
0.18900000000000006 0.8254679487179486
1.4880000000000004 0.8241666666666665
0.11799999999999855 0.8781802457605391
9.100999999999999 0.9321938248544117
0.16600000000000037 0.99351373370117
6.468 1.0548336425479283
0.13300000000000267 1.1225897291215707
6.1419999999999995 1.1903458156952134
0.13700000000000045 1.406060742187555
4.635999999999999 1.6217756686798965
4.587000000000003 1.6000488336603447
0.14300000000000068 1.318846882583597
7.299999999999997 1.0376449315068494
0.8160000000000025 1.7627549019607844
0.6290000000000049 1.7812527821939583
1.6700000000000017 1.7543185628742515
0.12300000000000466 1.8065372595440157
1.5529999999999973 1.8587559562137799
3.4399999999999977 2.0598
5.079000000000001 1.5557519196692264
0.125 1.5526757082095346
4.7690000000000055 1.5495994967498428
0.12899999999999068 1.6350062124366675
4.146000000000001 1.7204129281234926
4.9979999999999905 1.5289811924769905
0.1039999999999992 1.53063701491677
5.054000000000002 1.5322928373565494
3.296999999999997 2.121140430694571
0.10599999999999454 1.824642540384512
4.701000000000008 1.5281446500744527
0.2879999999999967 1.3837269078005643
5.847999999999999 1.2393091655266757
4.170999999999992 2.0649225605370414
0.10699999999999932 2.10034437886007
2.8400000000000034 2.1357661971830986
3.4299999999999926 2.2689166180758016
3.3100000000000023 2.3584555891238668
2.963000000000008 2.3582288221397234
0.13799999999999102 2.232885319157082
3.6230000000000047 2.107541816174441
3.049999999999997 2.3214740983606563
3.5720000000000027 2.3187659574468085
0.3229999999999933 2.4581880420145437
3.160000000000011 2.5976101265822784
2.7960000000000065 2.70083547925608
0.10899999999998045 2.4072673228103523
2.7590000000000146 2.1136991663646247
3.7120000000000175 2.022816810344828
4.050999999999988 1.7944507529005185
3.944999999999993 1.88710164765526
3.640000000000015 1.8867032967032966
4.50800000000001 1.818997338065661
0.09600000000000364 1.6371300319228141
4.871999999999986 1.4552627257799673
0.3130000000000166 1.6246813283516461
4.342999999999989 1.7940999309233248
3.716000000000008 2.064572658772874
4.319999999999993 1.818637037037037
3.5880000000000223 1.8522408026755848
0.11099999999999 2.0210363133688407
3.0919999999999845 2.189831824062096
0.10500000000001819 2.276662335316692
2.026999999999987 2.363492846571288
