0.567 2.565093474426808
0.4780000000000001 2.603849372384937
0.127 2.5764460304249845
1.101 2.549042688465032
0.09399999999999986 2.5479767980210255
1.201 2.5469109075770193
0.1030000000000002 2.5442564270245196
2.055 2.5416019464720194
2.5220000000000002 2.541024583663759
2.8520000000000003 2.5400140252454415
3.2409999999999997 2.6176784942918854
2.4400000000000013 2.796173770491803
2.1060000000000016 3.471559354226021
0.09099999999999753 3.6154176771130104
2.0 3.759276
0.10100000000000264 3.933816798241329
4.093999999999998 4.108357596482658
0.10300000000000153 3.9792173519333356
4.591000000000001 3.8500771073840134
0.10899999999999821 3.8020243239539164
4.848999999999997 3.753971540523819
4.0959999999999965 3.916794921875
0.10099999999999909 3.9560614980604702
4.310000000000002 3.9953280742459403
0.0940000000000012 4.077781229946045
4.402999999999999 4.160234385646151
0.09199999999999875 3.875681273032317
4.588000000000001 3.5911281604184833
0.11599999999999966 3.631633530395269
4.838000000000001 3.672138900372055
0.25099999999999767 3.8197245433108833
4.349000000000004 3.967310186249712
4.202000000000005 3.883432651118515
0.09900000000000375 3.8998530776960094
4.445999999999998 3.9162735042735037
4.576999999999998 3.8829032117107283
0.12300000000000466 3.8648343393298408
4.250999999999991 3.8467654669489533
4.3629999999999995 4.0096997478799
4.109000000000009 4.098770503772207
0.09099999999999397 4.0696998207243915
4.743000000000009 4.040629137676576
3.9029999999999916 4.042117345631565
0.29000000000000625 4.036271323276014
4.236999999999995 4.030425300920463
4.325000000000003 4.003033526011561
4.421999999999997 3.82305382180009
4.1980000000000075 4.09309575988566
0.10200000000000387 4.154870227789835
4.1569999999999965 4.21664469569401
4.591000000000008 3.9847719451099985
0.11199999999999477 4.005722504725119
4.584999999999994 4.0266730643402395
0.1150000000000091 4.01562278012716
4.282999999999987 4.004572495914079
0.11600000000001387 4.019392630935763
3.806999999999988 4.034212765957447
0.2849999999999966 4.071115947780253
4.182000000000016 4.10801912960306
0.12700000000000955 4.1217130531736235
4.127999999999986 4.135406976744186
4.27000000000001 4.020833723653396
4.313999999999993 3.9100435790449697
4.544000000000011 3.846075704225352
4.246000000000009 3.997980216674517
4.474000000000018 3.9679964237818512
0.125 3.9574832362698436
4.306999999999988 3.9469700487578363
0.09399999999999409 3.9432403948304744
4.562000000000012 3.939510740903113
0.228999999999985 3.9622775954960066
3.937000000000012 3.9850444500889
1.725999999999999 3.922920046349942
0.7940000000000111 3.944080604534005
