0.45899999999999996 3.168644880174292
0.391 3.1832225063938617
0.11099999999999999 3.159486113532126
0.895 3.135749720670391
0.10199999999999987 3.1345990201322786
1.577 3.1334483195941663
0.1280000000000001 3.130865391652713
2.5490000000000004 3.12828246371126
2.0520000000000005 3.1230331384015595
1.9170000000000016 3.7788836724047994
2.446999999999999 3.467060073559461
1.8019999999999996 3.7861620421753606
0.09999999999999964 3.334889595364849
6.018000000000001 2.8836171485543374
5.455000000000002 3.187566636113657
14.280999999999999 1.177761781387858
0.3090000000000046 1.5983169248090672
3.7519999999999953 2.0188720682302765
4.042000000000002 2.0513686293913898
2.419000000000004 2.7172583712277802
0.929000000000002 3.1536189451022607
0.9179999999999993 3.144496732026144
1.4810000000000016 3.1410830519918966
0.125 3.0995012783179297
2.583999999999996 3.057919504643963
0.1180000000000021 2.885926333298845
2.722999999999999 2.7139331619537272
2.6329999999999956 2.709013292821876
0.25500000000000256 2.7084839674598395
2.8220000000000027 2.707954642097803
0.09099999999999397 2.8324439113505435
2.6189999999999998 2.956933180603284
1.9620000000000033 3.5644240570846084
4.997 3.5009645787472476
0.10699999999999932 3.143521826180902
6.045000000000002 2.7860790736145566
13.805000000000007 1.38824367982615
0.09600000000000364 2.565058298889016
1.6209999999999951 3.741872917951882
2.7620000000000005 2.8176625633598844
3.2930000000000064 2.370631035529912
0.29699999999999704 2.226661568435597
3.355000000000004 2.082692101341282
3.192999999999998 2.391363607892265
0.10000000000000853 2.543834126870733
2.6259999999999906 2.6963046458492004
2.8229999999999933 2.933982288345731
1.8490000000000038 4.439398593834505
1.695999999999998 4.452556603773585
0.10200000000000387 4.539964351901856
3.3190000000000026 4.627372100030128
3.644999999999996 4.713233470507546
3.760000000000005 4.540148936170212
5.579000000000008 3.077426062018283
0.1220000000000141 2.846507107610165
6.448999999999984 2.6155881532020473
9.096000000000004 1.9213465259454705
0.11199999999999477 1.8848101974299862
5.812999999999988 1.848273868914502
4.293999999999983 1.8145728924080116
0.10200000000000387 2.009261740659622
3.4809999999999945 2.2039505889112325
0.11700000000001864 2.2359983891438384
3.4639999999999986 2.2680461893764443
0.13599999999999568 2.3199331589280505
2.8019999999999925 2.3718201284796567
0.09399999999999409 3.0698722233939746
1.7970000000000255 3.767924318308292
0.09999999999999432 3.7686199089574504
1.2709999999999866 3.7693154996066087
