3.7239999999999998 0.39054994629430717
0.1850000000000005 0.4550078612940651
2.396 0.5194657762938231
0.125 0.8697961378742832
0.9169999999999998 1.2201264994547434
0.8299999999999992 1.4981397590361443
0.8369999999999997 1.5621696535244927
0.6319999999999997 1.5985949367088608
5.064 1.4305134281200633
0.1429999999999989 1.7845655116400674
3.9670000000000005 2.1386175951600714
0.10000000000000142 2.7212855530279776
2.0649999999999977 3.3039535108958837
2.4529999999999994 2.9804745209947003
2.5649999999999977 2.9312093567251463
2.544999999999998 2.883860117878193
2.2349999999999994 3.3891758389261746
1.3439999999999976 6.169369047619048
2.6809999999999974 5.984032823573293
0.11699999999999733 5.631480544220736
3.2620000000000005 5.278928264868179
4.1270000000000024 4.438456990550038
3.5220000000000056 4.678051107325383
4.097000000000001 4.336296802538443
0.11500000000000199 3.339328960595857
7.366 2.342361118653272
0.13400000000000034 2.7191016369210206
5.271000000000001 3.095842155188769
0.11999999999999744 3.662537545896546
4.116999999999997 4.2292329366043235
0.2740000000000009 4.2693264586028405
4.123999999999995 4.3094199806013584
4.039999999999992 4.047673267326733
3.3089999999999975 5.286890299184043
3.0720000000000027 5.482372395833333
4.927999999999997 3.8889415584415583
3.8930000000000007 4.052500385306961
0.09999999999999432 4.1308733131858935
4.057000000000002 4.209246241064826
5.204000000000008 3.326887009992314
0.09300000000000352 2.83581132746495
7.209999999999994 2.3447356449375865
0.29399999999999693 1.955612238550478
10.969000000000008 1.5664888321633694
0.1460000000000008 1.499169188579157
4.944999999999993 1.4318495449949444
1.7630000000000052 1.8733386273397614
0.11199999999999477 2.466080181162731
1.0490000000000066 3.0588217349857003
0.9540000000000077 3.062146750524109
1.9240000000000066 3.031027027027027
2.6310000000000002 2.853932345115925
3.356000000000023 2.166066746126341
2.1619999999999777 3.4433931544865866
0.22800000000000864 3.7487331770071655
1.6940000000000168 4.054073199527744
0.10599999999999454 5.4863731001597555
2.525999999999982 6.918673000791767
3.6200000000000045 4.68934364640884
4.408999999999992 4.026494896801996
4.526999999999987 3.75515794124144
4.913000000000011 3.658059841237533
0.09100000000000819 3.954350971824402
3.6910000000000025 4.250642102411271
0.103999999999985 3.7350405656780907
5.355000000000018 3.2194390289449113
3.867999999999995 2.965166494312306
