1.7970000000000002 0.8093533667223151
0.11499999999999999 0.8124879546586674
1.5259999999999998 0.8156225425950197
0.16500000000000004 0.8114389769252155
1.3860000000000001 0.8072554112554112
0.11899999999999977 0.8107842216722374
1.5270000000000001 0.8143130320890636
0.1639999999999997 0.8089807323936407
1.6269999999999998 0.8036484326982177
1.2409999999999997 0.8141112006446414
0.1750000000000007 0.8131350705209963
1.5099999999999998 0.8121589403973511
2.516 1.3900222575516694
0.1349999999999998 1.5730888636535696
3.884999999999998 1.7561554697554698
0.11600000000000321 1.634607536202238
4.831999999999997 1.5130596026490064
0.0920000000000023 1.248774923754777
7.6370000000000005 0.9844902448605474
0.16499999999999915 0.9257610113847924
8.464999999999996 0.8670317779090374
0.13700000000000045 0.8739158889545187
1.4600000000000009 0.8807999999999999
0.13800000000000523 0.878939024390244
1.6399999999999935 0.8770780487804879
0.16800000000000637 0.8813880362479515
1.2649999999999935 0.8856980237154151
0.12400000000000233 0.8850968136163007
1.2509999999999977 0.8844956035171863
0.15200000000000102 0.8784291254213311
3.3090000000000046 0.872362647325476
0.0969999999999942 0.8252924347738491
3.834000000000003 0.7782222222222223
0.17099999999999937 1.597140895176636
1.3430000000000035 2.4160595681310495
0.09999999999999432 2.5146139424813665
2.828000000000003 2.613168316831683
3.2079999999999984 2.2234513715710724
0.09100000000000108 1.9343142756671292
4.645000000000003 1.6451771797631862
3.9720000000000084 1.9496998992950654
0.12599999999999056 1.624070150167399
5.38600000000001 1.2984404010397328
0.10799999999998988 1.402239907018818
4.77000000000001 1.5060394129979033
0.14000000000000057 1.3943896180033764
5.6499999999999915 1.2827398230088496
0.15399999999999636 1.1706062393893948
8.137 1.0584726557699398
0.2580000000000098 0.8865814439448261
8.486999999999995 0.7146902321197125
0.13100000000000023 0.8450854018457676
7.977999999999994 0.9754805715718227
0.12199999999999989 0.9953549879405375
3.156000000000006 1.0152294043092522
0.13800000000000523 1.0290382829406521
2.7479999999999905 1.0428471615720523
0.15000000000000568 1.0424756899671674
1.2090000000000032 1.0421042183622826
0.09299999999998931 1.0421285445457062
2.839000000000013 1.04215287072913
2.9920000000000044 1.1038422459893047
0.10899999999999466 1.1024880413199782
2.9140000000000015 1.101133836650652
2.957000000000008 0.987922894825837
0.15099999999998204 0.9294500876299412
2.9490000000000123 0.8709772804340454
0.33199999999999363 0.8707158445504564
3.3230000000000075 0.8704544086668673
0.09600000000000364 0.960618936047802
6.918000000000006 1.0507834634287367
6.564999999999998 1.1339856816450875
0.132000000000005 1.146474601828833
2.384999999999991 1.1589635220125782
0.1150000000000091 1.153798415225856
2.6779999999999973 1.1486333084391338
0.12399999999999523 1.1634840133686444
6.016999999999996 1.1783347182981552
6.210000000000008 1.2547143317230274
0.10800000000000409 1.1707511052554531
2.9369999999999834 1.0867878787878789
2.890000000000015 1.0901148788927337
0.10999999999998522 1.249318643031514
0.7810000000000059 1.4085224071702944
0.10499999999998977 1.5112186141473278
0.5870000000000175 1.6139148211243612
0.11199999999999477 1.6162981220246313
1.2650000000000148 1.6186814229249011
