0.597 2.436194304857621
0.10999999999999999 2.4479785753537118
0.506 2.4597628458498026
0.45500000000000007 2.459024175824176
0.5049999999999999 2.462289108910891
0.0950000000000002 2.431906042420435
1.371 2.401522975929978
0.1339999999999999 2.4049072978109116
2.661 2.408291619691845
1.7529999999999992 4.132413006274957
4.164999999999999 2.036949819927971
1.7640000000000011 3.8677233560090705
2.852000000000002 2.5635007012622726
4.170000000000002 1.803010071942446
0.125 1.4817884009301099
6.323999999999998 1.1605667299177735
2.5 3.0299232000000003
0.29299999999999926 2.6720411422830033
3.5829999999999984 2.314159084566006
0.12400000000000233 2.9758532002796825
1.8070000000000022 3.6375473159933587
0.09099999999999397 3.636037437524238
2.0320000000000036 3.6345275590551176
2.3190000000000026 3.3348822768434667
0.1389999999999958 2.0143209228337087
23.748999999999995 0.6937595688239505
0.16500000000000625 0.6679532061416408
5.052999999999997 0.642146843459331
0.14799999999999613 0.6687131502922812
1.6210000000000093 0.6952794571252314
0.17099999999999227 0.702355139136294
1.7780000000000058 0.7094308211473566
0.12000000000000455 0.7113526987092714
1.769999999999996 0.7132745762711863
0.1280000000000001 0.7279328713745512
1.7660000000000053 0.7425911664779162
0.125 0.7522374114938057
3.6099999999999994 0.7618836565096953
0.09299999999998931 0.6939690080765479
4.599000000000004 0.6260543596434007
0.13599999999999568 0.6620796558010056
6.765000000000001 0.6981049519586106
0.09900000000000375 0.7094308811303702
2.0190000000000055 0.7207568103021298
0.2530000000000001 0.7254194560541848
1.2179999999999893 0.7300821018062398
0.11800000000000921 0.6755109852133776
1.9789999999999992 0.6209398686205153
0.13799999999999102 0.6174297695316788
1.9420000000000073 0.6139196704428425
0.16899999999999693 0.6712802013541443
3.933000000000007 0.7286407322654463
0.12599999999999056 0.7304964466266632
4.373000000000005 0.7323521609878803
0.13100000000000023 0.7195769405034957
4.185999999999993 0.7068017200191113
0.12300000000000466 0.5747908586688933
7.459000000000003 0.4427799973186754
0.24899999999999523 0.3670666842807837
4.924000000000007 0.40864662875710794
0.2920000000000016 0.41352296218837126
4.543000000000006 0.4183992956196346
0.375 0.3901797932133944
2.11099999999999 0.4987588820464235
0.14500000000001023 0.6399652677948653
1.2699999999999818 0.7811716535433072
0.30000000000001137 0.7184255148132481
4.6159999999999854 0.6556793760831889
0.19599999999999795 0.5094457310398512
8.605000000000018 0.36321208599651367
0.15000000000000568 0.42811666357301736
2.400999999999982 0.493021241149521
0.19900000000001228 0.49063882570296563
2.651999999999987 0.48825641025641026
0.15000000000000568 0.4909790338574869
2.3530000000000086 0.4937016574585636
0.15000000000000568 0.5330833868688167
2.407999999999987 0.5724651162790698
0.15500000000000114 0.599159958607919
2.134999999999991 0.6258548009367682
0.17500000000001137 0.6415081263757683
4.793999999999983 0.6571614518147685
0.09900000000001796 0.6670643079969365
6.365000000000009 0.6769671641791044
0.1349999999999909 0.6525976404449899
1.5080000000000098 0.6282281167108754
0.09799999999998477 0.6494615853780384
3.0529999999999973 0.6706950540452015
