0.484 3.00497520661157
0.11699999999999999 3.0129730401989887
0.4119999999999999 3.020970873786408
0.3700000000000001 3.023935135135135
1.029 2.972633624878523
1.112 2.960870503597123
2.167 2.9572976465159204
2.447000000000001 2.9604086636697997
3.366999999999999 2.519719631719632
0.14400000000000013 2.1345603286803287
3.9000000000000004 1.7494010256410255
1.368000000000002 5.344374269005848
2.222999999999999 7.821941520467835
6.260999999999999 2.686410477559495
9.469999999999999 1.8664946145723333
0.3190000000000026 1.921051929635464
4.197000000000003 1.9756092446985944
0.117999999999995 1.9128043408970035
3.5530000000000044 1.8499994370954125
3.9150000000000063 1.88642656449553
3.8389999999999986 2.014480854389164
3.6480000000000032 1.9423552631578949
4.064999999999998 1.9438287822878229
0.13800000000000523 1.9397038096876518
3.817999999999998 1.9355788370874805
3.7749999999999986 1.8894919205298013
0.1290000000000049 1.8964082267655233
4.015000000000001 1.9033245330012452
0.2669999999999959 1.9776569670835586
3.774000000000001 2.051989401165872
3.306999999999988 2.114726338070759
3.0039999999999907 2.391414114513981
0.10500000000000398 2.1536081939210137
3.7830000000000013 1.9158022733280466
0.11499999999999488 1.9492445989108007
4.344000000000008 1.9826869244935545
3.1979999999999933 1.8966779237023141
0.09700000000000841 1.945569100241726
3.902000000000001 1.994460276781138
0.09999999999999432 1.9660174305226117
4.028999999999996 1.9375745842640855
3.4549999999999983 2.022411577424023
0.23099999999999454 2.0447228433952818
3.6940000000000026 2.06703410936654
0.10699999999999932 2.5680848917010417
2.307000000000002 3.0691356740355435
0.09999999999999432 2.538766673099246
4.124000000000009 2.0083976721629484
2.8799999999999955 2.850155555555556
0.12000000000000455 2.3450992202729046
4.103999999999999 1.8400428849902533
0.10800000000000409 1.7708670800790194
3.4269999999999925 1.7016912751677853
4.271000000000001 1.7580650901428234
0.12299999999999045 1.8052965613812997
3.9240000000000066 1.852528032619776
4.306999999999988 1.7284922219642445
0.27299999999999613 2.0016425998857326
3.0190000000000055 2.274792977807221
4.421999999999997 1.8543735866123925
3.5190000000000055 2.0147882921284452
4.388000000000005 1.7757010027347313
0.11299999999999955 1.7753970076144734
4.322000000000003 1.7750930124942155
4.097000000000008 1.917625579692458
0.09300000000001774 1.9057834367541797
3.508999999999986 1.8939412938159015
0.10300000000000864 1.8385903466709215
3.796999999999997 1.7832393995259415
0.09199999999998454 1.9227862946833323
2.3230000000000075 2.062333189840723
