0.474 3.0683713080168773
0.134 3.0493423491651335
1.053 3.03031339031339
0.9269999999999998 3.027503775620281
1.0099999999999998 3.028554455445545
1.0849999999999995 3.0345511520737327
0.11500000000000021 3.0378674614783936
0.8380000000000001 3.041183770883055
2.3969999999999994 3.0221610346266172
0.10100000000000087 3.0179892206880865
2.8149999999999995 3.0138174067495562
1.7489999999999988 3.9008942252715837
4.862000000000002 3.5692324146441794
4.756999999999998 3.655281900357368
4.2379999999999995 3.968762623879188
4.530000000000001 3.901921412803532
4.867000000000004 3.740087939182248
0.13299999999999557 3.723890976755441
4.326999999999998 3.7076940143286334
4.899000000000001 3.5149753010818534
0.1039999999999992 3.4448045260015014
5.427999999999997 3.3746337509211495
0.25800000000000267 3.3007222808659806
5.106000000000002 3.2268108108108113
0.10999999999999943 3.174548463401891
5.689999999999998 3.1222861159929707
0.10900000000000176 3.0807689167246872
5.677 3.0392517174564033
0.12699999999999534 3.023808060330901
2.3710000000000093 3.0083644032053987
0.12199999999999989 3.009075466667686
2.5390000000000015 3.009786530129973
2.3840000000000003 3.2484093959731544
0.11599999999999966 3.2505767910098324
2.1500000000000057 3.252744186046511
2.2109999999999985 3.2491216644052465
2.225999999999999 3.255831087151842
2.5930000000000035 3.3215549556498267
0.10699999999999932 3.323490197123159
1.823999999999998 3.3254254385964916
4.8089999999999975 3.551031815346226
4.38600000000001 3.947359781121751
0.11299999999999955 3.9997517985186897
4.171999999999997 4.0521438159156284
0.12699999999999534 4.045204222881434
4.2549999999999955 4.038264629847239
4.439999999999998 3.947881081081081
4.790999999999997 3.8184278856188687
0.11400000000000432 3.740064398977622
5.042000000000002 3.661700912336375
5.034000000000006 3.407148192292412
0.2539999999999907 3.691954210076812
3.8619999999999948 3.976760227861212
4.043999999999983 4.248203758654798
4.820999999999998 3.5409583074051025
4.807000000000016 3.571657998751821
0.09299999999998931 3.6451685055487495
4.536000000000001 3.7186790123456785
5.472000000000008 3.193817251461988
0.13300000000000978 3.1251246862279336
5.554000000000002 3.056432120993879
6.063000000000017 2.9280580570674584
0.1379999999999768 2.9034196476706895
2.6650000000000205 2.8787812382739206
0.13599999999999568 2.564965404237247
3.4899999999999807 2.2511495702005733
0.11000000000001364 2.251606638709233
2.9509999999999934 2.2520637072178924
3.009999999999991 2.2494883720930234
0.09600000000000364 2.270868587960387
2.0900000000000034 2.2922488038277504
