0.864 1.6833425925925924
0.1369999999999999 1.6906753890657367
0.7330000000000001 1.698008185538881
0.661 1.6926717095310135
0.13599999999999968 1.6968529546287079
0.7310000000000003 1.7010341997264022
0.7749999999999999 1.6871432258064514
0.1299999999999999 1.54733440666558
4.553 1.407525587524709
5.860999999999999 1.2359870329295346
0.12899999999999956 1.2576117311812933
6.632 1.279236429433052
5.538 1.2319725532683279
5.9780000000000015 1.2230016728002675
0.13000000000000256 1.2192079169044985
6.186 1.2154141610087295
0.2889999999999944 1.0995118049138135
1.2700000000000031 0.9836094488188976
0.18299999999999983 0.8592241529808773
1.75 0.734838857142857
0.14999999999999858 1.0809154603174602
1.0080000000000027 1.4269920634920636
1.7929999999999993 1.503888455103179
0.11700000000000443 1.361285325721307
2.4039999999999964 1.2186821963394345
0.09700000000000131 1.2160876853343177
6.3729999999999976 1.213493174329201
0.12400000000000233 1.2138158126615162
5.8359999999999985 1.2141384509938313
6.506000000000007 1.2145195204426684
0.09999999999999432 1.2003259552693382
3.9579999999999984 1.1861323900960081
0.3190000000000026 1.1989105754514622
1.0409999999999968 1.2116887608069165
1.0409999999999968 1.2127723342939483
0.2289999999999992 1.2093163997051137
2.665999999999997 1.2058604651162792
2.2379999999999995 1.2289544235924932
2.3430000000000035 1.2288621425522834
2.5579999999999927 1.1874902267396406
0.14000000000000057 1.1965441055310746
7.1440000000000055 1.2055979843225086
4.986000000000004 1.216521460088247
0.11699999999999022 1.207366503716179
6.4950000000000045 1.1982115473441106
0.1039999999999992 1.2125340307834809
6.3629999999999995 1.226856514222851
0.1389999999999958 1.220186853846403
5.75800000000001 1.213517193469955
0.14300000000000068 1.2360812740576548
1.0009999999999906 1.2586453546453547
0.09600000000000364 1.2576239873663453
0.9159999999999968 1.2566026200873361
2.6940000000000026 1.2259450631031925
0.10800000000000409 1.2253060866635943
4.509 1.2246671102239963
2.4780000000000086 1.1788894269572237
0.13100000000000023 1.193172436250889
3.231999999999985 1.2074554455445545
6.070999999999998 1.236813704496788
0.12400000000002365 1.091546659590232
7.681999999999988 0.9462796146836759
0.11599999999998545 1.0952872250252743
5.983000000000004 1.2442948353668728
0.11899999999999977 1.2176729119602314
5.7660000000000196 1.19105098855359
0.13899999999998158 1.2000334307847316
1.070999999999998 1.209015873015873
0.1290000000000191 1.2441995664638839
0.907999999999987 1.2793832599118946
1.0759999999999934 1.2811301115241636
0.12600000000000477 1.26765660782495
2.5449999999999875 1.2541831041257367
0.24200000000001864 1.239255491598477
6.417000000000002 1.224327879071217
0.09699999999997999 1.216770926435172
5.496000000000009 1.2092139737991268
0.10900000000000887 1.2058287947489683
5.631 1.20244361569881
3.891999999999996 1.2309352517985612
