0.38 3.8273894736842093
0.12 3.8463655442955207
0.32199999999999995 3.865341614906832
0.741 3.7874439946018894
0.8069999999999997 3.7903841387856265
0.0950000000000002 4.142606871458217
1.162 4.494829604130809
1.1019999999999994 5.815303085299456
0.09700000000000042 5.391145067829584
3.4750000000000005 4.966987050359712
0.12199999999999989 5.053832470185467
3.564 5.140677890011223
3.0869999999999997 5.326774214447683
0.11400000000000077 4.858379265078636
3.9529999999999976 4.389984315709588
4.102 4.238950755728912
0.09299999999999997 4.798611408447444
3.1389999999999993 5.358272061165976
3.5060000000000002 5.041558471192242
0.09299999999999997 4.90524452247063
3.817 4.768930573749017
0.27600000000000335 4.913341705537813
3.171999999999997 5.057752837326609
3.2830000000000013 5.24516113310996
0.11499999999999488 5.085936134064394
3.7180000000000035 4.926711135018827
4.060000000000002 4.0581517241379315
3.439 5.165980808374527
3.3049999999999997 5.220524054462935
0.09199999999999875 5.142568669068836
3.2220000000000013 5.064613283674737
3.461999999999996 5.029391103408434
3.8119999999999976 4.662132214060861
0.2810000000000059 5.002186655870679
3.060999999999993 5.342241097680497
3.117999999999995 5.610750481077614
3.2240000000000038 5.223898263027295
3.6539999999999964 5.244856048166392
2.902000000000001 5.436383184011027
0.09900000000000375 5.427952302890946
3.1509999999999962 5.419521421770866
3.2369999999999948 5.348507877664504
3.183000000000007 5.311198240653472
0.11700000000000443 5.300737051361219
3.2479999999999905 5.290275862068967
0.2469999999999999 5.322894118018901
3.2730000000000103 5.355512373968836
3.402000000000001 5.377450911228689
0.09600000000000364 5.406966916156158
3.396000000000001 5.436482921083628
0.10200000000000387 5.400691257226205
3.1970000000000027 5.364899593368783
0.10599999999999454 5.220164271238258
3.0259999999999962 5.075428949107733
3.9129999999999967 4.3904257602862256
0.09199999999999875 4.605003958629844
3.5420000000000016 4.819582156973461
4.560999999999993 3.7642973032229774
5.647000000000006 2.987060031875332
0.2330000000000041 4.071194912692828
3.3899999999999864 5.155329793510325
0.1220000000000141 5.271321513702164
3.150999999999982 5.387313233894003
3.3359999999999843 5.32158752997602
3.2249999999999943 5.2711937984496124
3.4140000000000157 5.264220269478616
3.413000000000011 4.5968707881629065
3.522999999999996 4.893583877377235
2.4209999999999923 4.737407682775713
