0.953 1.5261364113326337
0.8089999999999999 1.5384919653893694
0.7290000000000001 1.5347818930041153
0.8079999999999998 1.538930693069307
0.8550000000000004 1.5292818713450291
1.681 1.5160690065437241
0.11000000000000032 1.5135610163945186
1.867 1.511053026245313
0.14400000000000013 0.9905505033714237
18.049 0.4700479804975345
0.3049999999999997 0.40308643797667354
3.5869999999999997 0.3638751045441873
0.13599999999999923 0.4215567529670863
2.1949999999999967 0.50698861047836
0.19300000000000495 0.5064412512935714
2.242999999999995 0.5058938921087829
0.3240000000000052 0.5041907111388645
2.485999999999997 0.5024875301689461
0.1460000000000008 0.5018220971187677
2.5660000000000025 0.5011566640685893
0.14399999999999835 0.6014095515464897
2.049999999999997 0.7016624390243902
0.10600000000000165 0.7521234831225102
1.3960000000000008 0.8025845272206302
0.1039999999999992 0.7917123062542384
3.7520000000000024 0.7808400852878464
0.14300000000000068 0.7481916932730868
10.808 0.7155433012583272
0.0969999999999942 0.7255762904338035
1.6380000000000052 0.7356092796092796
0.16499999999999915 0.6901906047169205
2.0519999999999996 0.6447719298245614
0.18500000000000227 0.5478857648322487
2.4989999999999952 0.450999599839936
0.3440000000000083 0.4511470271113812
2.7949999999999875 0.4512944543828265
0.15900000000000603 0.5105734829805119
5.614000000000004 0.5698525115781972
0.11299999999999955 0.9700965797180432
0.9569999999999936 1.3703406478578892
0.3269999999999982 1.3350758059705325
2.1159999999999997 1.2998109640831759
0.2950000000000017 1.1049801051253332
7.893000000000001 0.9101492461674903
0.12699999999999534 0.879648729703546
8.53500000000001 0.8491482132396018
1.9850000000000136 0.7331022670025189
0.11699999999999022 0.6683977051237985
1.472999999999999 0.6036931432450781
0.14700000000000557 0.5905777746300578
2.128 0.5774624060150376
0.33799999999999386 0.7785553607725146
1.2169999999999987 0.9796483155299918
2.810999999999993 1.0194749199573105
3.418999999999997 0.9366996197718632
0.11400000000000432 0.9956216348351759
4.433000000000007 1.0545436498984886
0.31099999999999284 0.9949000995653237
8.855999999999995 0.9352565492321588
4.060999999999993 0.7901265698103915
0.13599999999999568 0.7926120729723181
1.6089999999999947 0.7950975761342447
0.09100000000000819 0.7927740132923475
1.3319999999999936 0.7904504504504505
0.17199999999999704 0.7867358803159907
1.2670000000000243 0.783021310181531
0.13899999999998158 0.8501428317469168
7.925000000000011 0.9172643533123026
0.132000000000005 1.1479484729524476
5.399999999999977 1.3786325925925926
0.10300000000000864 1.5819079261377311
3.8470000000000084 1.7851832596828696
4.442000000000007 1.8460243133723548
0.24800000000001887 1.8741846815050667
3.7269999999999754 1.9023450496377787
3.819999999999993 2.039731937172775
3.563999999999993 2.1526240179573515
3.3829999999999814 2.3223505764114694
0.12600000000000477 2.3312175417268612
2.8400000000000034 2.340084507042253
2.8400000000000034 2.3841408450704225
2.044000000000011 2.3438356164383567
