0.474 3.0683713080168773
0.128 3.078404016291317
0.403 3.088436724565757
0.10000000000000009 3.0530871794871794
0.9299999999999997 3.0177376344086024
1.0110000000000001 3.0255588526211676
1.0889999999999995 3.023404958677686
0.11500000000000021 3.0551668338667817
2.0760000000000005 3.086928709055877
0.12099999999999955 3.175022913086497
2.2199999999999998 3.2631171171171167
2.497 3.39763556267521
0.1070000000000011 3.4873485622816993
4.596999999999998 3.577061561888188
0.10200000000000031 3.6171512235152217
4.745000000000001 3.6572408851422553
4.735999999999997 3.671489864864865
4.898 3.433976316864026
0.09799999999999898 3.5651378865792314
4.782 3.696299456294437
0.12000000000000455 3.601811385179974
5.189999999999998 3.5073233140655105
0.11200000000000188 3.433928938138746
4.773999999999994 3.3605345622119813
0.12400000000000233 3.380155138953967
5.064999999999998 3.3997757156959527
0.3260000000000005 3.218752866139851
6.030000000000001 3.0377300165837484
2.3260000000000005 3.046307824591573
2.732999999999997 2.891205268935236
2.615000000000002 2.826019120458891
2.4710000000000036 2.8866175637393767
0.12399999999999523 3.2533154137976847
2.111000000000004 3.620013263855993
0.09099999999999397 3.614342139849711
2.146000000000001 3.6086710158434294
1.960000000000008 3.5680612244897962
2.0660000000000025 3.4771577928363993
0.2259999999999991 3.5054534243242
4.766000000000005 3.533749055812001
5.320999999999998 3.6017109565871084
4.257999999999996 3.7051160169093467
0.14100000000000534 3.7979797446132517
4.388999999999996 3.890843472317157
0.10800000000000409 3.725874224846361
4.861999999999995 3.560904977375565
5.048000000000002 3.348958795562599
4.795000000000002 3.583486131386861
0.10800000000000409 3.602922234943276
4.838999999999999 3.6223583384996902
5.221000000000004 3.5039433058801
0.26600000000000534 3.4910726325934034
5.307999999999993 3.4782019593067073
0.1039999999999992 4.128566568953994
3.589000000000013 4.778931178601281
0.10899999999998045 5.817645946443498
2.240000000000009 6.856360714285715
3.8000000000000114 4.520983157894737
0.10200000000000387 4.409945117098967
3.9710000000000036 4.298907076303198
0.1349999999999909 4.196301416072439
4.194000000000017 4.093695755841678
0.10299999999998022 4.055891231898924
4.1980000000000075 4.0180867079561695
0.09999999999999432 4.003629978036519
4.381 3.9891732481168685
0.11899999999999977 3.997822876123575
4.236999999999995 4.006472504130281
0.25499999999999545 4.226228488478865
3.9930000000000234 4.4459844728274485
0.117999999999995 4.445743282438828
3.823999999999984 4.445502092050209
4.234000000000009 4.244697213037317
3.724000000000018 4.212975295381311
4.070999999999998 4.23485531810366
0.13300000000000978 4.243727992755946
2.6970000000000027 4.252600667408231
