0.40399999999999997 3.600019801980198
0.09800000000000003 3.6090796684319595
0.344 3.618139534883721
0.31000000000000005 3.6092129032258065
0.09499999999999997 3.5768196613463914
0.863 3.544426419466976
0.3639999999999999 3.5921318681318684
1.8129999999999997 3.5347291781577495
4.8919999999999995 3.528266557645135
0.11400000000000077 3.694731382089164
4.744999999999999 3.861196206533193
4.024000000000001 4.086419483101392
4.274999999999999 4.05932350877193
0.12199999999999989 3.965122128384184
4.492000000000001 3.870920747996438
0.11200000000000188 3.7483096949725674
4.638999999999996 3.6256986419486963
4.383000000000003 4.032786675792837
0.11699999999999733 4.026886821439604
4.527000000000001 4.02098696708637
0.2629999999999981 4.011889691128015
4.008000000000003 4.002792415169661
0.10199999999999676 3.998596857086106
4.311 3.9944012990025515
0.09000000000000341 3.9947483048993124
4.585000000000001 3.995095310796074
0.11399999999999721 3.995618962698546
4.1229999999999976 3.9961426146010184
4.434999999999995 4.0058191657271704
4.249000000000002 4.060680630736644
4.271000000000001 3.820693982673847
4.649000000000001 3.7452682297268227
4.506 3.944085219707057
0.28300000000000125 3.9479488447496136
4.138000000000005 3.95181246979217
4.432000000000002 3.9472743682310467
4.253 3.9599924758993654
4.834000000000003 3.9645643359536615
4.2250000000000085 3.7340553846153854
4.579999999999998 3.728583406113537
0.11899999999999977 3.8148460067971923
4.438000000000002 3.901108607480847
1.7849999999999966 3.914527731092437
0.11700000000000443 3.9395130867300194
1.926000000000002 3.9644984423676015
1.7609999999999957 4.020724588302101
2.0630000000000024 4.014848279205041
1.375 4.016017454545454
0.11999999999999034 3.9178559705706535
1.9770000000000039 3.819694486595852
1.5600000000000023 3.738266666666667
4.603999999999999 3.7314804517810605
0.09499999999999886 3.2184311926100233
6.310000000000002 2.705381933438986
0.09499999999999886 2.7185589062580773
6.284999999999997 2.731735879077168
0.1150000000000091 2.867107526580236
5.617999999999995 3.002479174083304
5.22999999999999 3.3416
4.825999999999993 3.517493576460837
5.581999999999994 3.180368326764601
0.12400000000002365 3.1691921514930197
5.382999999999981 3.158015976221438
0.11299999999999955 3.264231497334228
2.3310000000000173 3.370447018447018
1.9699999999999989 3.3735228426395945
2.0109999999999957 3.366961710591745
0.09299999999998931 3.3208014294585517
1.4629999999999939 3.2746411483253586
