0.471 3.0879150743099792
0.401 3.103840399002493
0.09499999999999986 3.110215464125202
0.359 3.116590529247911
1.0020000000000002 3.0527345309381237
0.10099999999999998 3.0134974407767827
2.681 2.9742603506154417
0.1120000000000001 2.464626209474896
3.2779999999999996 1.9549920683343505
0.14700000000000024 1.813613301018514
4.332000000000001 1.6722345337026776
2.894 2.9315466482377333
0.1039999999999992 2.934276122224764
2.3230000000000004 2.9370055962117947
2.532 2.8874818325434446
2.8850000000000016 2.606083882149047
0.11700000000000088 2.704765394092094
2.6179999999999986 2.8034469060351412
0.2710000000000008 2.7490745736152227
2.811 2.694702241195304
0.09499999999999886 2.7959241464536966
2.862000000000002 2.897146051712089
2.264000000000003 2.9032897526501764
2.5479999999999947 2.898492935635793
2.664999999999999 2.901910694183865
5.692999999999998 2.8940973124890212
0.1039999999999992 2.893304598934188
6.142000000000003 2.8925118853793546
5.967000000000006 2.891542148483325
5.6200000000000045 2.9035914590747334
5.978999999999999 2.9121511958521493
0.12400000000000944 2.8976630886185544
2.685999999999993 2.8831749813849594
0.10999999999999943 2.8871021661782175
2.419000000000011 2.8910293509714755
2.492999999999995 2.881591656638588
0.10599999999999454 2.8833674843702495
2.5120000000000005 2.8851433121019108
2.986000000000004 2.8843911587407898
0.10999999999999943 2.8877570665009955
2.097999999999999 2.8911229742612012
0.10200000000000387 2.8894175168152016
2.694999999999993 2.887712059369202
0.10600000000000875 2.8889667294254373
2.7009999999999934 2.890221399481673
0.10200000000000387 2.8870711228046373
5.861999999999995 2.883920846127601
5.962999999999994 2.881572362904578
6.117999999999995 2.8650853220006542
6.498000000000005 2.815341335795629
0.10699999999999932 2.5963325272848863
7.765999999999991 2.377323718774144
0.13400000000000034 2.5347467078719204
2.805000000000007 2.692169696969697
0.09000000000000341 2.7726249659016786
2.0439999999999827 2.8530802348336604
2.634999999999991 2.8495999999999997
2.6180000000000234 2.776669213139801
2.7139999999999986 2.743042004421518
0.09000000000000341 2.741752446743879
2.5060000000000002 2.740462889066241
0.09000000000000341 2.760068732668714
2.9499999999999886 2.779674576271187
2.507000000000005 2.828097327483048
0.28600000000000136 2.829191417101495
2.7530000000000143 2.830285506719942
2.716000000000008 2.8247245949926367
6.358000000000004 2.826682604592639
5.64500000000001 2.7792949512843226
6.138999999999982 2.8082906010750928
4.039999999999992 2.838926732673267
