2.09 0.695888995215311
0.1200000000000001 0.6987449485659418
1.774 0.7016009019165728
0.12300000000000022 0.7006616141853033
1.5989999999999993 0.6997223264540338
0.10400000000000009 0.7019155233629173
1.766 0.7041087202718007
0.1459999999999999 0.7012894028709431
1.8720000000000008 0.6984700854700855
0.12299999999999933 0.7681040311264191
1.2059999999999995 0.8377379767827529
1.658999999999999 0.739216395418927
0.18400000000000105 0.6136067942006915
2.8499999999999996 0.48799719298245614
0.23900000000000077 0.39762754654219645
3.9239999999999995 0.39274209989806314
0.277000000000001 0.500092212815601
1.605999999999998 0.6929265255292653
0.17800000000000082 0.7810618478153862
3.2510000000000012 0.8691971701015072
0.15399999999999991 0.748678694602277
11.684000000000001 0.6281602191030469
0.10799999999999699 0.5182668354962678
3.149000000000001 0.4083734518894887
0.25800000000000267 0.358027153752231
4.674999999999997 0.3923191443850267
0.24099999999999966 0.3987762520136131
3.801000000000002 0.4052333596421995
0.28300000000000125 0.3944995034850036
3.4989999999999952 0.3837656473278078
0.19000000000000483 0.3852990811652678
3.665999999999997 0.3868325150027277
0.23499999999999943 0.3856618715364516
3.8190000000000026 0.38449122807017544
0.28300000000000125 0.38745621238428074
7.062999999999995 0.459403652838737
0.18099999999999739 0.42066217884227597
2.9510000000000076 0.381920704845815
0.3579999999999899 0.3516440898031968
4.007000000000005 0.3852088844522086
0.23799999999999955 0.3895003917774018
4.123000000000005 0.3937918991025951
0.2779999999999916 0.37631634497273353
3.8440000000000083 0.35884079084287196
0.24200000000000443 0.4499383057454843
1.9709999999999894 0.5587174023338407
0.132000000000005 0.7361804910501889
1.2849999999999966 0.9136435797665371
0.11899999999999977 0.623448229817443
9.115000000000009 0.36674712013165106
0.20599999999998886 0.360463864248335
4.207999999999998 0.35418060836501897
0.1039999999999992 0.46199942273556593
1.538000000000011 0.5781794538361509
0.14799999999999613 0.4524558529483865
3.7609999999999957 0.3732677479393778
0.3710000000000093 0.3726030512672363
2.8489999999999895 0.41847385047385044
0.09100000000000819 0.674635299220665
1.3529999999999944 0.9307967479674795
0.25500000000000966 0.6121719061365822
4.291999999999987 0.40645293569431495
0.24500000000000455 0.388649973709325
3.497 0.3708470117243351
0.242999999999995 0.3611761711073701
3.7520000000000095 0.3515053304904051
0.21999999999999886 0.37989825288245344
4.917999999999992 0.40829117527450176
0.1769999999999925 0.42252223243195325
2.312000000000012 0.5533356401384083
0.2510000000000048 0.4131219413755805
3.858000000000004 0.42709175738724725
0.28000000000000114 0.3709822140973503
2.5759999999999934 0.3851273291925466
0.2580000000000098 0.4929363871366168
1.9209999999999923 0.6007454450806871
0.11899999999999977 0.48459056999996863
8.483000000000004 0.3684356949192502
0.11400000000000432 0.5044949037366814
1.8479999999999848 0.6405541125541125
0.1529999999999916 0.6997776424435276
1.7060000000000173 0.7590011723329427
3.344999999999999 0.352711509715994
0.3259999999999934 0.3881190922025618
4.98599999999999 0.4235266746891295
0.27800000000002 0.40856452973163193
4.36099999999999 0.3936023847741343
0.19900000000001228 0.6257124607494642
1.3549999999999898 0.9450273062730628
0.14099999999999113 0.7298920787925081
5.14500000000001 0.5147568513119534
0.4519999999999982 0.3912688774888837
9.384000000000015 0.4322190963341858
0.2769999999999868 0.381302963804953
2.430000000000007 0.3696131687242798
