0.896 1.6232232142857141
0.09799999999999986 1.6304537124060148
0.76 1.6376842105263156
0.685 1.6333664233576641
0.11299999999999999 1.634746369573569
0.7599999999999998 1.6361263157894737
0.13600000000000012 1.6301973193854202
0.8050000000000002 1.6242683229813666
0.10499999999999954 1.6186253007311895
1.58 1.6129822784810126
0.1200000000000001 1.6074774284930495
4.521999999999999 1.6019725785050865
5.304 1.5995279034690801
3.4369999999999976 1.985063718359034
3.5139999999999993 2.080564598747866
4.3160000000000025 1.7420185356811861
4.231999999999999 1.7342684310018905
4.838000000000001 1.5656899545266643
5.535000000000004 1.498036495031617
0.2530000000000001 1.668840245836547
3.5730000000000004 1.8396439966414773
0.1280000000000001 1.840689828744679
4.009999999999998 1.8417356608478805
0.09700000000000131 1.8174122310731402
4.312999999999995 1.7930888012983999
4.408999999999999 1.6071018371512815
5.467000000000006 1.44533821108469
0.13400000000000034 1.3973121583084578
5.47699999999999 1.3492861055322256
0.15100000000001046 1.4888932810766151
4.3799999999999955 1.6285004566210046
0.09399999999999409 1.878574462293789
3.5900000000000034 2.1286484679665736
0.10099999999999909 2.1219871676079793
3.6610000000000014 2.115325867249385
0.23199999999999932 2.108354039393923
3.328000000000003 2.1013822115384615
4.475999999999999 1.6049615728328863
0.13900000000001 1.5382655579900473
4.924999999999997 1.4715695431472082
4.2890000000000015 2.008111914199114
0.10500000000000398 1.8409179880046342
3.6239999999999952 1.6737240618101543
3.7930000000000064 2.051775375692064
0.1110000000000042 1.870197443416008
4.6229999999999905 1.6886195111399525
3.8329999999999984 1.8229668666840602
3.88600000000001 1.964905815748842
0.11899999999999977 1.8779347480681254
1.652000000000001 1.7909636803874092
1.6099999999999994 2.05136397515528
0.0940000000000083 2.067573308332357
2.6499999999999915 2.083782641509434
3.834000000000003 1.969623369848722
3.1159999999999854 1.8715327342747115
0.09499999999999886 1.8876801602408038
3.944000000000017 1.9038275862068963
5.567000000000007 1.3057876773845876
0.15500000000000114 1.6996621176574234
3.5560000000000116 2.093536557930259
0.11699999999999022 2.131697188917736
3.164999999999992 2.169857819905213
4.122000000000014 1.9893352741387673
3.224000000000018 2.199143920595533
0.25499999999999545 2.1982431390907724
3.5459999999999923 2.1973423575860123
3.5270000000000152 2.17520612418486
3.468999999999994 2.264777169213029
0.13800000000000523 2.191655400035268
3.1370000000000005 2.118533630857507
3.1210000000000093 2.1694841396988145
2.1069999999999993 2.273754152823921
