0.322 4.516795031055901
0.2740000000000001 4.542481751824816
0.127 4.4920403699035525
1.581 4.44159898798229
0.11499999999999977 4.438924271174745
1.6829999999999998 4.436249554367201
0.12100000000000044 4.44177006441171
1.7930000000000001 4.447290574456218
0.10599999999999987 4.447262219913744
1.4409999999999998 4.4472338653712695
1.63 4.444245398773006
5.031000000000001 3.641696680580401
5.907 2.783773827662096
0.0990000000000002 3.329538544023098
4.477999999999998 3.8753032603841
0.1130000000000031 4.418841127908944
3.503999999999998 4.96237899543379
0.09700000000000131 4.995332397567418
3.344999999999999 5.028285799701046
4.234999999999999 4.173719952774498
4.060000000000002 4.483499507389162
3.469999999999999 4.623398270893372
0.3189999999999955 4.624331958438896
3.723000000000006 4.625265645984421
0.09099999999999397 4.701458070775205
3.834000000000003 4.777650495565989
3.245999999999995 5.075815157116451
4.401000000000003 4.036766189502385
0.10199999999999676 4.01304575371073
4.324999999999996 3.9893253179190746
3.7690000000000055 4.329579198726453
0.12999999999999545 4.443814730253279
3.8200000000000074 4.558050261780105
3.763999999999996 4.721585547290117
3.3499999999999943 4.881373134328358
0.23900000000000432 4.454768998663143
4.3430000000000035 4.028164862997928
3.9579999999999984 4.255140980293078
4.1299999999999955 4.6403641646489096
3.181999999999988 4.958008799497172
0.11900000000001398 4.843572663387468
3.61099999999999 4.729136527277762
3.403000000000006 5.087605054363797
0.0969999999999942 4.712292008967429
3.8980000000000103 4.336978963571062
0.10699999999999932 3.7888983840865498
5.3019999999999925 3.240817804602037
0.10099999999999909 3.039957979074585
6.174000000000007 2.839098153547133
0.3149999999999977 2.8456550948590045
6.4140000000000015 2.852212036170876
0.09900000000000375 3.3597356787473567
4.774000000000001 3.8672593213238375
0.117999999999995 3.7660638486961067
4.680000000000007 3.664868376068376
0.12299999999999045 3.384085834831521
4.949000000000012 3.1033032935946663
3.167999999999978 2.370169191919192
0.13500000000001933 2.3556675267164398
3.1049999999999898 2.341165861513688
0.09499999999999886 2.341856687836769
3.1779999999999973 2.342547514159849
0.125 3.2766079079076373
1.6310000000000002 4.210668301655426
1.7620000000000005 4.653825198637912
1.5250000000000057 4.649206557377049
2.5439999999999827 3.0628050314465414
2.636999999999972 2.9093485020857037
0.24900000000002365 3.150812420300192
2.3160000000000025 3.392276338514681
1.3810000000000002 4.812338884866039
0.11800000000002342 4.769769113395455
3.6469999999999914 4.72719934192487
2.5589999999999975 4.481932004689333
