1.833 0.7934577195853793
1.5529999999999997 0.8014423696072117
0.15300000000000002 0.7994581769632638
1.403 0.7974739843193158
0.09299999999999997 0.7993349303039878
1.5520000000000005 0.8011958762886598
0.16699999999999982 0.6327598699625118
2.8160000000000007 0.46432386363636363
0.2129999999999992 0.46788568356806515
2.1430000000000007 0.4714475034997667
0.14599999999999902 0.4869240794844184
2.4410000000000007 0.5024006554690701
0.16999999999999993 0.5009833737115466
2.7840000000000007 0.4995660919540229
0.21899999999999764 0.5115459639101421
2.303000000000001 0.5235258358662613
0.18200000000000216 0.5277380613365723
2.0919999999999987 0.5319502868068834
0.2270000000000003 0.5892886445476064
4.370000000000001 0.6466270022883295
4.2669999999999995 0.7595669088352472
0.1269999999999989 0.7072689386303805
4.719000000000001 0.6549709684255138
0.13000000000000256 0.6588856440848593
12.509999999999998 0.6628003197442047
0.12899999999999778 0.7902076946796373
1.2210000000000036 0.9176150696150697
1.1389999999999958 0.9714697102721684
1.176000000000002 0.9762517006802721
0.125 1.0521530715121588
2.645000000000003 1.1280544423440455
0.16099999999999426 1.118410568960401
4.612000000000002 1.1087666955767566
7.898999999999994 0.9355665274085327
0.09900000000000375 1.0750395211536108
5.873000000000005 1.214512514898689
0.29399999999999693 1.1872386496776381
6.587999999999994 1.1599647844565875
0.14700000000000557 1.0849814497212251
3.1829999999999927 1.0099981149858626
0.1010000000000133 1.1660026589335075
0.8329999999999984 1.3220072028811525
0.8370000000000033 1.402666666666667
1.9899999999999949 1.5264321608040203
0.125 1.3279123668741586
3.0160000000000053 1.129392572944297
0.09199999999999875 1.1498377103579291
5.182999999999993 1.170282847771561
0.10099999999999909 1.0906880004740618
7.697000000000003 1.0110931531765623
0.16800000000000637 0.9114579742588302
9.616 0.8118227953410981
0.12399999999999523 1.034966342725494
1.0010000000000048 1.25810989010989
0.2809999999999917 1.2583776223776222
1.0010000000000048 1.2586453546453547
0.11599999999999966 1.2596885042668176
0.9129999999999967 1.2607316538882805
1.0679999999999978 1.2242996254681648
0.13700000000000045 1.226373396195032
2.612000000000009 1.228447166921899
6.220999999999989 1.2138781546375181
0.09199999999999875 1.1488175385713144
5.381000000000014 1.083756922505111
0.10499999999998977 1.1042433504077382
6.676000000000016 1.1247297783103654
0.12199999999998568 1.1905467073370009
5.786000000000001 1.2563636363636366
0.1150000000000091 1.247225224135585
6.012999999999977 1.2380868119075334
4.961000000000013 1.3843176778875228
0.14599999999998658 1.3858981262689758
2.217000000000013 1.3874785746504286
0.2629999999999768 1.2577301929712923
2.63900000000001 1.1279818112921562
0.09899999999998954 1.0865315911900424
3.355000000000018 1.0450813710879285
0.12600000000000477 1.1014119223956147
2.7569999999999766 1.1577424737033006
0.160000000000025 1.1646711624745585
2.688999999999993 1.1715998512458166
3.3079999999999927 1.3025683192261186
0.10200000000000387 1.3067497936885677
5.164999999999992 1.3109312681510166
0.13100000000000023 1.132541913701081
5.021000000000015 0.9541525592511454
