1.92 0.7575041666666668
0.09699999999999998 0.7605434943762781
1.63 0.7635828220858896
0.16200000000000037 0.7631329243353784
1.467 0.7626830265848671
0.14499999999999957 0.7627697341513293
1.63 0.7628564417177914
0.16100000000000048 0.7599852561802622
1.7269999999999994 0.7571140706427331
0.1769999999999996 0.7603831880046621
1.3230000000000004 0.7636523053665912
0.17800000000000082 0.8076455971277401
1.4399999999999995 0.8516388888888888
0.13000000000000078 1.0232386884306988
1.1639999999999997 1.1948384879725085
0.14100000000000001 1.173074323297763
5.925999999999998 1.1513101586230172
7.9929999999999986 0.9146883523082696
0.11500000000000199 0.9585809761541348
7.5 1.0024736
0.09100000000000108 1.016501051614715
7.122 1.03052850322943
1.218999999999994 1.0549368334700577
1.428999999999995 1.0065836249125264
1.3669999999999973 0.8196108266276518
0.16199999999999903 0.7787867735153373
3.970000000000006 0.7379627204030228
0.11999999999999744 0.7391593545590389
3.899000000000001 0.7403559887150551
0.1039999999999992 0.7460133031535352
1.6030000000000015 0.7516706175920151
1.2800000000000011 1.0336500000000002
0.09799999999999898 1.069782035869137
2.536999999999999 1.1059140717382736
7.220000000000006 0.987926869806094
0.10099999999999909 0.9150947035021872
9.072999999999993 0.8422625371982806
0.12100000000000932 0.8561991337676795
8.899999999999991 0.8701357303370786
0.10000000000000853 0.8619019736956711
1.289999999999992 0.8536682170542637
0.11499999999999488 0.8476341085271318
1.3950000000000102 0.8416
0.10099999999999909 0.846043093922652
1.4479999999999933 0.8504861878453038
0.1599999999999966 0.847042514212507
1.7250000000000085 0.8435988405797101
0.17300000000000182 0.8427406859207758
2.638999999999996 0.8418825312618415
0.15000000000000568 0.861784645757538
3.6329999999999956 0.8816867602532343
9.114000000000004 0.8565380732938338
0.0969999999999942 0.8413843257565303
8.457000000000008 0.8262305782192267
0.3189999999999884 0.8240428820646035
1.5330000000000013 0.8218551859099803
1.4099999999999966 0.8163460992907802
1.5930000000000035 0.820811048336472
0.10200000000000387 0.8205324538423355
1.7489999999999952 0.820253859348199
0.32399999999999807 0.8904439306606171
3.040999999999997 0.9606340019730353
2.4650000000000176 1.0419926977687626
0.13700000000000045 1.0406729568613846
2.782999999999987 1.0393532159540064
0.1150000000000091 0.9682339324247387
8.10299999999998 0.8971146488954709
0.10800000000000409 0.9022759982653853
8.204000000000008 0.9074373476352997
0.09499999999999886 0.9386501806669649
7.080999999999989 0.96986301369863
0.10200000000000387 1.0032885925178499
1.2489999999999952 1.0367141713370696
0.15100000000001046 1.0440041444920642
1.1049999999999898 1.0512941176470587
0.10500000000001819 1.0419376955276491
1.335000000000008 1.0325812734082396
5.954000000000008 0.8467625125965738
0.1449999999999818 0.8379117826140763
3.8000000000000114 0.8290610526315789
0.10099999999999909 0.8175165275330749
3.2860000000000014 0.8059720024345709
0.12000000000000455 0.8035049683833677
3.1370000000000005 0.8010379343321644
0.1670000000000016 0.7998188504799678
5.998999999999995 0.7985997666277712
