0.259 5.615474903474904
0.575 5.5494260869565215
0.5049999999999999 5.557417821782178
0.09499999999999997 5.554425789293993
0.5509999999999999 5.551433756805808
2.1310000000000002 5.528138901923979
2.99 5.194983277591973
0.11399999999999988 4.958033214288328
3.6559999999999997 4.721083150984683
3.863999999999999 4.741556935817806
3.5370000000000026 4.649067571388182
3.777000000000001 4.5945480540111205
0.12099999999999866 4.570832604411418
3.8240000000000016 4.5471171548117155
3.710000000000001 4.53358921832884
0.09099999999999753 4.5334917109854
3.899000000000001 4.53339420364196
0.2950000000000017 4.564476450470311
3.9609999999999985 4.595558697298662
3.466000000000001 4.62873398730525
3.7150000000000034 4.635225841184388
3.936 4.653839430894309
3.583999999999996 4.597125
0.11999999999999744 4.616043324419515
3.8330000000000055 4.634961648839029
3.6809999999999974 4.687267590328715
0.11899999999999977 4.6748029380215
3.500000000000007 4.662338285714286
0.09999999999999432 4.6459460638887835
3.7609999999999957 4.629553842063281
0.23100000000000875 4.618049082773476
3.858000000000004 4.6065443234836705
3.5420000000000016 4.616770186335404
3.774000000000001 4.635484896661367
0.12400000000000944 4.6029321362547
3.6850000000000023 4.570379375848033
0.11399999999999011 4.560202033603028
4.212000000000003 4.550024691358025
3.478999999999999 4.534746766312159
0.12399999999999523 4.5571175504931665
3.7290000000000134 4.579488334674174
3.7419999999999902 4.6267022982362365
3.6640000000000015 4.6139585152838425
0.22800000000000864 4.580439961531839
3.7789999999999964 4.546921407779836
0.1280000000000001 4.5629842148617055
3.828000000000003 4.579047021943574
4.006 4.566671992011982
0.09399999999999409 4.614433975803971
3.960000000000008 4.66219595959596
3.709000000000003 4.624314909679159
0.09199999999999875 4.630733541796101
3.3119999999999976 4.6371521739130435
3.7240000000000038 4.613248120300752
3.716000000000008 4.593907427341227
3.730000000000018 4.602938337801608
0.26200000000000045 4.6108788074550215
3.651999999999987 4.618819277108434
3.7930000000000064 4.60758449775903
0.10999999999998522 4.597768465095731
3.700000000000017 4.587952432432432
0.09999999999999432 4.593563780983056
3.859999999999985 4.599175129533679
3.6899999999999977 4.606937669376694
0.11400000000000432 4.602272620822908
3.908999999999992 4.597607572269122
3.417999999999978 4.5901462843768295
3.769999999999982 4.57296976127321
2.4850000000000136 4.615397987927566
