0.297 4.8969966329966335
0.10399999999999998 4.873209562698925
0.6579999999999999 4.849422492401216
2.5149999999999997 4.137949900596421
0.11500000000000021 3.1023929321250883
8.363999999999999 2.0668359636537548
0.10400000000000098 2.942898824738754
2.087999999999999 3.818961685823754
0.10599999999999987 4.819773304310606
1.1010000000000009 5.820584922797457
0.09799999999999898 4.3779018617228775
2.468 2.935218800648298
5.588999999999999 1.5179631418858468
0.120000000000001 1.885577343730242
3.0279999999999987 2.253191545574637
2.7609999999999992 2.647991307497284
1.6370000000000005 4.592884544899206
1.347999999999999 5.4446765578635015
0.24399999999999977 5.445130514733332
1.3910000000000053 5.445584471603162
0.11699999999999733 4.094670462141753
3.0219999999999985 2.7437564526803437
2.5830000000000055 2.544734030197445
0.11599999999999966 2.54263877292466
2.9069999999999965 2.540543515651875
0.09300000000000352 2.541825851873948
3.040999999999997 2.543108188096021
2.780999999999999 2.547900755124056
0.12100000000000222 2.6799404131492164
2.809999999999995 2.8119800711743768
1.6639999999999944 4.441129807692308
3.676000000000002 4.439114254624592
0.125 4.280607316706235
4.223999999999997 4.122100378787879
4.626999999999995 3.840944024205749
4.310999999999993 3.793226629552308
0.09000000000000341 3.681748008653705
4.900000000000006 3.570269387755102
0.09599999999998943 3.410795697738555
5.180000000000007 3.251322007722008
0.1280000000000001 3.348485886996566
5.561999999999998 3.4456497662711247
3.820999999999998 4.128862601413243
0.27199999999999136 3.195802176551328
7.547000000000011 2.262741751689413
4.525999999999996 3.825258506407424
3.5389999999999873 4.7769268154846
4.790999999999997 3.58647797954498
0.12199999999999989 3.3187909479970332
5.7450000000000045 3.0511039164490863
4.478999999999999 4.084413485152935
0.11599999999999966 4.397091436454018
3.9200000000000017 4.7097693877551015
4.731999999999999 3.624595097210482
4.986000000000018 3.0802743682310467
0.29999999999998295 4.209456015687929
3.2180000000000177 5.3386376631448105
0.09100000000000819 5.336656331572405
3.1999999999999886 5.334675
0.09899999999998954 4.352220718842002
5.094999999999999 3.369766437684004
0.12399999999999523 2.7993076374466535
7.568000000000012 2.2288488372093025
0.13300000000000978 2.2338868967896426
2.2920000000000016 2.2389249563699827
0.09999999999999432 2.2444602106112956
1.3230000000000075 2.249995464852608
1.5649999999999977 2.240414057507987
1.424999999999983 2.23992701754386
2.7369999999999948 2.8704830105955423
1.4039999999999964 4.733504273504273
0.09699999999997999 4.73587739917341
1.429000000000002 4.738250524842547
2.429000000000002 4.721804857966241
