0.348 4.179333333333333
0.299 4.162675585284281
0.10200000000000009 4.144937792642141
0.6799999999999999 4.1272
0.119 4.119272043010753
0.744 4.111344086021505
1.9430000000000005 4.1039588265568705
1.5649999999999995 4.09486517571885
1.766 4.101993204983012
2.0580000000000007 4.122398445092323
3.6289999999999996 4.531207495177735
3.808 4.557144957983192
0.09299999999999997 4.506112320139431
3.9029999999999987 4.45507968229567
0.09600000000000009 4.659525960291849
3.458000000000002 4.863972238288028
3.3530000000000015 5.271608708619146
3.407 5.342825946580571
0.09399999999999764 4.9164720273065186
3.5730000000000004 4.4901181080324655
3.8360000000000056 4.489015641293014
0.25799999999999557 3.943090164860157
5.392000000000003 3.3971646884273
0.12299999999999756 3.5095403569637047
4.5489999999999995 3.6219160255001093
4.499000000000002 3.948834852189376
0.10099999999999909 4.416919124848935
3.5319999999999965 4.885003397508493
2.969999999999999 5.494338047138047
2.982999999999997 5.836993630573248
0.1180000000000021 5.857968862921425
3.022999999999996 5.8789440952696
3.174999999999997 5.150425196850394
3.3999999999999915 5.145388235294116
0.29400000000001114 4.815881118179823
3.7539999999999907 4.48637400106553
4.423000000000002 4.332964955912276
3.527000000000001 4.4730320385596825
3.5849999999999937 4.763434309623431
0.11599999999999966 4.775677331802866
3.6159999999999997 4.787920353982301
3.414999999999992 4.950378916544656
3.4740000000000038 4.946118595279216
3.3519999999999897 5.22929355608592
3.4740000000000038 5.266001151410478
0.21800000000000352 5.26746062136734
3.5039999999999907 5.268920091324201
0.1039999999999992 5.2927960655009105
3.225999999999999 5.316672039677619
2.819999999999993 5.4461872340425534
3.6559999999999917 4.6990525164113786
3.5010000000000048 4.876023993144816
0.09799999999999898 4.92051055064991
3.4579999999999984 4.964997108155003
3.2879999999999825 5.130148418491483
0.11299999999999955 5.179761223009955
3.342000000000013 5.229374027528427
3.0030000000000143 5.652821844821845
0.28999999999999204 5.903155463138825
2.8850000000000193 6.153489081455806
0.1279999999999859 4.933001365362102
4.579000000000008 3.712513649268399
0.1209999999999809 4.748443499883636
3.1069999999999993 5.784373350498873
2.3899999999999864 6.564485355648537
0.11000000000001364 6.439769417751009
2.7299999999999898 6.31505347985348
1.811000000000007 6.333110988404195
