1.035 1.405225120772947
2.2990000000000004 1.3879599826011306
0.10399999999999965 1.3882669213917507
3.29 1.3885738601823707
0.10299999999999976 1.3992010527730683
3.505 1.409828245363766
2.950000000000001 1.7705057627118648
0.4139999999999997 6.155826086956522
2.8740000000000006 2.520570633263744
0.13100000000000023 2.4092419796871267
3.692 2.297913326110509
0.11400000000000077 1.823666314953989
5.055999999999997 1.3494193037974684
3.353999999999999 2.1798163387000598
3.612000000000002 2.081548172757475
2.7510000000000048 2.667911304980007
3.0970000000000013 2.445853406522441
0.10499999999999687 2.6094872383782777
2.990000000000002 2.773121070234114
0.2959999999999994 2.894140351630819
2.1799999999999997 3.0151596330275234
2.5489999999999995 2.897355825814045
2.655999999999999 2.9117439759036152
2.1340000000000003 3.320389878163074
1.5900000000000034 4.969600000000001
0.10499999999999687 5.291213793103449
3.073999999999998 5.612827586206897
0.12300000000000466 5.547123232136032
2.9769999999999968 5.481418878065168
0.12400000000000233 4.783862689443286
4.260999999999996 4.086306500821404
4.967000000000013 3.578024562109926
0.12399999999999523 4.771974703528513
2.7409999999999997 5.9659248449471
3.1610000000000014 5.534425814615627
3.0090000000000003 5.597157859754071
3.3299999999999983 5.7551663663663675
0.26600000000000534 5.391347364190195
3.1380000000000052 5.0275283620140225
2.823999999999998 6.047065155807364
2.6060000000000088 6.643561013046815
0.09399999999999409 6.708307750113152
2.495999999999995 6.773054487179487
0.10500000000000398 7.2705272435897434
2.2120000000000033 7.768
2.23599999999999 7.8392629695885505
2.5999999999999943 7.036187692307693
0.09900000000000375 6.473006778292131
3.1239999999999952 5.909825864276568
4.028999999999996 4.257032514271531
0.2600000000000051 6.198004333447371
1.8870000000000005 8.138976152623211
0.12000000000000455 7.741941261433453
2.3389999999999986 7.344906370243694
2.432000000000002 7.019309210526316
2.5489999999999924 6.735566888976069
2.9069999999999965 5.802520811833505
0.09600000000000364 4.3608034157714375
5.986999999999995 2.9190860197093706
0.117999999999995 2.495135005950342
8.195999999999998 2.0711839921913127
0.09399999999999409 2.2991376188714567
7.025000000000006 2.527091245551601
0.09200000000001296 2.0590346260514205
10.685000000000002 1.59097800655124
0.3009999999999877 2.082516216108619
6.981999999999999 2.574054425665998
0.12700000000000955 2.7193003550641475
5.477000000000004 2.8645462844622966
0.12299999999999045 2.907046110580165
5.844999999999999 2.9495459366980326
2.953000000000003 3.883936335929563
