0.491 2.9621344195519352
0.11299999999999999 2.969871037527164
0.41800000000000004 2.9776076555023923
0.375 2.983616
0.127 2.952572087870105
1.0469999999999997 2.92152817574021
2.7370000000000005 2.9134059188892953
2.1910000000000007 2.924903696942036
0.10799999999999965 3.1408855834107774
2.1579999999999995 3.3568674698795182
2.5700000000000003 3.301126848249028
0.1349999999999998 2.5072515205584667
3.982000000000001 1.7133761928679054
0.11899999999999977 2.58589907088996
2.113999999999997 3.4584219489120147
2.0410000000000004 3.6837589416952476
2.3279999999999994 3.1526735395189007
5.706000000000003 3.097739922888188
0.09699999999999775 2.844642171011292
7.0240000000000045 2.5915444191343964
4.382000000000005 3.6611574623459613
0.11499999999999488 3.7719388213646377
4.435000000000002 3.882720180383314
4.392000000000003 4.170653916211293
0.1039999999999992 4.03193565375782
4.231999999999999 3.893217391304348
5.972999999999999 2.97435258663988
0.13000000000000256 3.4021409992022926
4.5049999999999955 3.829929411764706
0.2810000000000059 3.550381021777322
4.98899999999999 3.2708326317899377
0.12100000000000932 2.8061903879767334
7.435999999999993 2.3415481441635286
1.4000000000000057 3.7512628571428572
0.09799999999999898 3.922879672131147
1.7079999999999984 4.094496487119438
0.09199999999999875 4.25076043868167
1.0660000000000025 4.407024390243903
1.5480000000000018 4.681834625322996
3.5799999999999983 5.353269273743017
0.12000000000000455 5.140154936684125
3.201999999999998 4.927040599625234
0.10299999999999443 4.78754207444517
3.6740000000000066 4.648043549265106
0.30999999999998806 5.286567975864585
2.9220000000000113 5.925092402464065
2.799999999999997 6.037694285714286
0.09999999999999432 6.037613130207811
2.8460000000000036 6.037531974701335
2.9040000000000106 6.03601652892562
0.09799999999999898 6.036834667103074
3.030000000000001 6.037652805280529
3.055000000000007 6.043304746317514
2.8400000000000034 6.039290140845071
2.5450000000000017 6.034675049115915
2.843999999999994 6.040694796061884
0.24800000000000466 6.054645300626036
2.8130000000000024 6.068595805190188
0.09499999999999886 6.0047062070933634
2.8900000000000006 5.940816608996539
0.10899999999999466 5.506176193854854
3.3259999999999934 5.0715357787131685
4.2690000000000055 4.093831810728508
0.1279999999999859 4.942757597619457
2.9310000000000116 5.7916833845104065
3.2609999999999957 5.443979147500767
3.180999999999983 5.3441056271612695
0.117999999999995 5.202614345543462
3.551000000000016 5.061123063925654
2.408999999999992 6.512710668327107
0.27700000000001523 6.541434602456237
2.6239999999999952 6.5701585365853665
1.759999999999991 6.5166272727272725
