0.16999999999999998 8.55534117647059
0.376 8.486489361702128
0.834 8.419865707434054
0.885 8.436393220338983
0.11699999999999999 8.43150981771666
2.1199999999999997 8.426626415094338
1.8450000000000006 8.418970189701897
2.2090000000000005 7.813617021276595
0.09499999999999886 6.804843309752503
3.1610000000000014 5.79606959822841
3.487 4.715730427301406
0.1120000000000001 4.380430248615738
4.290000000000001 4.04513006993007
0.11299999999999955 4.200442790476057
3.992000000000001 4.355755511022044
0.1039999999999992 4.3633787950120615
3.847999999999999 4.371002079002079
0.245000000000001 4.456274934670619
3.8919999999999995 4.541547790339157
0.1180000000000021 4.834577838831551
3.549999999999997 5.127607887323944
3.6099999999999994 4.444097506925208
0.09000000000000341 4.415662001870247
3.924999999999997 4.387226496815287
4.460000000000001 4.107065470852018
3.9180000000000064 4.205231240428789
4.211999999999996 4.217903133903134
0.09199999999999875 4.230672176887622
4.0660000000000025 4.2434412198721105
3.7779999999999987 4.3192652196929595
0.3130000000000024 4.279397888638785
4.106999999999999 4.239530557584612
0.10200000000000387 4.223962295131401
4.222999999999999 4.208394032678191
3.7369999999999948 4.375862991704576
3.8319999999999936 4.565323590814196
4.158999999999992 4.0494945900456845
4.003 4.787585311016738
0.09399999999999409 4.607711263423047
3.5630000000000024 4.427837215829357
4.105000000000004 4.160027283800244
0.0940000000000083 4.098330265821782
4.288999999999987 4.03663324784332
0.30400000000000205 4.136805846979304
3.990000000000009 4.236978446115288
0.11199999999999477 4.741819910080546
3.2750000000000057 5.246661374045803
4.082000000000008 4.294118569328761
0.117999999999995 4.381861141493113
4.0930000000000035 4.469603713657464
0.10800000000000409 4.335654838166921
4.393999999999991 4.201705962676376
0.1039999999999992 4.338210664614994
3.8329999999999984 4.474715366553613
3.2800000000000153 4.682392682926829
0.1209999999999809 4.524691003385122
3.9339999999999975 4.366989323843416
3.9679999999999893 4.302157258064516
0.22499999999999432 4.297198629032257
4.0 4.29224
0.10300000000000864 4.267871949685535
3.9749999999999943 4.2435038993710705
4.145999999999987 4.215284129281234
4.024000000000001 4.218544731610338
4.260999999999996 4.166349683172964
3.975999999999999 4.275553319919517
0.12100000000000932 4.318321187986936
4.120999999999981 4.361089056054356
3.5270000000000152 4.44829033172668
3.9240000000000066 4.393500509683996
0.2669999999999959 4.47420537795558
2.5180000000000007 4.5549102462271644
