0.215 6.7646883720930235
0.183 6.801311475409836
0.11599999999999999 6.719260652638756
1.0579999999999998 6.6372098298676745
1.127 6.624851818988465
2.6959999999999997 6.6262789317507425
0.10300000000000065 5.858698299044824
3.0509999999999993 5.0911176663389055
3.3160000000000007 5.205150784077201
3.5459999999999994 5.1667727016356455
3.264000000000001 5.037914215686274
4.274000000000001 4.0602732802994845
0.120000000000001 4.145486518495241
4.109999999999999 4.230699756690997
0.09299999999999997 4.149652732723824
4.134 4.068605708756652
0.26000000000000156 3.5234101837801797
5.934999999999995 2.978214658803707
3.7319999999999993 4.877547695605574
3.259999999999998 4.9212245398773
3.887999999999998 4.428977366255144
0.10999999999999943 4.574992806838912
3.8800000000000026 4.721008247422679
0.12599999999999767 4.5387294013422235
3.7820000000000036 4.356450555261767
0.11499999999999488 4.0007332792722465
4.874000000000002 3.6450160032827252
0.12299999999999756 4.431191400492285
3.3070000000000093 5.217366797701845
0.09599999999998943 4.860088476113615
3.6240000000000094 4.5028101545253865
0.26500000000000057 4.249081993279215
4.35799999999999 3.9953538320330426
3.5420000000000016 5.017517786561265
3.362000000000009 4.8639500297442
4.8430000000000035 3.612289902952715
3.0900000000000034 5.450436245954693
0.11299999999999955 5.146226713174416
3.9579999999999984 4.842017180394138
4.092999999999989 3.8544793549963345
0.10699999999999932 4.170070252754274
3.807000000000002 4.485661150512215
3.790999999999997 4.56690055394355
0.30400000000000205 4.358768715469197
4.072999999999993 4.150636876994844
3.932000000000002 4.369993896236012
4.233999999999995 4.139960321209259
4.216999999999999 4.338175954470003
3.3599999999999994 5.494730952380952
3.1640000000000015 5.420854614412137
3.3009999999999877 4.652604665252954
0.10300000000000864 4.5784963546506
3.813999999999993 4.504388044048245
3.719999999999999 4.588967741935484
0.27000000000001023 4.412539632132312
4.052999999999997 4.236111522329139
4.256 3.963328947368421
3.5999999999999943 4.854602222222223
0.09399999999999409 4.995443925029417
3.305000000000007 5.136285627836612
0.09999999999999432 4.544190899403613
4.492000000000019 3.9520961709706146
0.10800000000000409 4.533917480610194
3.322999999999979 5.1157387902497735
4.25 4.228717176470588
3.3789999999999907 4.6431251849659665
0.12100000000000932 4.6671538849999905
3.6750000000000114 4.6911825850340145
0.3129999999999882 4.705522156714538
2.430000000000007 4.719861728395062
