0.7909999999999999 1.8386953223767386
0.1120000000000001 1.8481834820838916
0.67 1.8576716417910446
0.125 1.8565771144278607
0.6029999999999998 1.855482587064677
0.10600000000000032 1.8391954055704791
1.6779999999999995 1.822908224076281
0.11900000000000066 1.824512348311019
1.803 1.8261164725457573
0.09799999999999986 1.8477816901818633
3.427999999999999 1.8694469078179694
3.4380000000000006 2.107073880162885
4.263000000000002 1.990123387285949
3.261000000000003 2.09219993866912
3.4130000000000003 2.142134192792265
3.4349999999999987 2.1888069868995634
3.362000000000002 2.183052944675788
3.3369999999999997 2.2699454599940068
0.25200000000000244 2.352182360061595
3.405999999999999 2.4344192601291836
0.10099999999999909 2.6804883477849843
2.246000000000002 2.9265574354407846
3.621000000000002 2.03959127312897
2.269999999999996 3.4068687224669607
0.12700000000000244 3.485788384221986
1.3049999999999997 3.564708045977012
0.0940000000000012 3.557211165845649
2.225999999999999 3.549714285714286
2.083999999999996 3.5460844529750486
0.12000000000000455 3.5853683037865025
4.501999999999995 3.624652154597956
0.09300000000000352 3.38378383903183
5.539999999999999 3.1429155234657036
3.762999999999998 4.7228402870050505
2.891999999999996 5.654426002766252
0.1039999999999992 5.179232361426148
3.7190000000000083 4.704038720086045
4.121000000000009 4.086835234166465
4.5 4.258823111111111
0.10099999999999909 4.431861059350068
3.426000000000002 4.604899007589025
0.2639999999999958 4.596500014272751
3.721999999999994 4.588101020956476
3.835000000000008 4.514503259452412
3.7439999999999998 4.515369658119658
3.6529999999999916 4.703754722146181
3.715999999999994 4.717059203444564
3.879000000000005 4.716186646042795
0.12099999999999511 4.7165879576662615
3.9140000000000015 4.716989269289729
3.608000000000004 4.753764966740577
0.09300000000000352 4.758006204300521
3.2249999999999943 4.762247441860465
0.26600000000000534 4.638644877303426
3.8049999999999926 4.515042312746386
0.10500000000000398 4.4332744064369205
3.923000000000002 4.351506500127454
4.206999999999994 4.081045875921085
0.09800000000001319 3.8601483964287193
4.634999999999991 3.639250916936354
4.852000000000004 3.601930750206101
5.723000000000013 2.966175781932553
5.972000000000008 2.972675150703282
0.12899999999999068 3.318191023627503
4.639999999999986 3.6637068965517243
4.907000000000011 3.6625327083757897
0.28700000000000614 3.2416511078736194
5.561999999999983 2.820769507371449
6.471000000000004 2.664208932158863
0.13199999999997658 2.8769945522863276
3.7120000000000175 3.0897801724137928
