0.447 3.253709172259508
0.383 3.2497127937336807
0.11599999999999988 3.2654077165149342
0.3410000000000002 3.2811026392961877
0.9520000000000002 3.213067226890756
0.403 3.2445062034739447
0.09299999999999997 3.1634902349741054
2.079 3.082474266474266
0.12100000000000044 3.0196289699718273
2.4499999999999993 2.956783673469388
1.939 4.375397627643115
3.803000000000001 4.3238895608729955
0.09499999999999886 4.359160278030824
3.9490000000000016 4.394430995188654
4.221 4.119444681355128
4.189999999999998 4.01422816229117
0.10800000000000054 4.5695530489623435
3.4490000000000016 5.124877935633517
4.241999999999997 4.291138142385668
3.6600000000000037 4.383385792349727
4.003 4.301739695228579
0.2910000000000039 3.9933071841662913
4.9709999999999965 3.6848746731040034
5.082000000000001 3.2420495867768597
0.11500000000000199 4.091929939424591
3.594999999999999 4.941810292072322
0.1039999999999992 4.853372972603408
3.621000000000002 4.764935653134493
3.9780000000000015 4.102107591754651
0.12599999999999767 3.908109256628178
4.688000000000002 3.7141109215017054
0.10899999999999466 3.8405429607508523
4.480000000000004 3.9669749999999997
0.12099999999999511 3.695084736759472
4.777000000000001 3.4231944735189446
0.125 4.24187204150347
3.457000000000008 5.060549609487995
0.23099999999999454 5.1015493085607915
3.2750000000000057 5.142549007633588
3.9350000000000023 4.87031867852605
3.3810000000000002 4.666188701567584
0.11899999999999977 4.936282155661841
3.279999999999987 5.206375609756098
0.11900000000001398 5.180311948968552
3.3589999999999947 5.154248288181007
3.3619999999999948 5.028418798334325
3.036999999999992 5.657825485676654
3.0279999999999916 5.788834874504622
3.553999999999988 5.147464265616207
0.23799999999999955 5.234772201992306
3.4690000000000083 5.322080138368405
2.897999999999996 5.918420979986197
0.1039999999999992 5.77827216400191
2.7240000000000038 5.638123348017622
3.3940000000000055 5.061796110783736
0.10799999999998988 4.781815776910856
3.7920000000000016 4.501835443037975
0.10699999999999932 4.649487154321447
3.5790000000000077 4.797138865604919
0.12199999999998568 4.871872658608911
3.4099999999999966 4.9466064516129045
0.09000000000000341 4.916211808417579
3.576999999999998 4.885817165222254
0.12400000000002365 4.604832168958554
3.9259999999999877 4.323847172694855
0.26599999999999113 3.8367175486115777
5.300000000000011 3.349587924528301
0.10900000000000887 3.6387033892512113
4.3279999999999745 3.927818853974122
3.4579999999999984 5.197237709658762
3.179000000000002 4.935237496067947
0.11999999999997613 5.016420640405352
3.382000000000005 5.097603784742756
0.11600000000001387 5.039953934074246
2.3019999999999925 4.982304083405735
