0.291 4.997965635738831
0.10500000000000004 5.0083376565790925
0.248 5.018709677419355
0.569 4.932330404217926
0.6220000000000001 4.917749196141479
0.6680000000000001 4.928874251497006
3.1740000000000004 4.8938248267170765
0.12399999999999967 4.894484733267784
3.5260000000000007 4.895144639818491
4.457000000000001 4.110696881310298
4.538 3.62356809167034
4.501999999999999 3.854644158151933
0.09500000000000242 3.968187806775497
4.259999999999998 4.081731455399061
4.5070000000000014 3.7318872864433112
0.09100000000000108 3.7249785611854755
4.753999999999998 3.71806983592764
0.240000000000002 3.7187619306323936
4.893999999999998 3.7194540253371473
0.11399999999999721 3.720886177401752
4.310000000000002 3.722318329466357
0.09199999999999875 3.665041838104224
4.773000000000003 3.607765346742091
0.12299999999999756 3.512924658816091
5.359000000000002 3.4180839708900908
5.609000000000002 2.9374391157068995
0.09299999999999642 3.0639840612949443
1.017000000000003 3.190529006882989
2.202999999999996 3.354534725374489
0.09600000000000364 3.4857947460543848
1.9719999999999942 3.61705476673428
1.7809999999999917 4.290762492981471
0.12199999999999989 4.288216885671698
1.8070000000000022 4.285671278361926
0.0940000000000083 4.0341842396898695
4.322999999999993 3.782697201017812
3.897999999999996 4.488024628014367
0.09799999999999898 4.291902391828195
4.112000000000009 4.095780155642022
0.09099999999999397 3.882535300872897
5.222999999999999 3.669290446103772
3.835000000000008 4.113789830508474
3.953000000000003 4.319987857323552
4.810999999999993 3.5986530866763666
4.231999999999999 3.994693761814745
0.2610000000000099 4.242879552104445
3.8259999999999934 4.491065342394146
3.8429999999999893 4.561174082747852
3.9710000000000036 4.606922185847393
3.9669999999999987 4.653969246281825
0.13299999999999557 4.4964235303000315
3.953000000000003 4.338877814318239
3.6119999999999806 4.252006644518273
3.6229999999999905 4.741853712393046
3.6100000000000136 4.728797783933518
0.09099999999997976 4.688926376396762
3.693000000000012 4.649054968860006
0.2990000000000066 4.283181455632976
4.305999999999983 3.9173079424059445
0.10400000000001342 3.720404777654585
4.960000000000008 3.5235016129032255
3.8840000000000146 4.370603501544799
0.11699999999999022 4.34081607811577
4.117999999999995 4.311028654686741
4.021000000000015 4.22770455110669
4.796999999999997 3.7465182405670205
0.10200000000000387 3.6728828872025288
4.3589999999999804 3.5992475338380365
5.164999999999992 3.337869506292352
3.4350000000000023 3.3389414847161576
