1.196 1.2160602006688963
0.1100000000000001 1.2235790617587805
1.0110000000000001 1.2310979228486647
0.911 1.2281624588364435
1.0110000000000001 1.2299268051434227
1.0700000000000003 1.221996261682243
0.13900000000000023 1.2128448626217376
5.324 1.2036934635612322
6.166 1.174849172883555
0.1280000000000001 1.217541639323536
6.731999999999999 1.2602341057635174
0.934000000000001 1.2908779443254816
0.8590000000000018 1.2955064027939465
0.14199999999999946 1.2939491011691828
0.8780000000000001 1.2923917995444192
0.12399999999999878 1.2724266164957592
5.859999999999999 1.252461433447099
0.14099999999999824 1.2370038178362732
6.2010000000000005 1.2215462022254475
0.2640000000000029 1.2107464730374704
6.909999999999997 1.1999467438494935
0.12100000000000222 1.239554017086037
2.107999999999997 1.2791612903225806
0.8590000000000018 1.2881303841676368
0.14099999999999824 1.2912309192540552
0.8870000000000005 1.2943314543404736
0.11299999999999955 1.2732226276826948
5.658999999999999 1.252113801024916
0.1390000000000029 1.2253033740449926
6.5930000000000035 1.1984929470650691
0.10999999999999943 1.2053849249761042
6.096000000000004 1.2122769028871394
0.10299999999999443 1.2308390995430618
5.709000000000003 1.249401296198984
0.09399999999999409 1.2454844011457957
6.155000000000001 1.2415675060926075
0.14100000000000534 1.2580121301114155
1.0289999999999964 1.2744567541302236
0.2469999999999999 1.2789719668087016
0.8580000000000041 1.2834871794871796
0.9249999999999972 1.2692237837837839
2.4200000000000017 1.255206611570248
0.09499999999999886 1.256758828504001
2.7069999999999936 1.258311045437754
4.840999999999994 1.2529593059285271
6.324999999999989 1.230416442687747
6.26700000000001 1.2456499122387104
0.1419999999999959 1.2461462763691322
5.605000000000004 1.246642640499554
0.10199999999998965 1.2425207212979426
4.007000000000005 1.238398802096331
5.896000000000001 1.200898236092266
0.10900000000000887 1.2111726101564413
6.781000000000006 1.2214469842206166
0.11499999999998067 1.227544714716998
2.600999999999999 1.2336424452133794
0.09700000000000841 1.2558382056236725
1.0010000000000048 1.278033966033966
0.10599999999999454 1.2825866651685722
0.818000000000012 1.2871393643031785
2.3100000000000023 1.2521731601731598
2.406000000000006 1.257945137157107
0.09600000000000364 1.2503324095328279
2.5149999999999864 1.2427196819085484
5.570999999999998 1.2327409800753906
0.125 1.2242311275469615
6.744999999999976 1.2157212750185322
5.361000000000018 1.3225219175526954
0.14099999999999113 1.2907468207895971
6.188999999999993 1.2589717240264986
0.1150000000000091 1.249591907923369
6.186000000000007 1.2402120918202393
0.11400000000000432 1.244828692220552
6.2879999999999825 1.249445292620865
0.11199999999999477 1.2725765921290426
0.849000000000018 1.2957078916372202
0.15099999999998204 1.2923219730294944
0.7350000000000136 1.2889360544217685
0.6980000000000075 1.2867621776504294
