0.382 3.807350785340314
0.118 3.8185061619009257
0.32499999999999996 3.8296615384615373
0.29200000000000004 3.831698630136986
0.10899999999999999 3.7970547271226134
0.8129999999999997 3.762410824108241
2.132 3.740146341463415
1.9299999999999997 3.3204476683937822
1.9780000000000006 3.662345803842265
0.11499999999999844 3.522539728077432
2.508000000000001 3.3827336523126
0.10599999999999987 3.249425571655636
5.277000000000001 3.116117490998673
0.11400000000000077 3.166363472098039
5.395 3.216609453197405
0.10899999999999821 3.014432496289791
6.183 2.812255539382177
0.11299999999999955 2.804964762372393
6.012000000000004 2.797673985362608
0.2819999999999965 2.58872200681891
3.183 2.379770028275212
0.125 2.3808692140801515
3.4810000000000016 2.3819683998850905
0.1180000000000021 2.2583840050740815
3.0790000000000006 2.1347996102630726
0.127999999999993 2.1276007813015045
3.483000000000004 2.120401952339937
0.11699999999999733 2.356478549083143
2.983000000000004 2.592555145826349
0.10699999999999932 2.795581847140851
2.3629999999999995 2.9986085484553526
2.580999999999996 3.0614738473459893
0.11299999999999955 3.1449876881989884
2.2890000000000015 3.2285015290519876
0.11200000000000188 3.2539822587788674
2.174999999999997 3.279462988505747
0.2190000000000012 3.2938111479325274
2.3100000000000023 3.308159307359307
0.10300000000000153 3.2984216225915706
5.403999999999996 3.2886839378238344
0.09399999999999409 3.208286115813218
5.228000000000009 3.127888293802601
5.725999999999999 3.0552427523576666
5.8219999999999885 2.8927942287873583
10.025999999999996 1.9115004987033712
0.0940000000000083 1.9049796703219517
3.194999999999993 1.898458841940532
2.3200000000000074 3.354475862068965
3.184999999999988 2.4510166405023552
0.3100000000000023 2.5038529964311995
2.733000000000004 2.556689352360044
3.095000000000013 2.4670836833602583
0.1039999999999992 2.451377410995575
2.9069999999999965 2.4356711386308914
0.09099999999999397 2.9733743569373194
2.359000000000009 3.511077575243748
2.5289999999999964 3.2457287465401343
2.2930000000000064 3.29329960750109
0.10299999999999443 3.3090488915498613
1.7540000000000049 3.324798175598632
2.225999999999999 3.3731787960467203
5.397000000000006 3.163046136742634
0.132000000000005 2.3298215342011637
11.47199999999998 1.4965969316596934
0.10699999999999932 1.7321953139673827
3.490000000000009 1.9677936962750722
0.11000000000001364 2.003548676041042
4.020999999999987 2.0393036558070126
2.7249999999999943 2.601849541284404
2.555000000000007 3.0496187866927595
2.4139999999999873 3.1781077050538524
2.5340000000000202 3.100438831886345
1.5269999999999868 2.821804846103471
2.405000000000001 2.8153679833679837
0.09100000000000819 2.932852076790375
3.759999999999991 3.0503361702127663
