0.636 2.286805031446541
0.536 2.322089552238806
0.4870000000000001 2.2974455852156055
0.11599999999999988 2.284993223514192
1.3459999999999999 2.2725408618127787
1.254 2.625588516746412
2.8759999999999994 2.2282559109874827
0.11699999999999999 2.3532863543989757
2.923000000000001 2.4783167978104688
3.1270000000000007 2.713110329389191
2.5269999999999992 2.69990660862683
3.085000000000001 2.369887844408428
0.11999999999999744 2.1957737151593095
3.719000000000001 2.0216595859101907
3.7260000000000026 1.9697863660762207
3.575000000000003 2.1188274125874127
0.3149999999999977 2.0362789277828677
4.244 1.9537304429783224
2.7449999999999974 2.394553005464481
2.7280000000000015 2.7072434017595306
2.488999999999997 3.1071080755323424
0.10699999999999932 3.957119845093173
1.4740000000000038 4.807131614654003
3.738999999999997 4.751486493714896
3.5749999999999957 4.8262467132867135
0.12400000000000233 4.86624783048581
3.3260000000000005 4.906248947684907
3.5249999999999986 4.939504113475177
3.794000000000004 4.684250922509224
0.10699999999999932 4.433250780947707
3.9100000000000037 4.182250639386189
0.09199999999999875 3.6322035437945748
5.676000000000002 3.0821564482029604
0.12399999999999523 3.5805366886207346
4.128999999999991 4.078916929038509
0.2600000000000051 4.2005662678570985
4.4339999999999975 4.322215606675688
3.754000000000005 4.202553010122536
3.734000000000009 4.573356186395286
4.081999999999994 4.241332680058795
0.12400000000000944 3.8794620121059684
4.805999999999997 3.517591344153142
0.09000000000000341 4.165352534821669
3.569999999999993 4.813113725490196
3.6329999999999956 4.824825763831544
3.903000000000006 4.6871862669741216
0.0969999999999942 4.446360331664737
4.390000000000001 4.205534396355353
0.30299999999999727 4.01657929369207
4.481000000000009 3.8276241910287876
0.1280000000000001 3.8534746365601125
3.958999999999989 3.879325082091437
4.2239999999999895 4.067172348484849
3.948999999999984 4.322856419346671
3.805000000000007 4.512210249671485
0.09499999999999886 4.537404556807611
3.6970000000000027 4.562598863943737
0.103999999999985 4.409473810929492
4.106000000000023 4.256348757915246
0.09399999999999409 4.2249411773765955
4.048000000000002 4.193533596837945
4.021999999999991 4.413927399303828
0.26900000000000546 4.58386526564744
3.5759999999999934 4.753803131991052
3.669000000000011 4.898350504224584
3.244999999999976 4.8348597842835135
3.5130000000000052 4.9075138058639345
2.3810000000000002 4.8169945401091985
