0.567 2.565093474426808
0.478 2.603849372384937
0.12200000000000011 2.5909292944874
0.43399999999999994 2.5780092165898623
0.4790000000000001 2.595941544885177
0.1259999999999999 2.5701840645600535
1.294 2.5444265842349303
0.09799999999999986 2.542222011895507
2.5230000000000006 2.5400174395560837
2.850999999999999 2.5409049456331116
3.346 2.535533771667663
2.456999999999999 2.7768270248270253
2.512999999999998 2.909313171508157
2.6340000000000003 2.854423690205012
2.5919999999999987 2.8315679012345676
0.10800000000000054 2.822694797571221
2.692 2.8138216939078746
0.29499999999999815 2.813225636641861
2.9480000000000004 2.8126295793758476
2.341000000000001 2.807794959419052
2.634000000000004 2.8038572513287776
6.501999999999995 2.817211934789296
0.09500000000000597 2.8185063610280556
5.842999999999996 2.8198007872668156
6.667000000000002 2.664737963101845
0.13300000000000267 2.7244806484865363
6.196999999999996 2.784223333871228
0.10099999999999909 2.7873052373870504
5.847999999999999 2.790387140902873
6.281000000000006 2.772130552459799
0.11599999999999966 2.811935622828102
6.231999999999999 2.8517406931964056
6.662000000000006 2.4546082257580304
0.1460000000000008 2.426900991942734
4.61399999999999 2.399193758127438
2.5289999999999964 2.8657493080268877
3.0090000000000003 2.862343635759389
2.1159999999999997 2.8665293005671084
2.718999999999994 2.8622228760573742
2.730000000000004 2.859519413919414
2.4499999999999886 2.85201306122449
2.7379999999999995 2.7887596785975166
2.5360000000000014 2.791993690851735
0.24800000000000466 2.7984065982196364
2.953000000000003 2.8048195055875382
2.8930000000000007 2.837348081576218
0.10800000000000409 2.8376022632608633
2.6610000000000014 2.837856444945509
2.066999999999993 2.821333333333333
2.6640000000000015 2.81857957957958
0.1349999999999909 2.8169815016410684
2.582000000000008 2.8153834237025563
0.117999999999995 2.797440780978686
6.177000000000007 2.7794981382548163
0.12299999999999045 2.8031836258560827
5.967000000000013 2.826869113457349
0.13399999999998613 2.8421925685010754
6.116000000000014 2.857516023544801
5.986999999999995 2.8353806580925345
0.11299999999999955 2.8224075311352057
6.319000000000017 2.809434404177877
6.0190000000000055 2.824322977238744
2.776999999999987 2.8291364782139
0.12000000000000455 2.8425527685439933
2.326999999999998 2.855969058874087
2.375 2.8509305263157896
0.125 2.8538492822395884
1.6769999999999925 2.856768038163387
