4.711 0.39127403948206313
0.15499999999999936 0.4415434140383869
2.1670000000000007 0.5743608675588371
0.18599999999999994 0.6122402827044622
1.721 0.6501196978500873
0.16799999999999926 0.6209798870021498
2.101000000000001 0.5918400761542123
0.10799999999999876 0.5771105757115147
2.325000000000001 0.5623810752688172
0.2029999999999994 0.5762582946437544
1.7119999999999997 0.5901355140186916
0.1590000000000007 0.6215746792670668
1.8780000000000001 0.653013844515442
0.10999999999999943 0.6537520987283092
2.125 0.6544903529411765
0.1529999999999987 0.8072133293368302
1.2560000000000002 0.959936305732484
0.16600000000000037 0.6371583608385124
9.232 0.3856195840554592
0.31400000000000006 0.399969912873651
3.972000000000005 0.4143202416918428
0.2979999999999947 0.4161686987240252
4.43 0.41801715575620757
0.27600000000000335 0.39639249290086553
3.9540000000000006 0.37476783004552344
0.8500000000000014 1.6922447058823529
1.5949999999999989 1.6905780564263322
0.11299999999999955 1.194435873053552
6.7350000000000065 0.6982936896807721
0.20199999999999818 0.500052089923121
25.623999999999995 0.3981895098345301
0.26600000000000534 0.3894170448722081
3.772999999999996 0.380644579909886
0.23100000000000875 0.38110784952172994
4.154999999999987 0.38157111913357394
0.27000000000001023 0.3782930566832806
3.4679999999999893 0.3750149942329873
0.3260000000000076 0.37249336838807917
3.8220000000000027 0.36997174254317106
0.25199999999999534 0.3699537144088404
3.825000000000003 0.36993568627450973
0.1799999999999926 0.35211564012554253
3.5859999999999985 0.3657044060234246
0.14100000000000534 0.48538846674797603
1.8200000000000074 0.6050725274725275
0.18299999999999272 0.601881495760741
1.9609999999999985 0.5986904640489545
0.14000000000000057 0.6008888167453391
2.0420000000000016 0.6030871694417237
0.16200000000000614 0.815751358572452
1.414999999999992 1.0284155477031802
0.13800000000000523 1.0441481790959286
0.8389999999999986 1.059880810488677
1.1629999999999967 1.0566122098022357
0.13700000000000045 0.8328170343822051
5.260999999999996 0.6090218589621745
0.18300000000000693 0.5737217033160595
2.3389999999999986 0.5384215476699444
0.2289999999999992 0.4280088580295777
3.9669999999999987 0.38240383161078895
0.2289999999999992 0.3823051736739754
3.622000000000014 0.3822065157371618
0.18999999999999773 0.3823812379608363
4.119 0.38255596018451077
0.1910000000000025 0.44024164314165354
2.5479999999999734 0.5630392464678179
0.15100000000001046 0.6435207550958217
1.766999999999996 0.7240022637238257
0.13400000000001455 0.6924838904826025
3.8859999999999957 0.6609655172413792
0.11299999999999955 0.595414520669945
14.170999999999992 0.529863524098511
0.2980000000000018 0.6041533963820009
1.7009999999999934 0.6784432686654909
0.125 0.674959742894581
1.7870000000000061 0.6714762171236711
0.125 0.6125725332578131
2.1380000000000052 0.553668849391955
0.18500000000000227 0.5455882644635159
2.408999999999992 0.5375076795350768
0.18000000000000682 0.5405554307829806
2.1370000000000005 0.5436031820308844
0.1570000000000107 0.44725435322521
9.99199999999999 0.3509055244195356
0.2109999999999843 0.36517223779023217
4.192000000000007 0.38125
0.18899999999999295 0.3792133799569628
9.759000000000015 0.37717675991392563
0.16800000000000637 0.45151077616118057
1.8959999999999866 0.5801983122362868
0.3580000000000041 0.578228109889433
1.6440000000000055 0.5762579075425791
0.18899999999999295 0.5761854002113151
1.5589999999999975 0.5761128928800513
