1.036 1.403868725868726
0.881 1.4127582292849035
0.121 1.4127275994909365
0.7919999999999998 1.4126969696969696
0.1120000000000001 1.3375444239347791
0.9849999999999999 1.262391878172589
0.12300000000000022 1.2955943130700343
0.984 1.3287967479674796
0.1070000000000002 1.4286283285979606
0.6609999999999996 1.5284599092284419
0.14200000000000035 1.7968566017591696
1.3659999999999997 2.065253294289897
0.11500000000000021 2.359479321527182
3.196999999999999 2.6537053487644666
0.0990000000000002 2.6160937930519235
2.646000000000001 2.5784822373393803
2.8760000000000012 2.5421084840055634
0.17099999999999937 1.8394358567593587
6.614000000000001 1.136763229513154
3.5539999999999985 2.065116488463703
3.660999999999998 2.0690543567331328
3.6769999999999996 2.254999184117487
0.11599999999999966 2.560785244043043
2.2929999999999993 2.8665713039685996
0.30100000000000193 2.6233211015492373
3.1030000000000015 2.380070899129875
0.11299999999999955 1.9201706459395598
5.295999999999999 1.4602703927492446
0.14099999999999824 1.1084837653622346
9.363999999999997 0.7566971379752243
0.11700000000000443 1.0417964279296776
5.954999999999998 1.326895717884131
0.12299999999999756 1.8235797270739336
3.1850000000000094 2.320263736263736
0.11299999999999955 2.6069537748255796
2.464999999999989 2.8936438133874236
2.3499999999999943 3.2518502127659574
2.3419999999999987 3.3066643894107597
2.6640000000000015 2.62515015015015
0.22400000000000375 2.9393431910171044
2.2079999999999984 3.2535362318840586
0.09900000000000375 3.2503075424653267
2.2319999999999993 3.247078853046595
3.4339999999999975 2.5080931857891673
2.831000000000003 2.1425559872836453
7.248999999999995 2.355761070492482
6.429000000000002 2.6929724685021
5.859999999999999 2.8849051194539252
5.540999999999997 3.101031582746797
7.916999999999987 2.2140447139067834
0.2810000000000059 2.0160030417646295
4.555999999999997 1.8179613696224757
5.5 1.4924450909090907
0.09399999999999409 1.5366282394047233
4.777000000000015 1.5808113879003558
0.11299999999999955 1.7331305565431299
3.0929999999999893 1.885449725185904
0.117999999999995 1.5505195849500832
6.177000000000021 1.2155894447142626
0.13899999999998158 1.0909344272620896
7.522999999999996 0.9662794098099163
1.7520000000000095 1.783926940639269
0.12399999999999523 2.248257876600302
1.0190000000000055 2.7125888125613344
0.5039999999999907 2.56915873015873
0.2909999999999968 2.515489087301588
2.8799999999999955 2.461819444444445
0.132000000000005 2.4385625430529725
3.225999999999999 2.4153056416615004
3.548000000000002 2.1623314543404737
4.152999999999992 1.8917678786419456
2.9329999999999927 2.2658847596317764
2.98599999999999 2.267568653717348
0.11400000000000432 2.2647569425338396
2.117999999999995 2.261945231350331
