0.709 2.05135119887165
0.09499999999999997 2.059429752259746
0.602 2.067508305647841
0.5429999999999999 2.060508287292818
1.5179999999999998 2.015046113306983
1.6260000000000003 2.02490036900369
1.263 2.0178242280285037
2.8710000000000004 2.5232044583768722
0.1120000000000001 2.338512104791381
3.939 2.15381975120589
4.832000000000001 1.4119751655629138
3.6310000000000002 2.0135235472321673
3.8560000000000016 1.949831950207469
3.3130000000000024 2.215340778750377
3.1640000000000015 2.3940606826801516
0.12999999999999545 2.62563681963091
2.902000000000001 2.857212956581668
0.2880000000000038 1.954029979489875
6.2549999999999955 1.0508470023980818
4.425000000000004 1.6690079096045194
4.562000000000005 1.695219640508549
0.1109999999999971 2.4069654540570915
2.2719999999999985 3.118711267605634
0.13000000000000256 2.5557823677246327
3.9649999999999963 1.992853467843632
0.1280000000000001 3.219663797700397
1.6620000000000061 4.4464741275571615
1.716000000000001 4.156662004662005
1.4070000000000036 5.431306325515281
2.6600000000000037 6.681221052631579
2.448999999999998 6.677256022866476
2.5759999999999934 6.7912732919254655
0.12199999999999989 6.6927877814365
2.554000000000002 6.5943022709475345
2.902000000000001 6.603964162646451
0.09899999999998954 6.5177146536836
2.453000000000003 6.431465144720749
3.3689999999999998 5.068837043633125
0.13299999999999557 5.4363829871199485
2.983000000000004 5.803928930606772
0.3019999999999925 6.1897015325923785
2.570999999999998 6.575474134577985
2.6230000000000047 6.550825772016775
2.733000000000004 6.413681668496158
2.8699999999999903 6.374246689895471
0.13300000000000978 6.383504231374328
2.887999999999991 6.392761772853186
0.10800000000000409 6.436196526774156
2.6470000000000056 6.479631280695125
2.6499999999999915 5.795565283018869
3.411999999999992 5.035092614302463
0.09000000000000341 4.842656631313585
3.6709999999999923 4.650220648324708
0.3190000000000026 4.959194399031945
3.2590000000000003 5.268168149739184
3.0 5.622642666666668
0.09700000000000841 5.954588959232614
2.779999999999987 6.286535251798561
0.11899999999999977 6.296206704651138
2.6920000000000073 6.305878157503715
0.10599999999999454 6.3401591864717854
2.785000000000011 6.374440215439857
0.11699999999999022 6.433896960279133
2.618000000000009 6.493353705118411
2.7949999999999875 6.4300708407871205
0.10099999999999909 6.204578103320389
2.6239999999999952 5.979085365853658
3.2419999999999902 5.31773473164713
0.24899999999999523 4.797059759559583
2.6820000000000164 4.276384787472036
