1.2209999999999999 1.1911613431613433
1.0299999999999998 1.208388349514563
0.9279999999999999 1.2056637931034486
1.0310000000000001 1.2060678952473327
4.418000000000001 1.1822073336351289
3.876999999999999 1.6529440288883155
3.464000000000002 2.0912586605080836
3.6899999999999977 2.299158807588076
0.10900000000000176 2.490511793731145
2.5440000000000005 2.681864779874214
2.3900000000000006 3.059039330543933
0.10800000000000054 3.227476304838362
2.2139999999999986 3.3959132791327913
2.1389999999999993 3.4312407667134166
1.5420000000000016 4.912326848249028
0.2469999999999999 5.743884280587638
1.2610000000000028 6.575441712926248
2.4919999999999973 6.437878009630818
0.10699999999999932 6.437605173039708
2.6750000000000043 6.4373323364485975
2.649000000000001 6.914878067195168
2.3120000000000047 7.12633910034602
2.2620000000000005 7.854026525198938
1.6809999999999974 10.264028554431883
0.11899999999999977 8.735853499830782
2.264000000000003 7.207678445229681
2.786999999999999 6.247489056332975
0.3100000000000023 5.178316551287875
4.324999999999996 4.1091440462427755
3.2140000000000057 5.08792781580585
3.4909999999999997 5.011263248352908
0.10999999999999943 4.804546175091005
3.6629999999999967 4.597829101829102
4.2749999999999915 4.482971695906434
0.12600000000000477 4.943846930515738
2.918999999999997 5.404722165125043
2.3640000000000043 7.223736040609138
1.8430000000000035 9.393988062940858
3.433000000000007 4.924422953684823
0.2680000000000007 3.805878664831151
6.393999999999991 2.687334375977479
0.11700000000000443 3.0226510960347164
5.219999999999999 3.357967816091954
4.385999999999996 4.1710186958504325
0.11400000000000432 4.449439693635844
3.905000000000001 4.727860691421255
0.09199999999999875 4.870738881226559
3.4209999999999923 5.013617071031862
3.1869999999999976 4.819029808597427
0.10899999999999466 4.853289584241814
3.5150000000000006 4.8875493598862025
4.817999999999998 3.5431631382316313
3.9380000000000024 4.359817166074149
0.25900000000000034 3.3584949441326586
7.155999999999992 2.3571727221911685
8.770999999999987 1.992539961235891
0.1150000000000091 2.3463116539120445
6.287000000000006 2.700083346588198
0.10800000000000409 3.111932899971352
5.0379999999999825 3.523782453354506
2.7210000000000036 6.24755604557148
2.7930000000000064 6.4346752595775145
0.10499999999998977 6.446880651608437
2.429000000000002 6.459086043639358
2.492999999999995 6.915401524267951
0.10699999999999932 7.039607070691128
1.600999999999999 7.163812617114304
