0.45999999999999996 3.16175652173913
1.018 3.1344990176817293
0.897 3.1287580824972134
0.1070000000000002 3.1178971436206417
2.403 3.10703620474407
0.09499999999999975 3.2573625468164797
2.34 3.4076888888888894
1.5860000000000003 4.040645649432535
0.11400000000000077 3.825935985234712
2.0059999999999985 3.6112263210368893
0.09800000000000075 3.4166834225769334
2.632999999999999 3.222140524116977
2.110000000000001 3.233490047393365
2.1769999999999996 3.358338998621957
0.12300000000000111 3.3755936870366106
2.2159999999999975 3.392848375451264
0.27500000000000213 3.3937932904083334
2.161999999999999 3.3947382053654023
5.568000000000001 3.174515804597701
0.129999999999999 3.1899175254719445
5.679000000000002 3.2053192463461877
0.11899999999999977 3.3907996142564643
4.485999999999997 3.576279982166741
0.11500000000000199 3.707429335711101
4.485999999999997 3.8385786892554616
0.10999999999999943 4.222799404989903
3.976000000000006 4.6070201207243455
0.12199999999999989 4.992168023808647
3.064 5.377315926892949
3.2419999999999973 5.479891425046268
3.7380000000000067 4.6157924023542
0.2569999999999979 4.502380332430462
3.7179999999999964 4.388968262506724
0.09000000000000341 4.437688460034604
3.880999999999993 4.486408657562484
0.12000000000000455 4.5164261246369595
3.909000000000006 4.546443591711435
4.337000000000003 3.77048651141342
6.396000000000001 2.735196998123828
0.09999999999999432 3.6252188743970346
3.730000000000004 4.515240750670241
3.346999999999994 5.7259348670451145
3.277000000000001 4.814276472383277
0.12300000000000466 4.560052003211306
3.965999999999994 4.305827534039334
0.23000000000000398 4.430955872282825
3.799999999999997 4.556084210526316
0.10300000000000864 5.009147759544257
3.094999999999999 5.462211308562198
0.1039999999999992 5.376243585315582
3.2479999999999905 5.290275862068967
3.5360000000000014 4.957180995475112
3.7099999999999937 4.93102102425876
0.09199999999999875 4.889656520532741
3.808000000000007 4.848292016806723
0.09199999999999875 4.883507063751798
3.4869999999999948 4.918722110696875
0.11299999999999955 5.200926210650115
2.801000000000002 5.4831303106033555
0.0969999999999942 5.481554947965154
3.135000000000005 5.479979585326953
0.257000000000005 5.373584362240768
3.2409999999999854 5.267189139154582
3.266999999999996 5.255267829813284
3.0609999999999786 5.510593923554395
3.1359999999999957 5.572885204081634
3.8100000000000023 4.455491863517062
0.09499999999999886 4.170067157141463
4.569999999999993 3.8846424507658646
0.12700000000000955 3.876291646315811
4.39500000000001 3.8679408418657566
0.10499999999998977 3.849967009419019
4.689999999999998 3.8319931769722815
0.11099999999999 3.800801970514012
4.162000000000006 3.769610764055743
0.22900000000001342 3.6304611130930797
4.937999999999988 3.4913114621304167
3.2869999999999777 3.489280194706419
