0.39999999999999997 3.63602
0.10300000000000004 3.6126781664791903
0.8889999999999999 3.5893363329583807
0.1120000000000001 3.587867349318823
1.9580000000000002 3.586398365679265
4.835000000000001 3.5753911065149953
3.1259999999999994 3.768542546385157
1.5060000000000002 4.25528818061089
0.09399999999999942 4.132104521960121
1.8070000000000004 4.008920863309353
0.09500000000000064 3.9674164705255697
2.160999999999998 3.925912077741786
1.7360000000000007 3.93010599078341
1.8620000000000019 3.926479054779807
1.9160000000000004 3.9240876826722335
0.2759999999999998 3.9205459372839515
4.2940000000000005 3.917004191895669
0.11400000000000077 3.898329137212101
4.556000000000001 3.8796540825285333
5.070999999999998 3.589628870045356
0.12700000000000244 4.060802005644147
3.539999999999999 4.531975141242938
4.917999999999999 3.5013956893045948
4.788000000000004 3.82571261487051
0.1109999999999971 3.5704112370127197
4.969999999999999 3.3151098591549295
4.538000000000004 3.9148981930365796
5.1540000000000035 3.347658517656189
0.23900000000000432 3.45412426210106
4.582999999999998 3.560590006545931
0.125 3.640127517692961
4.680999999999997 3.7196650288399917
0.12099999999999511 3.6965468591905624
4.838000000000008 3.673428689541133
4.700000000000003 3.4792765957446807
0.10500000000000398 3.3761509264972234
5.344999999999999 3.273025257249766
2.225999999999999 3.255831087151842
2.644999999999996 3.2562540642722113
1.8079999999999927 3.354853982300885
2.203000000000003 3.5326300499319108
0.10299999999999443 3.534088575690593
2.2079999999999984 3.5355471014492754
0.09000000000000341 3.519009640950202
1.9950000000000045 3.502472180451128
0.1039999999999992 3.405400734939602
2.3079999999999927 3.3083292894280762
0.09499999999999886 3.309259548874861
2.13900000000001 3.3101898083216454
0.25099999999999056 3.339241305136829
2.459000000000003 3.3682928019520126
5.231999999999999 3.528726299694189
4.807000000000002 3.568043270230913
0.09000000000000341 3.6629362424068685
4.087000000000003 3.757829214582824
0.10899999999999466 3.7626575897475525
4.560000000000002 3.767485964912281
4.516999999999996 3.779269426610582
4.180999999999983 4.1064243004066014
0.117999999999995 4.4044705834344136
3.5870000000000175 4.702516866462225
0.11400000000000432 4.545704440262755
3.9819999999999993 4.388892014063284
0.3129999999999882 4.304242676184016
4.022999999999996 4.2195933383047475
4.880000000000024 3.637872131147541
0.11999999999997613 3.7107232901453266
4.493000000000023 3.7835744491431123
0.10299999999998022 3.989365189090697
4.28400000000002 4.195155929038282
0.11499999999998067 3.840426220462265
4.501000000000005 3.485696511886248
0.10499999999998977 3.340040770302953
5.39700000000002 3.1943850287196587
0.10499999999998977 3.00170684206005
4.082999999999998 2.8090286554004416
