0.27499999999999997 5.288756363636364
0.23300000000000004 5.341802575107296
0.538 5.216535315985129
0.585 5.228786324786325
0.11499999999999999 5.235800805705265
0.6279999999999999 5.242815286624205
3.4949999999999997 4.4443490701001425
0.10300000000000065 4.828680122485891
3.310999999999999 5.21301117487164
3.5890000000000004 5.104869322931179
0.10999999999999943 5.017764796398123
3.334999999999999 4.930660269865068
3.852999999999998 4.503921100441215
4.475999999999999 3.88475781948168
0.12300000000000111 4.00108343850461
4.085000000000001 4.11740905752754
0.11100000000000065 4.344750053854304
3.8659999999999997 4.572091050181066
0.2259999999999991 4.215556655046013
4.716999999999999 3.8590222599109603
0.09300000000000352 3.818278730614769
4.247 3.777535201318578
4.357000000000006 3.952229515721827
4.1640000000000015 4.399018251681077
3.6140000000000043 4.558964028776978
3.820999999999998 4.649517927244178
4.082000000000001 4.226808427241548
0.11599999999999966 4.487303544432528
3.4370000000000047 4.747798661623508
3.8559999999999945 4.515495850622408
0.2360000000000042 4.416645884494877
4.116 4.317795918367347
0.0940000000000083 4.336341367971956
3.7549999999999955 4.354886817576564
3.9200000000000017 4.462836734693878
3.774000000000001 4.462598834128245
0.12399999999999523 4.461828281123713
4.2960000000000065 4.461057728119181
0.10299999999999443 4.550585334647826
3.4000000000000057 4.640112941176471
0.09899999999998954 4.630244782276548
3.695999999999998 4.620376623376624
0.10500000000000398 4.602102529321354
3.777000000000001 4.583828435266084
0.12300000000000466 4.5838805950733885
3.6880000000000024 4.583932754880694
0.3079999999999927 4.3864100634471725
4.102000000000004 4.188887372013651
0.1039999999999992 4.208869741495366
4.144999999999996 4.228852110977081
4.131 4.428488985717744
4.3629999999999995 4.231559935823975
4.227999999999994 4.056666035950804
4.207999999999998 3.6497737642585553
0.09499999999999886 3.6170562958576316
4.793000000000006 3.584338827456708
0.11000000000001364 3.4282591204563584
5.2169999999999845 3.272179413456009
5.182999999999993 3.312552575728342
0.3079999999999927 3.34205761906545
5.003000000000014 3.3715626624025585
0.10899999999998045 3.603754114344387
4.556000000000012 3.835945566286216
4.068000000000012 4.172916420845624
0.12999999999999545 4.2125439589258065
4.175000000000011 4.252171497005988
0.1279999999999859 4.191148916627386
4.116000000000014 4.130126336248784
4.367999999999995 4.114479853479854
3.984999999999985 3.93704391468005
0.1150000000000091 3.9325338051413468
4.388999999999982 3.928023695602643
0.1150000000000091 4.0840236777458685
2.7050000000000125 4.240023659889094
