1.113 1.3067457322551665
0.09099999999999997 1.3119125486672658
0.9449999999999998 1.3170793650793648
0.8520000000000003 1.3132112676056338
0.9449999999999998 1.315826455026455
1.0010000000000003 1.3062297702297705
0.10099999999999998 1.3100147550758736
0.7690000000000001 1.313799739921977
0.13900000000000023 0.9559717880519802
12.111 0.5981438361819834
0.1980000000000004 0.5687097622166217
2.5790000000000006 0.5392756882512602
0.12899999999999778 0.7428246573124433
1.274000000000001 0.9463736263736264
0.11700000000000088 1.1805304664375873
5.167999999999999 1.414687306501548
0.10800000000000054 1.0847810026483644
9.96 0.7548746987951809
0.3299999999999983 0.6663328165576274
2.161999999999999 0.577790934320074
0.14300000000000068 0.5350608576653969
2.612000000000002 0.49233078101071975
0.17099999999999937 0.6484047641071496
1.7879999999999967 0.8044787472035796
0.14700000000000557 1.0667755539102122
0.8429999999999964 1.3290723606168449
0.8350000000000009 1.325154491017964
4.436 0.6507321911632101
0.09899999999999665 0.6374037446090052
4.781000000000006 0.6240752980548002
0.11699999999999733 0.776925913257899
1.4230000000000018 0.9297765284609977
0.1319999999999979 1.2095018523409022
1.8840000000000003 1.489227176220807
0.11399999999999721 1.1599893160395904
8.585999999999999 0.8307514558583742
0.12300000000000466 1.2028703693141831
4.852000000000004 1.574989282769992
0.12999999999999545 1.7326017929593187
4.096999999999994 1.8902143031486454
0.10699999999999932 1.8906723219366806
3.6980000000000075 1.8911303407247158
0.09999999999999432 1.6750338949764927
4.924000000000007 1.4589374492282696
0.117999999999995 1.1101936668288857
9.518 0.7614498844295019
1.676000000000002 0.8682625298329357
0.12599999999999056 0.9216531947410292
0.9120000000000061 0.9750438596491228
1.2199999999999989 1.0072459016393442
3.0360000000000014 1.055357048748353
1.6089999999999947 2.836007458048477
0.10300000000000864 1.8898628317309496
8.090999999999994 0.9437182054134224
0.1740000000000066 1.145294141702336
5.256999999999991 1.3468700779912495
0.10699999999999932 1.3271550074249854
6.335000000000008 1.3074399368587215
0.13299999999999557 1.1056772418573975
9.081000000000003 0.9039145468560733
0.12299999999999045 1.3516140948063768
0.7110000000000127 1.7993136427566805
0.592000000000013 1.7785135135135135
0.2980000000000018 1.7604977206121786
1.6599999999999966 1.7424819277108436
1.7349999999999852 1.7444472622478384
1.7709999999999866 1.7647882552230378
0.1290000000000191 1.2907423259704203
8.408999999999992 0.8166963967178025
0.10699999999999932 1.0161187290437514
6.746000000000009 1.2155410613697004
0.15500000000000114 1.2152105581008885
5.835999999999984 1.2148800548320766
6.133999999999986 1.2702601891098793
4.336000000000013 1.769361623616236
4.0190000000000055 1.9548424981338641
3.4320000000000164 1.9364335664335666
1.382000000000005 1.8182749638205495
0.12100000000000932 1.8579938303810812
1.0789999999999793 1.897712696941613
