0.853 1.70505041031653
0.7219999999999999 1.7238781163434906
0.6499999999999999 1.721316923076923
0.722 1.7222382271468146
0.7650000000000001 1.7091973856209148
0.14199999999999946 1.69458287211171
1.5170000000000003 1.679968358602505
3.4400000000000004 1.3064906976744186
7.572999999999999 1.120282054667899
0.10900000000000176 1.5011981307822255
3.625 1.8821142068965522
3.421000000000003 2.1371248173048816
2.1190000000000033 3.5481604530438884
2.401 3.056819658475635
0.09799999999999898 3.488763866504898
1.9319999999999986 3.9207080745341614
2.5639999999999965 3.233865834633385
1.6540000000000035 3.974031438935913
4.186999999999998 4.112697396704084
0.10900000000000176 4.207301258239313
4.258000000000003 4.301905119774542
3.7859999999999943 4.351847860538827
0.11700000000000443 4.204910682210939
4.378 4.057973503883051
0.11899999999999977 4.19709833776711
3.978999999999999 4.336223171651168
0.1180000000000021 4.467742927426486
3.5479999999999947 4.599262683201804
3.5350000000000037 4.925530975954738
4.0090000000000074 4.433037665253179
0.2839999999999918 4.232371889825801
4.055999999999997 4.031706114398422
4.682999999999993 3.7357078795643814
0.11299999999999955 4.093256688196567
3.784000000000006 4.450805496828751
0.11699999999999022 4.196269058574804
4.862000000000009 3.941732620320856
3.4399999999999977 4.586158139534884
3.997 4.272432324243182
0.10299999999999443 3.9847235291939804
4.683000000000007 3.697014734144779
0.12099999999999511 3.8317950254487383
4.2620000000000005 3.9665753167526976
4.0989999999999895 4.191953159307148
0.29300000000000637 4.623166891072259
3.4680000000000035 5.054380622837369
4.120999999999995 4.439235137102645
4.358999999999995 4.235442991511815
3.543999999999997 4.839611738148984
3.4440000000000026 4.459421602787456
3.6920000000000073 4.653232936078007
0.10499999999998977 4.532166855635903
3.8700000000000045 4.411100775193798
4.084000000000003 4.2039569049951035
0.11700000000001864 4.201546289191602
4.016999999999996 4.1991356733881
0.27299999999999613 4.21077440832971
4.13900000000001 4.2224131432713214
3.9469999999999743 4.300842158601469
4.542000000000002 3.908590048436812
4.922999999999973 3.453097704651635
6.192999999999984 2.901993864040045
0.10300000000000864 3.2440392177343087
4.375 3.586084571428572
0.12600000000000477 3.476645410714286
5.1200000000000045 3.36720625
9.284999999999997 1.2352465266558965
