0.356 4.085415730337079
0.303 4.107722772277228
0.09900000000000009 4.118171349238246
0.2709999999999999 4.128619926199263
0.3019999999999998 4.117403973509934
0.1060000000000001 4.073353831120809
1.9789999999999999 4.029303688731683
0.11500000000000021 4.028625445874326
1.5910000000000002 4.02794720301697
0.10799999999999965 5.326887229147641
2.6050000000000004 6.625827255278311
2.6289999999999996 6.968952453404338
4.181999999999999 3.9320306073648967
0.12600000000000122 4.083341804414513
4.097999999999999 4.234653001464129
0.09799999999999898 4.3306890261903135
3.928000000000001 4.426725050916497
3.7880000000000003 4.440236536430834
0.11200000000000188 4.424071385422399
4.009999999999998 4.407906234413964
4.5169999999999995 4.029888864290458
0.2749999999999986 4.072819239738866
3.8980000000000032 4.1157496151872754
0.1109999999999971 3.960201807151747
4.526000000000003 3.804653999116218
4.219000000000001 4.341671486134155
3.7620000000000005 4.379610845295057
4.295000000000002 4.1363930151338755
0.1039999999999992 4.265577047556749
3.925999999999995 4.394761079979623
4.005999999999993 4.073435846230654
0.0940000000000083 4.127466242039439
4.1640000000000015 4.181496637848223
4.038999999999987 4.400110918544193
0.2540000000000049 4.409269185292091
3.7010000000000076 4.41842745203999
0.10599999999999454 4.380263614329749
4.028999999999996 4.342099776619509
3.9450000000000074 4.2691629911280105
4.347999999999999 4.407705611775529
3.832000000000008 4.117010438413361
3.7849999999999966 4.511733685601057
0.11400000000000432 4.455755025773845
3.9350000000000023 4.399776365946634
4.025999999999996 4.199091902632887
4.207999999999998 4.083368821292776
0.28300000000000125 4.079892782739412
4.299999999999997 4.076416744186047
0.10699999999999932 4.195530070206232
4.240000000000009 4.314643396226416
4.379000000000005 4.216098652660425
0.12399999999999523 4.175501592482575
4.14800000000001 4.134904532304724
3.5349999999999824 4.344624611032532
4.056000000000012 4.2356351084812625
4.092000000000013 4.171788856304985
0.10900000000000887 4.141072785825464
4.1769999999999925 4.110356715345942
0.12299999999999045 4.152136090144378
4.021999999999991 4.1939154649428145
0.271000000000015 3.8748385056148456
4.914999999999992 3.5557615462868766
0.09100000000000819 3.96656359934251
3.877999999999986 4.377365652398144
0.12100000000000932 4.307157289206232
4.189999999999998 4.23694892601432
0.11100000000001842 4.306888469186358
3.883999999999986 4.376828012358395
0.11600000000001387 4.371077110381286
4.11699999999999 4.365326208404178
3.7069999999999936 4.23229565686539
0.09200000000001296 4.257242711691513
4.025999999999982 4.282189766517636
2.6599999999999966 4.311753383458647
