0.89 1.6341662921348317
0.11099999999999999 1.6402577492420192
0.756 1.6463492063492065
0.6799999999999999 1.6453764705882354
0.11799999999999988 1.6461690299961045
0.7550000000000003 1.6469615894039735
4.96 1.607659677419355
0.13199999999999967 1.6072982439253245
3.9879999999999995 1.606936810431294
0.11800000000000033 1.5496694764970644
4.854000000000001 1.4924021425628349
9.421 0.9005303046385733
0.884999999999998 1.3623502824858755
0.10700000000000287 1.406624945675793
0.7669999999999995 1.4508996088657107
0.134999999999998 1.4931899938780515
0.7390000000000008 1.5354803788903926
0.24600000000000222 1.5313000916456854
0.8179999999999978 1.5271198044009782
0.1039999999999992 1.3949449843749517
3.9549999999999983 1.2627701643489253
0.1460000000000008 1.210571447080861
7.158000000000001 1.158372729812797
0.12899999999999778 1.0771445467245804
6.600000000000001 0.9959163636363637
0.12000000000000455 1.0106879790967156
7.201999999999998 1.0254595945570675
0.09799999999999898 1.0684277643646904
1.0330000000000013 1.1113959341723136
1.0949999999999989 1.1003908675799088
0.09900000000000375 1.1014754337899544
1.1999999999999957 1.10256
0.12199999999999989 1.0982008576998052
2.565000000000005 1.0938417153996105
0.11499999999999488 1.0931710343782504
2.8299999999999983 1.0925003533568904
4.533000000000001 1.0875023163467903
9.901999999999987 0.7820852353059987
0.09000000000000341 0.9672001394852616
6.069000000000003 1.1523150436645246
0.125 1.3403924154492834
4.700000000000003 1.5284697872340423
0.09499999999999886 1.514646987218181
4.8289999999999935 1.5008241872023194
4.890000000000001 1.7613071574642127
0.2950000000000017 1.7478385904417082
1.2809999999999917 1.7343700234192039
0.13000000000000966 1.756360120247952
0.6909999999999883 1.7783502170767003
0.10999999999999943 1.7963279964205698
1.7660000000000053 1.8143057757644394
1.820999999999998 1.5737199341021415
0.10700000000001353 1.3086221045551438
3.0689999999999884 1.0435242750081462
0.10600000000000875 1.3093590229323266
4.49499999999999 1.5751937708565071
0.1039999999999992 1.3280975379993838
7.662000000000006 1.0810013051422604
0.15500000000000114 1.1379131707661811
6.86999999999999 1.1948250363901018
0.117999999999995 1.2411922283399783
5.865000000000009 1.287559420289855
0.13800000000000523 1.3037724670485038
4.418000000000006 1.3199855138071526
5.199999999999989 1.44398
0.10099999999999909 1.3457773042044519
2.426000000000016 1.2475746084089034
0.953000000000003 1.2591059811122771
2.069999999999993 1.3353275362318842
0.1209999999999809 1.4596411110613592
1.9420000000000073 1.5839546858908342
2.1539999999999964 1.3819610027855151
4.002999999999986 1.2687704221833624
0.09499999999999886 1.3897960027419374
5.078000000000003 1.510821583300512
0.12000000000000455 1.3618102976706328
6.478000000000009 1.2127990120407532
0.1279999999999859 1.379351355287648
4.299000000000007 1.545903698534543
4.568999999999988 1.481934777850733
0.14700000000001978 1.2038466159785066
5.174999999999983 0.9257584541062802
