0.333 4.367591591591591
0.284 4.382535211267606
0.1150000000000001 4.376533230633803
0.256 4.37053125
1.9069999999999998 3.9151588883062396
0.1030000000000002 2.915301279368109
4.163 1.9154436704299787
3.5520000000000005 1.8041846846846847
3.4509999999999987 2.0991364821790786
3.8630000000000013 2.1961936318923123
3.058 2.231086984957489
3.402000000000001 2.149060552616108
0.1039999999999992 2.1523043588768616
3.4879999999999995 2.1555481651376147
0.2980000000000018 2.1644521992404098
3.3770000000000024 2.1733562333432044
4.967000000000006 1.5250267767263943
0.1389999999999958 1.4915121574857575
5.686999999999998 1.4579975382451205
0.10600000000000165 1.6753057083681693
3.472999999999999 1.8926138784912179
0.13100000000000023 1.9150057849958713
3.8120000000000047 1.9373976915005249
3.628 2.131640573318633
3.610999999999997 1.9622575463860426
0.09000000000000341 1.933136484036395
4.149999999999999 1.9040154216867473
4.024000000000001 1.8364910536779326
0.2680000000000007 1.9089166379500777
3.5999999999999943 1.9813422222222226
0.10500000000000398 2.1171227620545077
3.391999999999996 2.252903301886793
0.10500000000000398 2.231188883468361
3.5049999999999955 2.209474465049929
0.09700000000000841 2.188985294540468
3.2249999999999943 2.168496124031008
3.614999999999995 1.9872221300138313
3.951999999999998 1.8338765182186234
4.6510000000000105 1.8518150935282736
2.878 2.10756636553162
0.12400000000000944 2.115210351341915
3.665999999999997 2.1228543371522095
0.3229999999999933 2.1319822974844973
3.646000000000001 2.1411102578167855
3.26700000000001 2.138791551882461
0.13100000000000023 2.141513720338872
3.560999999999993 2.144235888795283
4.622 1.5319117265253135
0.09399999999999409 1.5198819510106998
5.492999999999995 1.507852175496086
0.10300000000000864 1.3890582449749078
6.462000000000003 1.2702643144537296
0.1349999999999909 1.4008527007271692
4.930999999999997 1.5314410870006085
4.247000000000014 1.3731330350835886
3.673000000000002 2.0442951265995104
0.3059999999999832 2.088342928509494
3.4090000000000202 2.132390730419478
0.103999999999985 2.093322296777068
3.6239999999999952 2.054253863134658
3.2419999999999902 2.1183220234423197
3.808000000000021 2.153371848739496
0.09799999999998477 2.1577986385266463
2.2180000000000177 2.1622254283137963
3.603999999999985 2.1619800221975587
0.09700000000000841 2.1570001092754976
3.5649999999999977 2.1520201963534364
3.664999999999992 2.1436594815825374
3.094999999999999 2.1472827140549273
0.29300000000000637 2.145674289263056
3.157999999999987 2.1440658644711843
2.2239999999999895 2.1541366906474817
