0.859 1.693140861466822
0.7289999999999999 1.7073251028806584
0.653 1.7134088820826954
0.726 1.7127493112947658
1.1340000000000003 2.9034285714285715
1.7850000000000001 3.5901759103641457
0.11199999999999921 3.8402940534316494
1.771 4.090412196499153
3.3949999999999996 2.498938438880707
0.10100000000000087 3.3119432218587335
1.654 4.12494800483676
3.6769999999999996 4.719501767745443
0.1280000000000001 4.003556518208135
5.2890000000000015 3.2876112686708256
0.11299999999999955 3.62584852851406
4.2429999999999986 3.9640857883572944
3.9780000000000015 4.4433645047762695
0.11999999999999744 4.291617208039716
4.3969999999999985 4.139869911303163
0.1039999999999992 4.043267304975074
4.065000000000005 3.9466646986469853
3.9819999999999993 4.324425916624812
0.11899999999999977 3.1841674327600744
8.962000000000003 2.043908948895336
0.25200000000000244 1.6571652077347374
12.968999999999994 1.2704214665741385
0.12100000000000932 2.5355628256391616
2.0789999999999935 3.800704184704185
0.12000000000000455 3.798153838628415
1.9470000000000027 3.795603492552645
1.815000000000012 3.929934986225896
1.7849999999999966 4.281147338935574
0.11599999999999966 4.375489162425533
3.975999999999999 4.469830985915493
0.12199999999999989 4.532919989866122
3.558000000000007 4.596008993816751
3.659000000000006 4.781175184476633
2.739999999999995 6.1466598540146
0.2530000000000001 6.375312008330526
2.902000000000001 6.603964162646451
0.1039999999999992 5.547411059404638
3.512999999999991 4.490857956162824
0.0940000000000083 4.128634977199189
4.533999999999992 3.7664119982355535
4.454999999999998 3.886222222222222
3.3149999999999977 5.0997116138763205
3.7169999999999987 4.622764595103577
4.120999999999995 4.253480223246785
4.673999999999992 3.914011125374412
0.1280000000000001 4.198663649136939
4.118000000000009 4.483316172899466
0.2680000000000007 4.935060096499983
3.1839999999999975 5.386804020100501
0.12399999999999523 5.268560963772584
2.9820000000000135 5.150317907444668
0.117999999999995 5.131667287055667
3.359999999999985 5.113016666666667
3.549999999999983 4.808721126760564
3.930000000000007 4.368692111959287
4.898000000000025 3.4438399346672113
0.10599999999999454 3.4584628926118253
5.031999999999982 3.4730858505564393
3.6980000000000075 4.590433747971877
0.09499999999999886 5.090055664917928
3.1759999999999877 5.58967758186398
0.31800000000001205 5.341213865827137
3.337999999999994 5.092750149790294
3.8830000000000098 4.628392480041205
0.117999999999995 4.533935911780648
3.533999999999992 4.439479343520091
4.102000000000004 4.2028512920526575
0.09999999999999432 3.942990193232495
3.1140000000000043 3.6831290944123323
