1.1039999999999999 1.3173985507246375
0.11100000000000021 1.3235710702341137
0.9359999999999997 1.3297435897435899
0.843 1.3272313167259786
0.14800000000000013 1.3278549746023056
0.9359999999999999 1.3284786324786326
0.9909999999999997 1.3194106962663974
0.1120000000000001 1.3252600253400497
0.7590000000000003 1.3311093544137023
0.14900000000000002 1.3174734471517309
3.447 1.3038375398897593
0.14700000000000024 1.2172856898435869
7.502999999999998 1.1307338397974145
0.09500000000000242 1.1056475660817924
6.314 1.0805612923661705
0.10500000000000043 1.0044187873715058
7.875999999999998 0.928276282376841
0.10200000000000031 1.1103340409606302
0.8780000000000037 1.2923917995444192
0.3019999999999996 1.2894420377742692
0.9709999999999965 1.2864922760041195
0.15200000000000102 1.2855877963437181
1.0009999999999977 1.284683316683317
0.0940000000000012 1.2776808809564995
1.131999999999998 1.270678445229682
2.0870000000000033 1.2920325826545282
0.10199999999999676 1.347575678300444
2.088000000000001 1.4031187739463598
0.11200000000000188 1.0091069889774749
12.573 0.6150952040085899
0.16799999999999926 0.6756747840491827
9.623999999999995 0.7362543640897755
0.16100000000000136 0.8468073557062481
1.382000000000005 0.9573603473227208
0.11299999999999955 0.9570536880925998
1.1779999999999973 0.9567470288624789
0.30299999999999727 0.9572527855018544
1.3170000000000073 0.95775854214123
0.10199999999998965 0.9517242148908398
1.335000000000008 0.9456898876404497
0.3400000000000034 0.9379525827091137
3.455999999999989 0.9302152777777777
2.3619999999999948 1.164436917866215
0.12000000000000455 1.150112739012003
2.5349999999999966 1.1357885601577908
7.287999999999997 0.9944401756311743
0.11099999999999 1.0522395490863694
7.759 1.1100389225415648
0.16200000000000614 0.9141843120524025
8.444000000000003 0.7183297015632402
0.16499999999999204 0.6768650467319792
12.248000000000005 0.6354003919007184
0.31799999999999784 0.6395770857991714
1.8520000000000039 0.6437537796976243
0.18899999999999295 0.6424899244720301
1.9640000000000128 0.6412260692464359
0.1319999999999908 0.8217681658881344
1.257000000000005 1.0023102625298328
0.09999999999999432 1.1675226988324838
2.219999999999999 1.332735135135135
2.569999999999993 1.285095719844358
0.13400000000000034 1.2169667643260458
2.7930000000000064 1.1488378088077333
0.10299999999999443 1.163150867322045
2.4810000000000088 1.1774639258363566
0.11899999999999977 1.2144504178538007
4.659999999999997 1.2514369098712446
0.13599999999999568 1.2887965192238595
5.662000000000006 1.3261561285764747
0.14099999999999113 1.1455123621379852
7.533999999999992 0.9648685956994957
1.3429999999999893 0.8934683544303798
0.16500000000002046 0.9271497616307742
1.2319999999999993 0.9608311688311688
0.16599999999999682 0.9575180162505144
1.3569999999999993 0.9542048636698599
0.13999999999998636 0.9567390957490506
1.2110000000000127 0.9592733278282413
3.4710000000000036 1.0101549985594929
0.2990000000000066 1.0279037225317569
7.336999999999989 1.0456524465040207
8.822000000000003 0.8905590569031966
5.063999999999993 1.3123696682464454
0.14500000000001023 1.2274774429656121
5.925999999999988 1.1425852176847788
4.064000000000021 1.1788385826771652
