0.387 3.7581602067183457
0.11399999999999999 3.759200949280623
0.33099999999999996 3.7602416918429
0.757 3.7073923381770144
0.8249999999999997 3.7076848484848477
1.4129999999999994 3.6963849964614295
1.7359999999999998 3.6915115207373277
1.9700000000000006 3.677218274111675
5.2989999999999995 3.45751575769013
0.09500000000000064 3.280055237335631
5.300000000000001 3.102594716981132
0.10299999999999798 3.2344795117398384
5.155000000000001 3.366364306498545
4.694000000000003 3.7043408606732
0.1059999999999981 3.503094654914535
5.093999999999998 3.30184844915587
0.10999999999999943 3.5389507146441606
4.6810000000000045 3.7760529801324507
0.11299999999999955 3.859329067497458
4.616999999999997 3.942605154862465
4.072000000000003 3.9398801571709225
0.3129999999999953 3.937474813503194
4.376000000000005 3.9350694698354656
4.744999999999997 3.860381875658588
4.303000000000004 3.828978851963746
0.09499999999999886 3.871076210122842
4.539999999999992 3.9131735682819384
4.316999999999993 3.9967180912670837
4.102999999999994 3.9771347794296856
0.09799999999999898 3.9671755715330246
4.400000000000006 3.957216363636363
0.09999999999999432 3.967914242424242
1.3200000000000074 3.9786121212121213
1.867999999999995 3.7437901498929333
2.114999999999995 3.396599527186761
2.1410000000000053 3.3850910789350768
2.5379999999999967 3.3935350669818756
1.7860000000000014 3.3961791713325873
0.11199999999999477 3.4684226156935907
2.1980000000000075 3.5406660600545945
0.10599999999999454 3.827500330407525
4.207999999999998 4.114334600760456
4.0989999999999895 4.124309343742376
0.09900000000000375 4.155067704757911
4.105000000000004 4.185826065773448
0.09499999999999886 4.187129520341921
4.185000000000002 4.188432974910395
0.11499999999999488 4.070246731568397
4.629000000000005 3.9520604882263988
4.676000000000002 3.948309666381522
0.125 3.9383765464294234
4.366 3.928443426477325
3.911999999999992 3.925932515337424
0.2740000000000009 3.9979977667897733
4.221000000000004 4.070063018242123
0.09100000000000819 4.08732292532688
4.158999999999992 4.104582832411637
4.117999999999995 4.169247207382225
3.9920000000000186 4.225432865731463
0.10299999999998022 4.216299485345269
4.154000000000025 4.207166104959076
4.0519999999999925 4.189393879565647
4.2050000000000125 4.221834958382877
0.09399999999999409 4.258416215927165
3.9579999999999984 4.294997473471451
0.14500000000001023 4.2839761499549365
4.205999999999989 4.272954826438421
0.28000000000000114 4.141733036941092
3.912000000000006 4.0105112474437625
0.10099999999999909 4.010850784261667
4.298000000000002 4.011190321079572
0.10300000000000864 4.083360377931091
2.759999999999991 4.15553043478261
