0.903 1.610640088593577
0.09799999999999986 1.6156325442967885
0.768 1.620625
0.135 1.6187344653179192
0.692 1.6168439306358382
0.11299999999999999 1.6267312216047034
1.8690000000000002 1.6366185125735688
0.11599999999999966 2.0121047602751814
1.3790000000000004 2.3875910079767944
0.11299999999999955 2.635261567336814
0.8840000000000003 2.882932126696833
0.1200000000000001 2.712364308962451
2.8500000000000005 2.54179649122807
1.9990000000000006 4.244070035017508
0.0990000000000002 4.2797402673506255
1.5809999999999995 4.315410499683744
0.12299999999999933 4.577338267131331
3.5860000000000003 4.839266034578918
0.10900000000000176 5.87790191148198
2.5139999999999993 6.9165377883850425
2.8619999999999983 5.876874912648497
3.776 4.681065677966101
0.12599999999999767 4.59115202790491
4.0440000000000005 4.501238377843719
3.1389999999999993 5.110924498247849
3.5350000000000037 4.871248656294202
3.0420000000000016 6.021535831689678
0.2510000000000048 5.481688131801647
3.333999999999996 4.941840431913617
3.6470000000000056 4.871348505621057
3.5600000000000023 4.84658202247191
3.503999999999998 4.657015981735159
0.09499999999999886 5.155091107750696
3.0800000000000054 5.653166233766234
0.117999999999995 5.3303937677706905
3.5489999999999995 5.007621301775148
3.8090000000000046 4.293147807823576
0.09199999999999875 4.478528049472972
3.7509999999999906 4.663908291122369
3.9529999999999887 4.26052314697698
0.2430000000000092 4.049034501001506
4.994 3.837545855026032
0.11599999999999966 3.8154288544185224
4.158999999999992 3.793311853811012
4.420000000000002 3.863554751131221
4.790999999999997 3.613675641828429
0.10999999999999943 3.2897802770545654
5.700000000000003 2.965884912280702
0.10299999999999443 3.1278607023589995
5.222999999999999 3.289836492437297
4.653000000000006 3.7671592520954222
4.170000000000002 4.387071462829735
0.1280000000000001 4.416301924528279
4.153000000000006 4.445532386226823
0.23900000000000432 3.996089600888432
4.8359999999999985 3.5466468155500412
4.052999999999997 3.789353071798668
4.400999999999982 3.9035982731197456
0.10200000000000387 3.5505030136904216
5.338999999999999 3.1974077542610977
6.902000000000015 2.4875340481019994
0.09299999999998931 3.0313812673744422
4.718000000000018 3.575228486646885
3.602000000000004 4.851906718489728
0.09100000000000819 5.833304623797252
2.4909999999999854 6.814702529104777
0.11100000000001842 6.328183117135476
3.0389999999999873 5.841663705166173
0.2539999999999907 5.258510620459875
3.636000000000024 4.675357535753577
4.0120000000000005 4.479573280159521
3.0490000000000066 5.145660872417187
3.5190000000000055 4.89914634839443
1.9919999999999902 5.757662650602409
