0.695 2.092673381294964
0.11599999999999999 2.110131562442354
0.585 2.127589743589744
0.10200000000000009 2.1253280786259916
0.5269999999999999 2.1230664136622392
0.5900000000000003 2.1075525423728814
0.10899999999999999 2.108240787315473
0.6199999999999997 2.108929032258065
0.9529999999999998 2.674199370409234
1.3949999999999996 2.022319713261649
0.10099999999999998 2.012564011493903
4.236000000000001 2.0028083097261566
2.722999999999999 2.505568857877341
7.921000000000001 2.19083550056811
4.727 3.678480220012693
6.411000000000001 2.62355576353143
0.10499999999999687 2.1326055960779655
10.767000000000003 1.6416554286245006
0.12199999999999989 2.572091408579766
1.5700000000000003 3.5025273885350314
0.125 3.506885489139311
1.8719999999999999 3.5112435897435903
0.3200000000000003 3.417493982090517
2.221999999999994 3.3237443744374437
2.399000000000001 3.223673197165486
0.10500000000000398 3.2251590029543276
2.195999999999998 3.226644808743169
0.09899999999999665 3.1798695891455733
2.5220000000000056 3.1330943695479774
2.4210000000000065 3.0524741842213956
2.4720000000000013 2.8854498381877023
0.14099999999999824 2.4515170396037007
8.629999999999995 2.0175842410196987
2.4339999999999975 3.1816795398520954
2.0529999999999973 3.4064296151972715
0.23900000000000432 3.4047325716914827
2.11099999999999 3.4030355281856943
0.09700000000000841 3.7616314650593052
1.7590000000000003 4.120227401932916
4.1270000000000095 4.643737339471771
4.582000000000008 3.443121780881711
0.12599999999999056 2.846373958547824
7.591000000000008 2.2496261362139376
0.2890000000000015 3.2622352903291914
4.049999999999997 4.274844444444445
3.891999999999996 4.343664953751285
0.10800000000000409 4.282743533386698
4.069999999999993 4.221822113022113
0.13400000000000034 4.08841466661936
4.432000000000002 3.955007220216607
4.768999999999991 3.836042776263368
0.1290000000000049 3.9684762970610485
4.501999999999995 4.100909817858729
0.09900000000000375 4.343447422298349
3.739999999999995 4.585985026737968
3.667000000000016 4.188232342514317
0.13299999999998136 3.543393714702409
5.9269999999999925 2.898555086890501
0.2650000000000148 2.880924641734415
5.961999999999989 2.863294196578329
5.329000000000008 3.221797710639895
5.537000000000006 3.0464020227560056
2.990000000000009 2.742488294314381
0.11199999999999477 2.735763007819238
2.598000000000013 2.7290377213240955
0.10299999999998022 2.701772151867946
1.899000000000001 2.6745065824117957
0.10200000000000387 2.6664203043729113
2.8859999999999957 2.6583340263340265
0.11100000000001842 2.659426410390176
2.9529999999999745 2.6605187944463258
2.6079999999999757 2.5482515337423317
0.09900000000001796 2.0986459811916722
4.1059999999999945 1.6490404286410132
0.09899999999998954 1.7500998124657925
2.5880000000000223 1.8511591962905718
