1.351 1.076541820873427
0.15599999999999992 1.0860878118451642
1.136 1.0956338028169015
1.024 1.0926328125
1.1360000000000001 1.0945915492957747
1.205 1.0850921161825726
0.923 1.0945958829902493
1.396 2.02087106017192
2.962999999999999 2.8632791090111374
2.1839999999999993 3.123930402930403
0.10599999999999987 3.509515547762484
1.8770000000000007 3.8951006925945655
0.12100000000000044 3.8903286408709263
1.9349999999999987 3.885556589147287
6.000999999999998 2.8028021996333945
0.10100000000000264 3.023620629919487
5.447999999999997 3.2444390602055795
0.14500000000000313 2.922805983375153
6.998000000000001 2.601172906544727
0.10799999999999699 2.6483008349927935
5.951999999999998 2.69542876344086
0.14699999999999847 2.5252214933178045
7.312000000000005 2.3550142231947486
0.09299999999999642 1.8768733622756164
5.5290000000000035 1.3987325013564842
6.902000000000001 1.0266172124022024
0.10099999999999909 1.2170549546157787
5.614000000000004 1.407492696829355
5.461000000000013 1.3532393334554111
0.14699999999999136 1.2285254146748672
2.801000000000002 1.1038114958943233
0.11199999999999477 1.073167515081761
1.2109999999999985 1.042523534269199
0.09300000000000352 1.0579602646304258
2.9950000000000045 1.0733969949916526
1.9749999999999943 1.392607594936709
0.1290000000000049 1.4657383244592683
1.8709999999999951 1.5388690539818277
0.12300000000000466 1.783996985240747
1.4969999999999999 2.0291249164996663
0.09900000000000375 1.8389108502865867
5.224000000000004 1.6486967840735072
2.6920000000000073 2.2531857355126297
0.09600000000000364 2.3180172400771966
3.265999999999991 2.3828487446417634
0.1290000000000049 1.7585914749073392
6.881999999999991 1.1343342051729148
0.15500000000000114 1.476042232659298
3.8440000000000083 1.817750260145681
0.1389999999999958 1.730440010640949
4.647000000000006 1.643129761136217
4.084999999999994 1.7332915544675642
0.12999999999999545 1.8027479472156989
4.424000000000007 1.8722043399638337
0.257000000000005 1.5018118874181676
7.2549999999999955 1.1314194348725015
5.807999999999993 1.3001955922865014
3.2959999999999923 1.7693252427184463
3.7840000000000202 1.9843276955602538
0.12199999999998568 1.5333580109725033
6.716000000000008 1.082388326384753
1.7329999999999757 1.8034852856318524
1.5300000000000011 1.806619607843137
2.8310000000000173 1.0865559872836454
2.3479999999999848 1.2677785349233388
0.12000000000000455 2.385261894834297
1.0010000000000048 3.5027452547452556
0.09999999999999432 2.4541897765115066
5.457999999999998 1.4056342982777577
2.319000000000017 3.387887882708064
2.859000000000009 2.324533053515215
2.1829999999999927 3.101676591846083
0.11000000000001364 3.5791194136199085
1.1809999999999832 4.056562235393734
