2.597 0.5600338852522141
0.12799999999999967 0.5636632507391426
2.194 0.5672926162260711
0.10800000000000054 0.5661857020524295
1.9799999999999995 0.5650787878787878
0.1070000000000002 0.5659158752520649
2.194 0.5667529626253419
0.12299999999999933 0.5649303142153411
2.322000000000001 0.5631076658053403
0.17099999999999937 0.5642376605467665
1.7870000000000008 0.5653676552881925
0.10699999999999932 0.5649950615299157
2.171999999999999 0.564622467771639
0.12900000000000134 0.5616989397918059
2.4890000000000008 0.5587754118119727
0.1059999999999981 0.5622783675671783
2.1310000000000002 0.5657813233223838
0.17099999999999937 0.5667784167632328
1.9600000000000009 0.5677755102040817
0.1490000000000009 0.7072907401766677
1.3399999999999999 0.8468059701492536
0.13299999999999912 0.9441511048419037
7.047000000000001 1.0414962395345537
0.15899999999999892 0.8390173634647559
11.900000000000002 0.636538487394958
0.134999999999998 0.5797979709702064
2.75 0.5230574545454547
0.13600000000000279 0.537491288849082
2.030000000000001 0.5519251231527094
0.14499999999999602 0.6066571222458108
1.6730000000000018 0.6613891213389121
0.12700000000000244 0.6626991876214514
1.7289999999999992 0.6640092539039908
0.18199999999999505 0.6632107841812422
1.8190000000000026 0.6624123144584937
0.20000000000000284 0.6538760060757067
5.027999999999999 0.6453396976929198
0.14799999999999613 0.6444987086766962
4.359000000000002 0.6436577196604726
0.14799999999999613 0.6347821767835533
11.396 0.6259066339066339
0.26400000000001 0.6311226717920266
1.9839999999999947 0.6363387096774193
0.15099999999999625 0.6314555469075105
2.0930000000000035 0.6265723841376015
0.11700000000000443 0.6282839037392813
1.7479999999999905 0.6299954233409611
0.15500000000000114 0.45164016977103927
4.2960000000000065 0.4267150837988826
0.23199999999999932 0.42888451285379814
4.5789999999999935 0.43105394190871366
0.3160000000000025 0.4249543279868143
5.176000000000002 0.418854714064915
0.21399999999999864 0.4721311813717185
1.340999999999994 0.663117076808352
0.11900000000001398 0.7457255929684377
3.8669999999999902 0.8283341091285235
0.15099999999999625 0.7406270764700668
1.8260000000000076 0.6529200438116101
0.19400000000000261 0.5868535393675718
8.762 0.5207870349235334
0.14000000000000057 0.5136016136034491
6.323999999999998 0.506416192283365
0.16400000000000148 0.5103680603954804
2.2379999999999995 0.5143199285075959
0.16400000000000148 0.5130409818663224
2.5549999999999926 0.5117620352250489
0.16500000000000625 0.47524248550243275
3.269999999999996 0.4387229357798165
0.1740000000000066 0.4030123435717917
3.483000000000004 0.36730175136376686
0.2560000000000002 0.374221694512501
3.7039999999999793 0.41574514038876886
0.2980000000000018 0.4628631850191306
5.221000000000004 0.5099812296494923
0.3930000000000007 0.525237193953979
7.235000000000014 0.5404931582584658
0.3789999999999907 0.540517143913286
7.525000000000006 0.5405411295681063
0.43199999999998795 0.516104426100491
5.682000000000016 0.4916677226328757
0.17900000000000205 0.43109391220702303
3.9299999999999784 0.37052010178117034
0.18000000000000682 0.411624461277984
4.6980000000000075 0.4527288207747977
0.26900000000000546 0.46701203850099554
6.302999999999997 0.4812952562271934
0.32399999999998386 0.4557596814146263
4.953000000000003 0.4302241066020593
0.24800000000001887 0.36823136449414157
3.251999999999981 0.3937613776137761
0.2230000000000132 0.544779487035857
1.5809999999999889 0.6957975964579379
0.1419999999999959 0.8644571406499068
0.9170000000000016 1.0331166848418756
1.490000000000009 0.6027919463087247
