0.353 4.120135977337111
0.302 4.121324503311258
0.09899999999999998 4.10026690281842
0.6880000000000001 4.079209302325582
0.10899999999999999 4.078831317829458
0.7500000000000002 4.078453333333333
1.9649999999999999 4.058011195928753
1.5829999999999993 4.04830322173089
0.11900000000000066 4.044263155762266
1.7929999999999993 4.040223089793642
0.11099999999999977 4.040108898810823
4.535 4.039994707828004
4.067 4.043214162773543
4.335000000000001 4.003139100346021
4.323999999999998 4.021317298797411
4.152999999999999 4.049991813147122
4.484999999999999 3.9410711259754745
0.1110000000000042 3.9975965874866235
4.489999999999995 4.0541220489977725
0.1110000000000042 4.061966148801271
3.942 4.069810248604769
0.2469999999999999 4.033032764126009
4.3089999999999975 3.9962552796472495
0.10099999999999909 3.9805423584383433
4.6200000000000045 3.964829437229437
4.153999999999996 3.9663206547905627
4.444000000000003 3.9977065706570656
4.268000000000001 4.042603561387066
4.024000000000001 4.055214711729622
4.375 3.979829028571429
0.12599999999999056 3.975174567905017
4.475999999999999 3.970520107238605
0.12199999999999989 4.002107611586743
4.054000000000002 4.033695115934879
0.23999999999999488 4.008913146671607
4.391000000000005 3.9841311774083352
0.117999999999995 3.998958820353357
4.196000000000012 4.013786463298379
0.10199999999998965 4.012408510008336
4.778000000000006 4.011030556718293
0.12199999999999989 3.9864776088463385
3.9819999999999993 3.9619246609743843
0.11899999999999977 3.9806007379813373
4.269999999999996 3.99927681498829
4.322000000000003 4.005812124016659
4.24499999999999 3.982460306242639
4.596000000000004 3.738645778938207
0.10599999999999454 3.801486910633124
4.536000000000001 3.864328042328042
0.25500000000000966 3.9491527752985305
4.534999999999997 4.033977508269019
4.653999999999996 3.9669737859905463
1.8839999999999861 4.008246284501061
0.11400000000000432 4.015052797422944
1.4499999999999886 4.021859310344828
1.8739999999999952 4.006774813233725
1.8239999999999839 3.985372807017544
1.8689999999999998 3.9832081326912796
4.2409999999999854 3.9773468521575106
4.3870000000000005 3.9837173467061775
0.3049999999999784 3.9712691211142825
4.288000000000011 3.9588208955223876
0.11899999999999977 3.9808553181106863
4.435000000000002 4.002889740698985
4.22999999999999 4.0188179669030735
4.461000000000013 4.028703878054248
3.8710000000000093 4.052988891759235
0.12600000000000477 4.014971493169122
4.3349999999999795 3.9769540945790083
2.8810000000000002 3.981001041305103
