0.66 2.2036484848484847
0.5579999999999999 2.230537634408602
0.504 2.219952380952381
0.09899999999999998 2.2110118411000763
2.2440000000000007 2.2020713012477717
3.526 2.261483834373228
2.8280000000000003 2.2660763790664786
3.2390000000000008 2.236529793146033
4.288 1.97852052238806
0.11399999999999721 2.0982758658754346
3.0760000000000005 2.218031209362809
0.1180000000000021 2.2221556777630127
3.283999999999999 2.2262801461632162
0.11700000000000088 2.2376617601889963
3.343 2.249043374214777
3.25 2.2582843076923083
0.24099999999999966 2.1426299783042757
3.737000000000002 2.026975648916243
3.719999999999999 2.228933333333333
2.9099999999999966 2.258779381443299
3.261000000000003 2.2647531432076047
3.607999999999997 2.143456762749446
0.09300000000000352 2.12239742052063
3.372 2.101338078291815
0.12599999999999767 2.0983571855261776
3.771000000000001 2.0953762927605406
0.12999999999999545 2.1821738694382993
3.257000000000005 2.268971446116058
3.271000000000001 2.1806273310914093
0.3200000000000003 2.0436380168431096
4.007999999999996 1.9066487025948105
0.1110000000000042 1.835151725471853
4.390999999999991 1.7636547483488956
0.10200000000000387 1.921892811414186
3.362000000000009 2.0801308744794764
3.419000000000011 2.1011430242761038
3.272999999999996 2.214323250840208
0.12000000000000455 2.247324717821481
3.777000000000001 2.2803261848027536
0.12899999999999068 2.2370122786581583
2.7650000000000006 2.193698372513563
3.9409999999999883 1.9747231667089569
3.836999999999989 2.0345290591608025
0.2530000000000001 2.080800602639762
3.285000000000011 2.127072146118721
0.125 2.161555054940292
3.4769999999999897 2.1960379637618637
0.11800000000000921 2.239298156606915
3.1019999999999897 2.2825583494519663
0.10300000000000864 2.229667085369873
3.8049999999999926 2.1767758212877797
0.09499999999999886 2.1712966177679007
3.7900000000000063 2.1658174142480213
0.10999999999999943 2.1953919127810524
3.3940000000000055 2.224966411314084
0.10599999999999454 2.2132185774954714
2.649000000000001 2.201470743676859
7.89200000000001 2.176854536239229
0.10599999999999454 2.176858790690387
7.8419999999999845 2.1768630451415456
8.187999999999988 2.0968441621885687
0.09999999999999432 2.132757900070885
7.77800000000002 2.168671637953201
0.12199999999998568 2.137783917640527
3.891999999999996 2.106896197327852
0.10600000000002296 2.1664842054143185
3.184999999999974 2.226072213500785
0.11600000000001387 2.228697046040198
3.4919999999999902 2.2313218785796107
0.11000000000001364 2.2478852604232173
3.3880000000000052 2.2644486422668244
0.10800000000000409 2.153877377050187
3.844999999999999 2.0433061118335503
3.11099999999999 2.1362391513982644
0.09000000000000341 2.187286517847893
3.0250000000000057 2.238333884297521
2.1030000000000086 2.278078934854969
