0.46199999999999997 3.1480692640692642
0.396 3.1430303030303026
0.10499999999999987 3.1237806382408153
0.9040000000000001 3.104530973451328
0.09699999999999998 3.103401389362581
0.9859999999999998 3.102271805273834
0.1080000000000001 3.1071321219185806
1.0580000000000003 3.1119924385633273
2.0729999999999995 3.0913960443801254
0.12600000000000033 3.0909454624631003
2.3440000000000003 3.090494880546075
2.726000000000001 3.112214233308877
2.226000000000001 3.064988319856244
2.3920000000000012 3.0564816053511707
0.10800000000000054 3.051448258105083
2.468 3.046414910858995
5.472999999999999 3.0731986113648824
0.12199999999999989 3.0564362790272392
5.815000000000001 3.039673946689596
6.148000000000003 2.960801561483409
5.354000000000006 2.9964871124392976
5.596000000000004 3.077173695496783
0.10799999999999699 3.0917080958406418
5.8969999999999985 3.106242496184501
0.09800000000000608 3.0846416050359204
5.378999999999998 3.0630407138873403
0.12400000000000233 3.0678233662829992
5.7819999999999965 3.0726060186786577
0.11400000000000432 3.0638019758544175
2.418999999999997 3.0549979330301777
2.2349999999999994 3.191423713646533
2.399000000000001 3.1854305960817006
0.10099999999999909 3.1894592155666235
2.424999999999997 3.1934878350515463
2.192999999999998 3.188964888280894
0.11099999999999 3.1380595820863
2.3270000000000124 3.087154275891706
2.397999999999996 3.022301918265221
0.10200000000000387 3.007986551763824
2.8769999999999953 2.9936711852624263
0.31799999999999784 3.0747689953367283
1.921999999999997 3.1558668054110304
5.547000000000011 3.078585181179016
5.7620000000000005 3.0047066990628246
5.61699999999999 3.009710521630764
5.679999999999993 3.025143661971831
0.12000000000000455 3.04185049090565
5.7309999999999945 3.058557319839469
2.864999999999995 2.890971029668412
2.7749999999999915 2.9579992792792793
0.12300000000000466 3.040524867100351
2.4180000000000064 3.123050454921423
0.277000000000001 3.112508206184116
1.8799999999999955 3.1019659574468093
0.12600000000000477 3.076520565070418
2.4609999999999843 3.0510751726940266
2.3840000000000146 3.0492114093959732
0.11199999999999477 3.0853218472556385
2.384999999999991 3.121432285115304
0.11700000000001864 3.125089718867447
2.194999999999993 3.12874715261959
0.10499999999998977 3.0952572483490384
5.707999999999998 3.0617673440784867
0.09600000000000364 3.063514946867701
5.538000000000011 3.0652625496569157
5.867000000000019 3.0258762570308506
0.12999999999999545 3.0359268402158373
5.580999999999989 3.0459774234008243
0.12100000000000932 3.1016998852773625
5.692000000000007 3.1574223471539007
0.10199999999997544 3.1078651696783144
5.130000000000024 3.0583079922027285
5.5940000000000225 3.081890597068288
0.103999999999985 3.0833422861619013
3.7180000000000177 3.084793975255514
