1.9849999999999999 0.7326992443324938
0.1160000000000001 0.9837305745471993
1.008 1.2347619047619047
0.5659999999999998 1.9767773851590107
0.39800000000000013 3.124261306532663
0.10499999999999954 3.092097196017261
1.0760000000000005 3.0599330855018594
0.125 3.9966578437516986
1.2989999999999995 4.933382602001538
2.2510000000000003 3.218178587294536
3.953000000000001 2.146191753098912
2.5919999999999987 2.6322006172839507
0.10300000000000153 2.769022407211133
2.516 2.905844197138315
2.3820000000000014 3.156403022670025
0.11599999999999966 3.3554221368633304
4.731999999999999 3.5544412510566357
5.9339999999999975 2.978716548702393
6.051000000000002 3.0082644191042807
5.122 3.1322124170246
5.844999999999999 2.946084516680924
5.469999999999999 3.3487224862888483
0.1280000000000001 3.375031763375638
4.844000000000001 3.401341040462428
5.073 3.502031933767001
0.31699999999999307 3.5290283329181253
4.852000000000004 3.556024732069249
4.6299999999999955 3.5244457883369327
2.326999999999998 3.2839914052428023
2.3569999999999993 3.2856207042851087
2.1210000000000093 3.2972182932578966
2.4950000000000045 2.879281763527054
0.11099999999999 2.665533980545665
2.956000000000003 2.4517861975642763
3.294000000000011 2.6146909532483305
0.09799999999999898 2.9637015661927073
1.8309999999999889 3.3127121791370837
2.3529999999999944 3.307430514237144
0.23699999999999477 3.3985717613653312
2.237000000000009 3.489713008493518
4.7620000000000005 3.550093238135237
0.13599999999999568 3.277829197342937
5.717000000000013 3.0055651565506376
5.899000000000001 2.9714514324461767
0.09499999999999886 3.106967119980621
5.641999999999996 3.242482807515065
6.179000000000002 2.9879100178022333
0.11999999999999034 3.2036424092200964
5.015999999999991 3.4193748006379594
4.835000000000008 3.176473216132368
5.546000000000021 3.097680490443563
0.242999999999995 2.7806889968453925
6.929000000000002 2.463697503247222
1.7199999999999989 2.732586046511628
0.886999999999972 3.116266065388952
0.11300000000002797 3.113259422987701
0.9889999999999759 3.1102527805864506
0.10699999999999932 3.107130561304696
0.9590000000000032 3.104008342022941
2.52200000000002 3.08952260111023
3.0120000000000005 2.547128818061089
0.09499999999999886 2.4908733647169408
3.227000000000004 2.434617911372792
2.7309999999999945 2.4334822409373853
4.568000000000012 1.4822591943957968
0.12399999999999523 2.527408493543909
1.3410000000000082 3.572557792692021
