0.449 3.2392160356347444
0.386 3.224455958549223
0.11599999999999999 3.23375841405722
0.345 3.243060869565217
0.96 3.186291666666666
1.0310000000000001 3.1934898157128995
1.8769999999999998 3.4142056473095366
0.11699999999999999 3.7027281680073854
1.8150000000000004 3.9912506887052337
5.32 3.443867669172933
4.724 3.4808958509737513
5.088999999999999 3.4100231872666535
0.11200000000000188 3.508764290728763
4.82 3.607505394190872
4.545999999999999 3.6998715354157508
4.555 3.880505817782656
6.1939999999999955 2.9388130448821443
0.11899999999999977 2.043402658398138
13.975000000000001 1.1479922719141324
0.14699999999999847 1.1294970840040892
2.6370000000000005 1.1110018960940462
0.9799999999999969 1.1715020408163264
0.11500000000000199 1.127048414837633
1.1129999999999995 1.0825947888589398
0.09599999999999653 0.9791107630595163
1.5110000000000028 0.8756267372600928
0.10000000000000142 0.8736170343647466
3.219000000000001 0.8716073314694004
2.7930000000000064 1.1069731471535984
0.09199999999999875 1.2736918864989066
2.2209999999999894 1.4404106258442146
8.257999999999996 0.9377825139258901
0.18500000000000227 0.897250928652275
8.162999999999997 0.8567193433786598
0.27299999999999613 1.37515967168933
0.6200000000000045 1.8936
0.10800000000000409 1.5383004803073967
1.0409999999999968 1.1830009606147935
0.10099999999999909 0.9522362264650567
2.016999999999996 0.7214714923153198
0.16800000000000637 0.7059389779786668
3.2179999999999893 0.6904064636420137
0.11400000000000432 0.6108940081979146
6.028000000000006 0.5313815527538155
0.17900000000000205 0.5729670650367016
1.9399999999999977 0.6145525773195876
0.1280000000000001 0.6353898677758918
4.36699999999999 0.6562271582321959
0.1460000000000008 0.6624830058676903
1.8840000000000003 0.6687388535031847
0.10800000000000409 0.6705399874992559
1.7120000000000033 0.6723411214953271
0.25199999999999534 0.671956898703493
1.9470000000000027 0.6715726759116589
0.09000000000000341 0.7531367548767163
9.834000000000003 0.8347008338417735
0.3049999999999926 0.7699075011593614
4.143000000000001 0.7051141684769492
0.12000000000000455 0.6491242119846097
9.831999999999994 0.5931342554922701
0.16200000000000614 0.6758056598562268
1.3079999999999927 0.7584770642201836
1.5470000000000255 0.7459806076276665
0.16100000000000136 0.747266036814457
1.6029999999999802 0.7485514660012476
0.09600000000000364 0.5912376098334684
2.7280000000000086 0.43392375366568914
0.22499999999999432 0.4535803383713061
6.5 0.4732369230769231
0.16300000000001091 0.5583590581662177
4.625999999999976 0.6434811932555122
0.20900000000000318 0.5532649500036378
2.977000000000004 0.4630487067517635
0.2079999999999984 0.4640687320741066
2.873000000000019 0.4650887573964496
0.12999999999999545 0.48531026894694174
2.532999999999987 0.5055317804974339
0.15399999999999636 0.5308386910576148
1.9780000000000086 0.5561456016177957
0.13100000000000023 0.5542733838992768
1.7150000000000034 0.552401166180758
0.17500000000001137 0.5257900516423049
4.101999999999975 0.49917893710385175
