0.381 3.8173438320209976
0.12 3.829412656751239
0.32399999999999995 3.841481481481481
0.7409999999999999 3.7874439946018894
0.8090000000000002 3.7810135970333754
0.09499999999999975 3.7553318686757144
2.138 3.729650140318054
2.367 2.707420363329109
1.4559999999999995 3.086763736263736
2.2490000000000006 3.772297020898177
5.030000000000001 3.2691355864811134
3.751999999999999 4.625162046908317
4.504000000000001 3.8606074600355242
0.09799999999999898 4.412537496251528
3.387999999999998 4.964467532467532
0.10900000000000176 5.294149770051774
3.1430000000000007 5.623832007636017
3.294000000000004 5.526110503946568
0.10599999999999454 5.2071734725704815
3.2820000000000036 4.888236441194394
0.1180000000000021 4.885959400404344
3.5259999999999962 4.883682359614294
0.2890000000000015 3.471493343944303
8.895000000000003 2.0593043282743113
0.0969999999999942 2.5666014178684993
5.359999999999999 3.073898507462687
4.683 3.7936809737347854
0.10699999999999932 3.655640894614589
4.905000000000008 3.5176008154943927
0.09199999999999875 3.6152490994423045
4.394999999999996 3.712897383390216
0.10699999999999932 3.6732007785064607
4.792000000000002 3.633504173622705
0.1039999999999992 4.125409920014782
3.8490000000000038 4.617315666406859
3.6529999999999916 4.476485080755543
4.165999999999997 4.199308689390302
0.2259999999999991 4.200159208751026
4.009 4.2010097281117496
0.09799999999999898 4.252391681931464
4.453000000000003 4.303773635751179
3.628 4.348507166482911
3.9299999999999926 4.3452702290076335
3.7349999999999994 4.635373493975902
3.6469999999999914 4.635465862352618
3.7789999999999964 4.546921407779836
0.12000000000000455 4.470026117423752
3.989999999999995 4.393130827067669
0.11299999999999955 4.392207276231867
4.165999999999997 4.391283725396064
0.3230000000000075 4.661884983189616
3.742999999999995 4.9324862409831685
3.341000000000008 5.133667764142472
3.0109999999999957 5.1007133842577215
3.7280000000000086 4.608298283261803
3.7009999999999934 4.612526344231289
0.09700000000000841 4.209695544621188
4.509999999999991 3.806864745011087
0.09300000000001774 3.5841745008435266
5.018000000000001 3.3614842566759666
5.1980000000000075 3.362171604463255
0.10200000000000387 3.6847949618161415
4.23599999999999 4.007418319169028
0.2530000000000143 4.123195310491868
4.187999999999988 4.238972301814709
0.12000000000000455 4.248161332475098
3.992999999999995 4.257350363135487
0.10800000000000409 4.270754800161308
4.194999999999993 4.284159237187128
0.10500000000001819 4.417844051433715
3.4470000000000027 4.551528865680301
3.5340000000000202 4.878352009054896
2.3479999999999848 4.884695059625213
