0.5479999999999999 2.654029197080292
0.4610000000000001 2.6998698481561823
0.41999999999999993 2.663942857142857
0.4630000000000001 2.6856501079913606
1.2479999999999998 2.6382115384615386
2.4439999999999995 2.6221211129296234
2.772000000000001 2.6133189033189037
0.13099999999999845 2.5210734224581923
3.4930000000000003 2.4288279415974814
0.10500000000000043 2.370405837962414
2.9510000000000005 2.3119837343273466
3.2699999999999996 2.235811620795107
0.13100000000000023 2.220979754059525
3.4080000000000013 2.2061478873239433
0.09199999999999875 2.2747572131383444
3.131999999999998 2.343366538952746
2.8240000000000016 2.6822974504249286
0.26699999999999946 2.671214814400787
3.117000000000001 2.660132178376645
0.09199999999999875 2.664966170423091
2.4619999999999997 2.669800162469537
2.728999999999999 2.706251374129718
2.852000000000004 2.711638148667602
2.6059999999999945 2.718999232540292
0.09600000000000364 2.7209165700950946
2.902000000000001 2.7228339076498966
0.10299999999999443 2.7169977206382736
6.364000000000004 2.71116153362665
0.13300000000000267 2.70486007886889
6.046999999999997 2.6985586241111297
6.5049999999999955 2.6766720983858567
0.09300000000000352 2.6812443157789945
6.617000000000004 2.6858165331721326
6.097999999999999 2.681633322400787
0.10299999999999443 2.678098422398987
6.541000000000011 2.674563522397187
6.233999999999995 2.701611806223933
3.1940000000000026 2.696553537883532
0.10799999999998988 2.697381751148172
2.2480000000000047 2.698209964412812
2.888999999999996 2.6937985462097607
0.11400000000000432 2.6914545607383626
2.903000000000006 2.689110575266965
0.09599999999998943 2.6851984188690925
2.6060000000000088 2.68128626247122
0.09600000000000364 2.681637862531711
2.846999999999994 2.6819894625922025
2.6440000000000055 2.677948562783661
3.111000000000004 2.6623696560591448
0.277000000000001 2.6624284219316157
3.0829999999999984 2.6624871878040866
0.1290000000000049 2.6918807110191603
2.7749999999999915 2.7212742342342344
0.12300000000000466 2.7257344953942706
2.1359999999999957 2.730194756554307
2.7509999999999906 2.7294423845874225
6.420000000000016 2.659028037383177
6.448999999999984 2.662267018142348
6.319999999999993 2.668975949367089
6.531000000000006 2.675940591027408
6.312999999999988 2.6889630920323144
0.27299999999999613 2.6939404999475736
2.8870000000000005 2.698917907862833
0.12600000000000477 2.6987294428515716
2.8429999999999893 2.6985409778403096
2.9099999999999966 2.6998323024054987
0.09100000000000819 2.7001477643681295
2.4609999999999843 2.7004632263307604
2.5120000000000005 2.6954458598726116
1.7729999999999961 2.702086858432036
