1.3270000000000002 1.0960120572720422
1.123 1.1083170080142475
1.262 0.8865736925515055
0.16200000000000037 0.8425983427433186
1.5569999999999995 0.7986229929351317
0.133 0.8501859792261866
1.4500000000000002 0.9017489655172413
0.16199999999999992 0.7618140266693436
10.305 0.6218790878214459
1.740000000000002 0.7048045977011494
0.09600000000000009 0.6640992957129682
2.230999999999998 0.623393993724787
0.17300000000000182 0.6230812943830546
1.936 0.6227685950413222
0.1559999999999988 0.6297023753238646
1.748000000000001 0.6366361556064072
0.1529999999999987 0.6443870433204449
1.740000000000002 0.6521379310344827
0.18599999999999994 0.6694028638223262
4.719999999999999 0.6866677966101695
0.13600000000000279 0.7434483973716686
1.6069999999999993 0.8002289981331675
0.09100000000000108 0.7255144990665837
5.339999999999996 0.6507999999999999
0.18999999999999773 0.6188920521521699
11.198 0.58698410430434
1.5480000000000018 0.714795865633075
0.1529999999999987 0.7143854950055921
1.607999999999997 0.7139751243781094
1.615000000000002 0.7460854489164087
0.09499999999999886 0.7590030511793245
1.7139999999999986 0.7719206534422404
1.4610000000000056 0.7714223134839151
0.15799999999999415 0.674903995862467
8.323000000000008 0.5783856782410188
0.20999999999999375 0.5302743764226948
6.635000000000005 0.4821630746043708
0.12999999999999545 0.5127874196551265
5.915999999999997 0.5434117647058824
0.2220000000000084 0.5132041279669763
2.280000000000001 0.4829964912280702
0.20199999999999818 0.4792528021146426
2.468999999999994 0.47550911300121507
0.12700000000000955 0.48181004599723853
2.522999999999996 0.48811097899326206
0.16799999999999216 0.49434926314644184
2.9070000000000107 0.5005875472996216
0.21599999999999397 0.508874779236403
4.2960000000000065 0.5171620111731844
0.3369999999999891 0.5585550002892168
8.306000000000012 0.5999479894052493
0.12899999999999068 0.6317024309853181
1.796999999999997 0.6634568725653868
0.09199999999999875 0.6416055989124512
4.624000000000009 0.6197543252595156
0.19400000000000261 0.6506011251464914
11.204999999999998 0.6814479250334673
0.21099999999999852 0.6159626043149163
2.090999999999994 0.5504772835963654
0.1980000000000075 0.5506287007703815
2.3739999999999952 0.5507801179443976
0.1319999999999908 0.5725367035455211
2.4140000000000157 0.5942932891466446
0.13899999999998158 0.7337719005460185
1.4650000000000034 0.8732505119453924
0.13400000000001455 0.8767924800529637
1.195999999999998 0.8803344481605351
0.11199999999999477 0.7865666654210496
1.4320000000000164 0.6927988826815641
0.3709999999999809 0.613108641199788
5.674000000000007 0.533418399718012
0.16900000000001114 0.5737532121415033
1.9539999999999793 0.6140880245649947
0.27299999999999613 0.6531679888906845
1.710000000000008 0.6922479532163742
0.12999999999999545 0.6663879978548672
12.802000000000021 0.6405280424933604
1.332000000000022 0.8721321321321321
1.5739999999999839 0.8757916137229989
0.13599999999999568 0.8745624735281662
1.5300000000000011 0.8733333333333335
0.1670000000000016 0.8524173160173161
1.5400000000000205 0.8315012987012986
0.1799999999999784 0.7495575563332558
3.967000000000013 0.667613813965213
0.12399999999999523 0.6160007887863908
11.997000000000014 0.5643877636075686
0.1529999999999916 0.5515820959288404
8.891999999999996 0.5387764282501124
