0.377 3.8578461538461544
0.123 3.867614665708124
0.32099999999999995 3.877383177570093
0.28800000000000003 3.884916666666666
0.11399999999999988 3.8494658146300913
0.8020000000000003 3.8140149625935167
0.09499999999999975 3.804673354690381
2.101 3.795331746787245
0.0990000000000002 3.792539912423782
1.6909999999999998 3.789748078060319
0.10899999999999999 3.8806525478020895
1.8240000000000007 3.97155701754386
4.408999999999999 4.155449308233159
0.09200000000000053 4.110829500803028
4.043999999999999 4.066209693372898
4.253 4.08032165530214
4.372 3.977167429094236
0.12599999999999767 3.8999037145471176
4.400000000000002 3.82264
0.09999999999999787 3.9094778114401985
4.422999999999998 3.996315622880397
4.437000000000005 4.1025485688528285
3.892000000000003 4.122094552929086
0.30100000000000193 4.116904965098736
4.187999999999995 4.111715377268386
0.1180000000000021 4.127974430715641
4.420000000000002 4.144233484162896
4.0219999999999985 4.096493286921929
4.296999999999997 4.13446776821038
0.1039999999999992 4.078638873613234
4.289000000000009 4.022809979016088
0.11299999999999955 3.8350732952746958
4.4739999999999895 3.6473366115333032
0.12700000000000955 3.8004793866022553
4.403999999999996 3.9536221616712077
0.09300000000000352 3.7371169445440033
5.048000000000002 3.5206117274167985
4.616 3.542590987868284
0.2740000000000009 3.7651774178001096
4.3870000000000005 3.9877638477319346
0.11700000000000443 4.043766052395665
4.10799999999999 4.099768257059396
0.09300000000000352 4.019940049582329
4.864000000000004 3.9401118421052628
4.043000000000006 3.9021479099678458
4.1839999999999975 4.081479923518166
0.11800000000000921 4.0666140549020735
4.272999999999996 4.051748186285982
0.12600000000000477 4.083510899374733
4.10799999999999 4.115273612463485
0.09000000000000341 4.120895211611186
4.1640000000000015 4.126516810758886
4.248000000000005 4.126316384180791
0.24200000000000443 4.126090984151739
4.4339999999999975 4.125865584122688
4.5020000000000095 4.100909817858729
0.09799999999998477 4.094256624849288
4.195999999999998 4.087603431839848
0.10699999999999932 4.095397761872368
3.7430000000000234 4.103192091904889
4.166000000000025 4.123796447431588
0.13399999999998613 4.143722613959697
4.099999999999994 4.163648780487805
0.10200000000000387 4.15537028396371
4.140000000000015 4.1470917874396145
2.5589999999999975 4.18757327080891
1.968999999999994 4.164570848146267
1.7040000000000077 4.160821596244132
0.09499999999999886 4.1287220494364725
1.9019999999999868 4.096622502628812
0.10000000000002274 4.041026056509211
1.924999999999983 3.9854296103896094
2.046999999999997 3.838061553492917
4.25 3.691557647058824
4.555000000000007 3.784872886937431
2.7949999999999875 4.103493381037567
