0.191 7.614701570680629
0.10899999999999999 7.625264895769762
0.16299999999999998 7.635828220858896
0.6090000000000001 7.501490968801313
0.40600000000000014 7.534088669950738
0.09399999999999986 7.513810475577952
0.6970000000000001 7.493532281205164
0.10699999999999976 5.121611245930959
5.649000000000001 2.7496902106567536
4.543000000000001 3.799313229143738
3.8469999999999995 4.7625100077982845
8.565000000000001 1.919877641564507
3.757999999999999 4.617777541245343
3.2109999999999985 5.415190283400809
0.09100000000000108 4.889693740558734
3.853999999999999 4.364197197716658
4.201999999999998 4.20649785816278
0.2959999999999994 3.84084037619861
5.2379999999999995 3.4751828942344405
5.119 3.1340480562609887
3.067 3.8371437887186177
0.125 4.161493008048404
1.7240000000000038 4.48584222737819
1.5929999999999964 4.448030131826742
0.10999999999999943 3.9637033089781
2.271000000000001 3.4793764861294587
2.259999999999998 3.269929203539823
3.354999999999997 4.8638402384500745
5.294000000000011 3.288959576879486
0.3009999999999877 2.8620769383438267
7.298000000000002 2.4351942998081673
0.11200000000000898 3.4955776059301416
1.5349999999999966 4.555960912052116
0.25199999999999534 4.946556979057261
1.3460000000000036 5.337153046062407
2.549999999999997 2.842149019607843
3.334000000000003 2.583320935812837
1.433000000000007 4.232781577110956
4.6910000000000025 3.640356427201023
0.11599999999999966 3.663175871680137
4.697000000000003 3.685995316159251
0.09799999999999898 3.96254931304452
3.9879999999999995 4.2391033099297895
0.3020000000000067 4.421027143847831
3.73299999999999 4.602950977765873
3.6239999999999952 4.836807947019867
4.765000000000001 3.8392629590765996
5.025000000000006 3.6740887562189055
4.384999999999991 3.911421664766249
0.10800000000000409 4.808282897762025
2.691999999999993 5.705144130757802
0.10500000000001819 5.116638486043108
3.7939999999999827 4.528132841328413
0.11100000000001842 4.191681596815968
4.427999999999997 3.855230352303523
2.7959999999999923 6.140543633762518
0.29699999999999704 5.9119038923529565
2.9680000000000177 5.683264150943396
3.2280000000000086 5.414054522924412
3.7280000000000086 4.553493562231759
4.274000000000001 4.153677117454376
0.12999999999999545 3.9877648177199942
4.4480000000000075 3.8218525179856124
3.376999999999981 5.321897542197217
0.11899999999999977 5.022345520045026
3.3220000000000027 4.722793497892836
4.271999999999991 4.035602996254682
0.1349999999999909 3.701486759430923
3.406000000000006 3.367370522607164
