0.5579999999999999 2.6064659498207883
0.4740000000000001 2.6258227848101265
0.1299999999999999 2.5991148754481435
1.0910000000000002 2.57240696608616
0.10199999999999987 2.569273952841738
1.1920000000000002 2.5661409395973154
0.10699999999999976 2.57121131486908
1.278 2.576281690140845
0.12900000000000045 2.540403179607125
1.662 2.5045246690734055
2.758000000000001 2.626584481508339
3.1630000000000003 2.682230793550427
2.5280000000000005 2.6988386075949364
2.6659999999999986 2.742349587396849
2.7379999999999995 2.7460014609203798
2.716000000000001 2.7022916053019146
2.809000000000001 2.696620861516554
0.09299999999999997 2.7247433656852356
3.0120000000000005 2.7528658698539172
0.28200000000000003 2.7322596676002258
2.424000000000003 2.7116534653465347
2.7280000000000015 2.7072434017595306
6.774999999999999 2.703691808118081
0.12299999999999756 2.702124219089363
6.100999999999999 2.7005566300606456
0.10200000000000387 2.706446864648643
6.549999999999997 2.712337099236641
6.403999999999996 2.694227357901312
0.09799999999999898 2.690837657870287
6.072000000000003 2.687447957839262
0.12699999999999534 2.688260812896465
6.4750000000000085 2.689073667953668
0.12999999999999545 2.674242877932878
2.912000000000006 2.659412087912088
0.2710000000000008 2.6902897015435925
2.569999999999993 2.721167315175097
1.789999999999992 2.6245184357541897
0.10999999999999943 2.626637164920983
2.757000000000005 2.628755894087777
3.162000000000006 2.723843137254902
2.1979999999999933 2.7595887170154687
0.10300000000000864 2.719736507268065
2.9039999999999964 2.6798842975206614
0.09399999999999409 2.645374924680063
2.990000000000009 2.610865551839465
0.10799999999998988 2.6008410072879187
2.6970000000000027 2.590816462736373
0.10500000000000398 2.585209582719538
2.9599999999999937 2.5796027027027026
0.23200000000001353 2.583751643749012
2.73599999999999 2.5879005847953214
3.1300000000000097 2.646208306709265
3.1010000000000133 2.647032570138665
0.0969999999999942 2.647882472372033
2.850999999999999 2.6487323746054017
5.802000000000007 2.64706101344364
0.09499999999999886 2.6559126999900062
6.447000000000003 2.664764386536373
6.340000000000003 2.6925804416403785
7.1200000000000045 2.411370786516854
7.318999999999988 2.304676595163274
0.26900000000000546 2.307924543353903
3.548000000000002 2.311172491544532
3.5500000000000114 1.9971943661971832
3.0190000000000055 2.580912885061279
2.872000000000014 2.6712924791086348
3.2609999999999957 2.4092339773075735
2.8019999999999925 2.3718201284796567
0.09900000000001796 2.371717419756466
2.8549999999999898 2.371614711033275
2.0180000000000007 2.3740336967294353
