0.195 7.458502564102563
0.10199999999999998 7.433536996336995
0.16799999999999998 7.408571428571428
0.385 7.2896
0.11399999999999988 7.321290384615385
0.41600000000000015 7.35298076923077
1.0910000000000002 7.308883593033913
0.10399999999999965 7.298974879576552
2.131 7.289066166119191
2.3659999999999997 7.295131022823331
2.513000000000001 7.290639076800637
2.2560000000000002 7.288897163120568
2.5920000000000005 6.695064814814815
0.10899999999999999 6.367361514736341
2.8789999999999996 6.039658214657868
0.12099999999999866 5.934840545803803
2.8850000000000016 5.83002287694974
0.11700000000000088 5.567428005101521
3.331999999999997 5.304833133253302
0.26000000000000156 5.212614597568986
3.5549999999999997 5.120396061884669
3.030000000000001 5.294782838283829
3.1290000000000013 5.503312240332374
3.564 5.13959371492705
3.7490000000000023 4.394797546012271
4.028000000000006 4.41057795431976
2.774000000000001 6.21983850036049
2.6300000000000026 6.204632699619771
3.665999999999997 4.749523186033826
0.23000000000000398 4.663204549493863
3.8829999999999956 4.576885912953901
0.12400000000000233 4.57808171312775
3.570999999999998 4.579277513301598
4.344000000000001 4.027237569060773
5.288000000000011 3.1849183055975794
0.10899999999999466 3.958471992304963
4.049999999999997 4.732025679012346
5.132999999999996 3.073521137736217
3.331000000000003 5.126662263584509
3.111000000000004 5.5651301832208295
0.09199999999999875 4.786066395236867
4.218999999999994 4.007002607252904
0.2740000000000009 3.6377809307902336
5.257000000000005 3.2685592543275632
5.173000000000002 3.3884770925961725
0.12300000000000466 3.9279489248084647
4.094999999999999 4.467420757020757
0.10099999999999909 5.471573584403048
2.850999999999999 6.475726411785338
2.7040000000000077 6.343041420118344
0.0969999999999942 5.513431048577013
3.2789999999999964 4.683820677035682
0.12700000000000955 4.182464870336997
4.667000000000002 3.6811090636383117
4.88600000000001 3.4938518215309045
0.11499999999999488 3.5286776749829696
4.818000000000012 3.5635035284350347
0.2709999999999866 3.591226984127408
4.661000000000001 3.618950439819781
4.806999999999988 3.635649677553568
0.09400000000002251 4.886411968205563
2.765999999999991 6.137174258857557
3.27200000000002 5.425677261613692
3.957000000000022 4.2960828910791005
3.9199999999999875 4.58470612244898
3.133999999999986 5.0061008296107214
3.766999999999996 4.576611627289621
2.609000000000009 4.396038328861633
