0.295 4.930196610169492
0.10599999999999998 4.964375413518481
0.24900000000000005 4.99855421686747
0.2260000000000001 4.950690265486725
0.6260000000000001 4.886325878594249
1.638 4.8681269841269845
3.167 4.904641616671929
3.608999999999999 4.782565807702965
0.09200000000000053 4.635999394907596
4.0809999999999995 4.489432982112227
0.11700000000000088 4.446611509802766
3.733999999999998 4.403790037493305
3.636000000000003 4.772719471947195
3.6409999999999982 4.775659434221367
3.5820000000000007 4.6955935231714125
0.11799999999999855 4.73447026955222
3.703000000000003 4.773347015933027
0.2890000000000015 4.738483327087961
3.8699999999999974 4.703619638242895
3.3569999999999993 4.7790265117664585
3.533999999999999 4.872627051499717
3.8730000000000047 4.729540924348051
0.12699999999999534 4.6965134567961595
3.5330000000000013 4.663485989244268
3.594000000000001 4.94318530884808
0.10599999999999454 4.861982236025591
3.6090000000000018 4.780779163203103
0.0940000000000012 4.020252146523645
5.005999999999993 3.259725129844187
0.09200000000001296 3.4285972756658953
4.839999999999989 3.5974694214876033
0.25200000000000955 4.1861672738819
3.721999999999994 4.774865126276196
3.3969999999999914 4.813835737415366
0.10600000000000875 4.838035156089561
3.597999999999999 4.8622345747637565
0.09999999999999432 4.805884348859599
3.5460000000000065 4.749534122955441
4.043999999999997 4.739046488625124
3.247 4.858757006467508
3.554000000000002 4.804983680360157
3.5390000000000015 4.892093811811245
3.4919999999999902 4.84122107674685
0.30000000000001137 4.821115707415057
3.5789999999999935 4.801010338083263
3.596999999999994 4.873114261884904
0.1039999999999992 4.911406698042019
3.695999999999998 4.949699134199134
0.1039999999999992 4.8424176614827426
3.899000000000001 4.735136188766351
0.10200000000000387 4.788740313468438
3.5420000000000016 4.8423444381705245
3.3200000000000074 4.625978313253012
3.727000000000018 4.609534746444861
3.7060000000000173 4.6063032919589855
0.09299999999998931 4.6003097942267495
3.7369999999999948 4.594316296494514
0.257000000000005 4.664918956781788
3.5619999999999834 4.735521617069062
3.616000000000014 4.833121681415929
3.6040000000000134 4.7101620421753605
0.09800000000001319 4.56479175048773
4.016999999999996 4.419421458800101
4.584000000000003 3.7084642233856897
0.11199999999999477 3.4191962356914516
5.742000000000019 3.129928247997213
4.073999999999984 3.8510358370152185
0.11899999999999977 4.273025543779941
3.6720000000000255 4.695015250544662
2.5519999999999925 4.494225705329153
