1.863 0.7806806226516371
0.15400000000000014 0.7857151524948147
1.5739999999999998 0.7907496823379923
0.12199999999999989 0.7833276844422278
1.4420000000000006 0.7759056865464633
0.1609999999999996 0.768913627586957
1.6319999999999997 0.7619215686274509
0.16000000000000014 0.759517819635092
1.7269999999999994 0.7571140706427331
1.322000000000001 0.7642299546142209
0.1769999999999996 0.7436597886278652
1.6959999999999997 0.7230896226415094
0.10200000000000031 0.7152558998253326
1.9659999999999993 0.7074221770091557
0.15200000000000102 0.6633255375878959
11.017999999999999 0.6192288981666363
0.19000000000000128 0.5605932492637422
2.2169999999999987 0.501957600360848
0.2259999999999991 0.45535920363863724
2.776 0.40876080691642647
0.3730000000000011 0.40631768118210587
3.0930000000000035 0.40387455544778533
0.1489999999999938 0.44411580879733903
2.655000000000001 0.48435706214689267
0.9079999999999941 1.5841497797356827
4.890999999999998 1.3439067675322018
0.10999999999999943 1.542047634472981
4.244 1.7401885014137604
0.23400000000000176 2.1094519430145726
3.1199999999999974 2.478715384615385
2.5760000000000005 2.7506645962732925
0.11700000000000443 3.797669514568283
1.6310000000000002 4.844674432863274
1.899000000000001 3.891542917324908
0.10699999999999932 2.9780192155365492
3.4549999999999983 2.064495513748191
9.990000000000002 0.7649497497497498
0.20199999999999818 0.5495992220629279
23.168999999999997 0.36575130562389396
0.24099999999999966 0.4086225928020881
2.280000000000001 0.4829964912280702
0.17100000000000648 0.5589758010494055
1.8489999999999895 0.6349551108707409
0.15200000000000102 0.6371826437012063
1.926000000000002 0.6394101765316718
0.17100000000000648 0.6550064707543151
2.1700000000000017 0.6706027649769585
0.09899999999998954 0.9483609851374859
1.8119999999999976 1.2261192052980134
2.8770000000000095 1.1133708724365656
0.20699999999999363 0.777503079223107
7.2549999999999955 0.4416352860096485
3.5130000000000052 0.8157540563620838
0.28000000000000114 0.707426243587604
2.1029999999999944 0.5990984308131242
0.14000000000000057 1.1471545173211424
0.679000000000002 1.6952106038291603
0.34900000000000375 3.7465673352435527
3.4849999999999994 2.355365279770445
0.13100000000000023 2.242178833851955
3.546999999999983 2.128992387933465
2.048000000000002 2.8475078125
1.8000000000000114 4.171497777777778
0.10099999999999909 4.1392291148775895
1.7699999999999818 4.106960451977401
4.478999999999985 3.833212770707747
0.11800000000002342 3.684362411344232
4.770999999999987 3.5355120519807173
0.12299999999999045 4.643137401442811
3.0390000000000157 5.7507627509049035
2.9420000000000073 5.7700285520054395
3.4659999999999798 5.12198961338719
6.061000000000007 2.8047516911400763
7.46599999999998 2.4071856415751407
0.13500000000001933 2.2943269698420754
7.191999999999979 2.18146829810901
0.30000000000001137 2.102714426114848
8.518 2.0239605541206855
1.3329999999999984 3.593998499624907
