1.0190000000000001 1.427289499509323
0.863 1.4422247972190037
0.13600000000000012 1.4392484704965365
0.7789999999999999 1.4362721437740693
0.1200000000000001 1.4377286644796272
0.8639999999999999 1.4391851851851851
0.13699999999999957 1.8828808488203506
0.5620000000000003 2.326576512455516
0.13100000000000023 2.899331852958003
0.734 3.4720871934604904
2.16 3.353759259259259
2.419999999999999 3.50574214876033
2.84 2.4023464788732394
0.0940000000000012 2.06475745866648
4.2330000000000005 1.7271684384597212
2.692 2.792924219910847
0.11899999999999977 2.660572340751152
2.9029999999999987 2.528220461591457
0.09600000000000009 3.5198600818975745
1.679000000000002 4.511499702203692
0.11299999999999955 4.55527082128881
3.9579999999999984 4.599041940373926
3.796000000000003 4.226341412012645
0.1109999999999971 3.307501681176249
7.209000000000003 2.388661950339853
6.448999999999998 2.840364707706621
5.823 2.8294858320453367
6.494 2.7357265167847244
0.10799999999999699 2.631695077905987
6.826000000000008 2.5276636390272493
7.873999999999995 2.072413512827025
0.11200000000000898 3.4606509188500603
1.5759999999999934 4.848888324873095
0.12600000000000477 4.802886422878808
1.6280000000000001 4.756884520884521
2.0589999999999975 3.396503156872268
2.183000000000007 3.2907961520842877
0.11899999999999977 3.102470854490073
2.4869999999999948 2.9141455568958587
0.10699999999999932 3.6791553377874546
1.9380000000000024 4.4441651186790505
1.8900000000000006 3.2092994708994707
0.11200000000000898 3.5879280229115094
1.961999999999989 3.966556574923548
4.4410000000000025 3.8984733168205357
4.820999999999998 3.506646753785521
5.138999999999996 3.3436108192255296
7.314000000000007 2.3965808039376544
0.09499999999999886 2.1342408777695026
9.772999999999996 1.8719009516013507
0.1290000000000049 2.2501432391692315
3.1229999999999905 2.6283855267371123
3.9080000000000155 1.9323275332650967
0.10599999999999454 2.0012535784891337
2.8170000000000073 2.0701796237131704
0.10799999999997567 2.006460575116611
3.865000000000009 1.9427415265200518
0.10699999999999932 2.0697872032721145
3.3089999999999975 2.1968328800241768
3.4819999999999993 2.1380287191269387
0.1209999999999809 2.5308278972390754
2.349000000000018 2.9236270753512126
2.4350000000000023 3.367572895277208
0.25200000000000955 3.198752259604416
2.3400000000000034 3.029931623931624
3.0509999999999877 2.5538433300557193
3.3760000000000048 2.272497630331753
0.12399999999999523 2.364980751356055
3.1970000000000027 2.4574638723803566
0.09699999999997999 2.803575538085913
2.1100000000000136 3.149687203791469
0.09000000000000341 2.6910585705736114
3.032999999999987 2.2324299373557532
2.25 2.1292444444444447
