0.9099999999999999 1.5982505494505497
0.09100000000000008 1.6052392643625806
0.772 1.6122279792746115
0.129 1.6098898517062712
0.6959999999999997 1.607551724137931
0.10600000000000032 1.6091230123280327
0.7719999999999998 1.6106943005181347
0.121 1.604574534122148
0.8180000000000001 1.5984547677261614
0.09100000000000019 1.5178261728292166
4.459 1.4371975779322719
0.14199999999999946 1.455688736056083
4.9140000000000015 1.4741798941798945
5.5699999999999985 1.5231411131059247
0.12900000000000134 1.5397028558230352
4.384 1.556264598540146
0.12099999999999866 1.5465897304241618
4.7570000000000014 1.5369148623081776
0.14499999999999957 1.5326932514427654
4.9190000000000005 1.528471640577353
4.803999999999995 1.5277735220649455
0.09900000000000375 1.5395173160191615
4.883000000000003 1.5512611099733773
0.29999999999999716 1.5512743342196167
5.344999999999999 1.5512875584658559
1.7379999999999995 1.5514798619102415
0.6979999999999933 1.5852492836676215
0.10800000000000409 1.5554808786202803
1.891999999999996 1.5257124735729388
0.11700000000000443 1.5272242946241297
3.0429999999999993 1.5287361156753205
0.8419999999999987 1.5713444180522564
4.859999999999999 1.5205843621399175
0.14800000000000324 1.5249611347577803
4.6640000000000015 1.5293379073756432
0.12999999999999545 1.5296187034375714
4.9950000000000045 1.5298994994994997
0.29299999999999216 1.5256774511249955
5.090000000000003 1.5214554027504914
0.12399999999999523 1.5212105199920356
4.597999999999999 1.52096563723358
0.10200000000000387 1.5266739448966535
4.688000000000002 1.5323822525597268
0.10699999999999932 1.5290837578588108
4.75 1.5257852631578945
5.6000000000000085 1.5379985714285715
0.09899999999998954 1.5367937160940324
3.950000000000003 1.5355888607594934
5.091999999999999 1.528355066771406
0.10800000000000409 1.5277771520701644
2.097999999999999 1.5271992373689227
0.10099999999999909 1.5273906634605807
1.8760000000000048 1.5275820895522387
0.125 1.5340113429964177
2.0789999999999935 1.5404405964405967
0.11400000000000432 1.5459602038312057
1.9069999999999965 1.5514798112218144
0.10000000000000853 1.5554131822870167
2.117999999999995 1.559346553352219
5.391999999999996 1.522338278931751
0.10800000000000409 1.5204227087399556
4.972999999999985 1.51850713854816
0.12300000000001887 1.521766121575335
3.823999999999984 1.5250251046025103
4.914999999999992 1.5277102746693796
4.751000000000005 1.5300610397810985
4.849000000000018 1.5352889255516602
4.522999999999996 1.518372761441521
5.391999999999996 1.5207789317507419
0.29000000000002046 1.51803426177193
4.679000000000002 1.5152895917931182
0.14099999999999113 1.5215444037396963
5.099999999999994 1.5277992156862745
0.09899999999998954 1.525761772689215
5.035000000000025 1.5237243296921552
2.038000000000011 1.545844946025515
1.7099999999999795 1.5487859649122806
0.09300000000001774 1.544263080495356
1.632000000000005 1.5397401960784314
1.3230000000000075 1.547718820861678
