1.742 0.8349070034443167
0.15700000000000003 0.8373725300622392
1.4819999999999998 0.8398380566801619
0.1160000000000001 0.8765949467074279
1.2249999999999996 0.9133518367346938
1.327 0.9370429540316504
1.4059999999999997 0.9299687055476527
0.10400000000000009 1.1093159854268877
0.7840000000000007 1.2886632653061225
0.10099999999999909 1.2335719124643512
6.147 1.1784805596225798
0.1479999999999997 1.3162236559895246
5.835000000000001 1.4539667523564694
6.009 1.1354075553336658
0.10099999999999909 1.0140471232101784
8.190000000000005 0.8926866910866911
0.11199999999999477 0.8781241674611537
1.314 0.8635616438356164
0.2700000000000031 0.8595835616438356
1.4600000000000009 0.8556054794520549
0.1699999999999946 1.2295284255115635
0.8020000000000067 1.6034513715710723
1.578000000000003 2.2023269961977183
0.11500000000000199 1.987577699282291
1.5210000000000008 1.7728284023668641
4.513999999999996 1.6361010190518384
3.195999999999998 2.4197722152690866
0.11000000000000654 2.1915585930875774
3.6089999999999947 1.963344970906068
0.09199999999999875 1.9382904031285788
4.130000000000003 1.9132358353510894
3.3969999999999985 2.1754607006181925
0.09899999999999665 2.2441557718395764
3.084000000000003 2.31285084306096
0.10899999999999466 3.32002904553954
1.7660000000000053 4.32720724801812
2.4669999999999987 3.139119578435347
0.22799999999999443 2.7724149663762567
2.9069999999999965 2.405710354317166
0.10900000000000887 3.0033083099906634
1.9949999999999903 3.600906265664161
0.09600000000000364 4.148076216188646
3.5870000000000033 4.695246166713131
0.10999999999999943 4.260650034843889
5.009 3.8260539029746456
0.09199999999999875 3.5301224824426325
4.878 3.2341910619106193
0.1290000000000049 3.0043345236441805
6.155000000000001 2.7744779853777417
5.481999999999999 3.1581758482305733
0.117999999999995 2.837315372760717
6.7180000000000035 2.516454897290861
6.376000000000005 2.6949209535759096
0.12099999999999511 2.7569644973733523
6.2180000000000035 2.8190080411707945
3.081000000000003 2.68829341123012
0.11400000000000432 3.0664396137140946
2.3829999999999956 3.4445858161980696
0.10999999999999943 3.627322171469368
1.9819999999999993 3.810058526740666
0.117999999999995 3.8967287169222455
1.4640000000000128 3.983398907103825
3.3389999999999986 3.591516022761306
5.203999999999979 3.280353574173713
0.09399999999999409 3.6724873931474624
4.224000000000018 4.064621212121212
2.983000000000004 5.654685886691252
0.12199999999998568 5.553796609492272
3.2050000000000125 5.452907332293292
0.09700000000000841 5.292267450910854
3.3079999999999927 5.1316275695284155
3.7820000000000107 4.694028556319409
0.117999999999995 4.5820392584384315
3.8029999999999973 4.470049960557455
0.09499999999999886 4.140862520045429
4.715000000000003 3.8116750795334036
0.28000000000000114 3.628402317983654
4.554000000000002 3.4451295564339044
3.318000000000012 5.195930078360457
0.09000000000000341 5.241870986621446
2.1689999999999827 5.287811894882434
