1.951 0.745467965146079
0.16199999999999992 0.7473998465104267
1.661 0.7493317278747743
0.1459999999999999 0.8358595984798438
1.213 0.9223874690849133
0.9809999999999999 1.267539245667686
0.12599999999999945 1.0887229979208297
1.4370000000000003 0.9099067501739737
1.3229999999999995 0.7636523053665912
5.747999999999999 0.4866457898399443
0.4480000000000004 0.4890030629367738
6.666 0.4913603360336033
0.11299999999999955 0.700600741973307
1.0109999999999992 1.1925618199802175
0.0920000000000023 1.1611743110053372
0.9849999999999994 1.129786802030457
0.12600000000000122 1.0365125203227181
7.971 0.9432382386149792
0.13100000000000023 0.9751471105259308
7.287999999999997 1.0070559824368825
0.11400000000000432 1.0113833970679318
3.0429999999999993 1.0157108116989813
0.14399999999999835 1.0143370959903357
1.4200000000000017 1.0129633802816902
1.1280000000000001 0.9932695035460992
1.1240000000000023 0.9844341637010676
1.1620000000000061 0.988013769363167
0.1489999999999938 0.837277018137635
4.346000000000004 0.6865402669121031
0.1839999999999975 0.7690927056345293
3.8100000000000023 0.8516451443569554
0.13600000000000279 1.065985427341333
5.7719999999999985 1.2803257103257104
0.12599999999999767 1.1942983430435263
6.436000000000007 1.1082709757613423
0.09799999999999898 0.9716192277180695
5.903999999999996 0.8349674796747968
0.09099999999999397 0.7770837398373984
4.469999999999999 0.7192000000000001
0.1490000000000009 0.7366770496298327
3.6470000000000056 0.7541540992596655
0.1290000000000049 0.8841612342018652
2.8389999999999986 1.0141683691440648
0.1529999999999916 1.473241945386282
1.5720000000000027 1.9323155216284988
0.1110000000000042 1.8824419713405651
3.039999999999992 1.8325684210526314
0.24800000000000466 1.9890779848453821
2.826999999999998 2.1455875486381326
3.9839999999999947 1.9534096385542166
0.10699999999999932 1.6664457629067249
5.659000000000006 1.3794818872592334
4.079999999999998 1.712605882352941
0.12700000000000955 1.2946280846896738
8.709999999999994 0.8766502870264065
0.125 0.848550867731048
8.629999999999995 0.8204514484356896
0.14800000000001035 0.8732398885237938
1.411999999999992 0.926028328611898
0.09499999999999886 0.8687336213195236
1.768000000000015 0.8114389140271492
0.1349999999999909 0.8113351830757178
1.5769999999999982 0.8112314521242866
0.12100000000000932 0.860541691347301
2.822999999999979 0.9098519305703153
2.7510000000000048 1.0514431115957834
0.14300000000000068 1.0798438553218754
2.7309999999999945 1.1082445990479677
3.719999999999999 0.8401720430107525
0.12899999999999068 0.7731322615801077
6.423000000000002 0.7060924801494629
0.146000000000015 0.7533997211800922
10.240999999999985 0.8007069622107216
0.17199999999999704 0.7893956780243159
1.4930000000000234 0.7780843938379103
0.11199999999999477 0.7562494425236435
1.8769999999999811 0.7344144912093767
0.15400000000002478 0.6433957532524768
2.4189999999999827 0.5523770152955767
0.1839999999999975 0.553475644936658
2.3089999999999975 0.5545742745777393
0.17600000000001614 0.5651092199680952
1.9110000000000014 0.5756441653584511
0.17199999999999704 0.6407512961623716
3.5600000000000023 0.7058584269662921
0.13399999999998613 0.7057259054197416
2.9020000000000152 0.7055933838731909
