0.898 1.6196080178173722
0.10399999999999998 1.6286461141718438
0.76 1.6376842105263156
0.1339999999999999 1.6343348166334204
0.6859999999999999 1.630985422740525
0.1200000000000001 1.585911546562332
0.8069999999999999 1.5408376703841389
0.10199999999999987 1.3032370911007898
1.2269999999999999 1.065636511817441
0.9430000000000005 1.0713806998939555
0.1589999999999998 1.0693544056475868
1.149 1.0673281114012183
0.15800000000000036 1.068318454490627
7.933999999999999 1.0693087975800355
0.17999999999999972 0.9126832108467553
9.024 0.7560576241134752
0.15500000000000114 0.8839175471799039
7.225999999999999 1.0117774702463327
0.9789999999999957 1.1590602655771194
0.2959999999999994 1.2813188968335034
0.8900000000000006 1.4035775280898874
0.12400000000000233 1.4349518199172357
0.8770000000000024 1.4663261117445838
0.11499999999999488 1.3035072271649168
1.2610000000000028 1.1406883425852496
2.293999999999997 1.1754455100261552
0.26899999999999835 1.1636241898228095
6.412000000000006 1.1518028696194635
0.125 1.039157215329679
8.346999999999994 0.9265115610398945
0.1460000000000008 0.9785802896108564
6.875 1.0306490181818182
0.11899999999999977 1.3418064245264667
1.963000000000001 1.6529638308711152
0.11200000000000188 2.134453596851487
2.8249999999999957 2.6159433628318585
4.364999999999995 1.6340966781214206
4.867000000000004 1.570135196219437
0.12699999999999534 1.357017967385937
6.769999999999996 1.1439007385524373
0.15000000000000568 1.2444198069290304
2.0450000000000017 1.3449388753056235
0.12999999999999545 1.7325666394201165
1.358000000000004 2.1201944035346094
2.8900000000000006 1.0510726643598616
0.13299999999999557 1.0613576585454902
8.036999999999992 1.0716426527311187
4.772999999999996 1.2708099727634612
0.11899999999999977 1.2084818641431443
6.789999999999992 1.1461537555228274
0.12600000000000477 1.0950698725074735
1.141999999999996 1.0439859894921193
0.15200000000000102 1.0411059378623002
1.213000000000008 1.0382258862324814
1.0519999999999925 1.1976273764258556
0.14300000000000068 1.1924477171053836
2.4920000000000044 1.1872680577849115
0.11199999999999477 1.0886424221778275
3.3359999999999985 0.9900167865707434
3.2650000000000006 0.9827577335375193
0.132000000000005 1.0460678633898848
6.806999999999988 1.1093779932422505
4.343000000000018 1.342780566428736
8.171999999999997 0.9188321096426824
0.1670000000000016 0.8773371770473961
8.697000000000003 0.8358422444521099
1.054000000000002 1.138451612903226
0.13900000000001 0.9586152801358236
1.5199999999999818 0.7787789473684212
0.16600000000002524 0.8007160302280479
1.5739999999999839 0.8226531130876746
0.1599999999999966 0.8288966500017813
1.3910000000000196 0.8351401869158879
0.11599999999998545 0.8286190969749427
4.265000000000015 0.8220980070339976
0.12999999999999545 0.8860335273265227
3.359999999999985 0.9499690476190478
0.13300000000000978 0.9392391657193382
3.3930000000000007 0.9285092838196286
0.12199999999998568 0.8039703935773361
3.8980000000000246 0.6794315033350438
0.10499999999998977 0.8120863390820607
7.167000000000002 0.9447411748290776
0.1529999999999916 0.8162757049194806
4.552999999999997 0.6878102350098836
