1.953 0.744704557091654
0.16100000000000003 0.7470181424832141
1.661 0.7493317278747743
0.14500000000000002 0.7503730499682804
1.4889999999999999 0.7514143720617865
0.11300000000000043 0.7502421257899293
1.6599999999999993 0.7490698795180721
0.13000000000000078 0.7466282806810622
1.7569999999999988 0.7441866818440523
0.1620000000000008 0.854035852268471
2.644 0.9638850226928896
0.10500000000000043 1.3798255058928008
4.034000000000001 1.795765989092712
5.244 1.6178291380625476
0.10999999999999943 1.2923114798999147
7.056999999999999 0.966793821737282
5.416 1.3499084194977846
0.10999999999999943 1.4036372878648065
5.158999999999999 1.457366156231828
0.11999999999999744 2.1357812376251166
2.608000000000004 2.814196319018405
4.037999999999997 1.8758811292719166
0.25500000000000256 2.463520898261946
1.1389999999999958 3.0511606672519758
0.2610000000000028 3.0634951675052577
2.1370000000000005 3.0758296677585397
1.7889999999999944 4.1282057015092235
0.10999999999999943 4.2851229541434686
1.7410000000000068 4.442040206777714
1.4450000000000003 4.903606920415226
1.2309999999999945 6.4188984565394
4.695 3.6749375931842385
0.11199999999999477 3.6370038649644174
4.534000000000006 3.5990701367445967
3.4739999999999895 5.012018422567646
3.3019999999999925 5.382207147183525
0.09500000000001307 5.559980766574219
2.8499999999999943 5.737754385964912
2.6140000000000043 6.692547819433819
2.4509999999999934 6.871419012647899
3.361000000000004 5.702083903600118
0.23499999999999943 6.237985704483615
2.3289999999999935 6.773887505367111
1.9099999999999966 8.94079162303665
0.09100000000000819 8.253857349979864
2.2879999999999967 7.566923076923077
0.11299999999999955 6.450792557710513
3.168999999999997 5.3346620384979495
4.14800000000001 4.142433944069431
3.3930000000000007 5.1661043324491605
0.10799999999998988 4.975687269546579
3.8230000000000075 4.785270206643997
5.146999999999991 3.587001360015543
3.7849999999999966 4.531462087186263
0.30400000000000205 4.929318972833506
2.8829999999999956 5.327175858480748
0.12199999999999989 4.888942333385453
3.8599999999999994 4.450708808290156
10.085000000000008 1.6927079821517104
0.13399999999998613 1.6398173425870857
10.819000000000017 1.5869267030224607
0.12599999999997635 1.389545336103781
14.149000000000001 1.1921639691851014
0.10200000000000387 1.6228838879233796
3.992999999999995 2.0536038066616578
2.391999999999996 2.964063545150502
0.117999999999995 2.4646012555512913
3.9650000000000034 1.9651389659520808
0.12399999999999523 2.515120821369968
2.502999999999986 3.065102676787855
0.09499999999999886 3.7531595916443514
1.7690000000000055 4.441216506500847
1.497000000000014 4.43943887775551
0.103999999999985 4.4553564495539115
0.5620000000000118 4.471274021352313
1.007000000000005 4.757497517378351
