0.297 4.8969966329966335
0.10399999999999998 4.858558739459042
0.6620000000000001 4.82012084592145
0.581 4.8304578313253
0.12200000000000011 4.820579431126568
1.5519999999999998 4.810701030927834
2.9040000000000004 2.745865013774105
0.10499999999999954 2.688838872390133
2.4350000000000005 2.6318127310061605
2.6609999999999996 2.722329951146185
3.511000000000001 2.4163759612645968
2.6659999999999986 2.5591387846961737
2.8689999999999998 2.548310909724643
0.12900000000000134 2.59831043901167
2.8389999999999986 2.6483099682986966
0.2469999999999999 2.623168081494481
2.8249999999999993 2.5980261946902656
0.09000000000000341 2.5485690194830415
3.030999999999999 2.499111844275817
3.2540000000000013 2.548135218192993
2.5730000000000004 2.554624174115818
0.12600000000000477 2.5510892515974053
2.898999999999994 2.547554329078993
0.10300000000000153 2.5312717986858377
3.075000000000003 2.514989268292683
0.12699999999999534 2.5147181969568457
2.818000000000005 2.514447125621008
3.1099999999999994 2.5407279742765274
2.655999999999999 2.782394578313253
6.030000000000001 2.7061665008291875
7.288999999999994 2.3887710248319385
0.11299999999999955 2.4338922776551937
7.168999999999997 2.479013530478449
0.125 2.4956597841361363
6.509 2.5123060377938238
0.09500000000001307 2.5195733495335633
2.8429999999999893 2.5268406612733028
2.9099999999999966 2.4905429553264606
0.09100000000000819 2.41168426206193
3.691999999999993 2.3328255687973996
0.10999999999999943 2.3337676727743735
2.597999999999999 2.3347097767513474
0.10000000000000853 2.364276450971798
3.2509999999999906 2.3938431251922485
2.740000000000009 2.849083211678832
2.448999999999998 2.853177623519804
2.861000000000004 2.6688654316672493
0.23099999999999454 2.51925467031823
2.9879999999999995 2.3696439089692105
0.12600000000000477 2.3683932605720592
3.4989999999999952 2.367142612174908
0.09799999999999898 2.341974918845004
3.5430000000000064 2.3168072255151
3.353999999999999 2.2515014907573043
0.1419999999999959 2.2506921034033436
2.5919999999999987 2.249882716049383
0.10999999999999943 2.2383304446201837
3.372 2.2267781731909846
0.1280000000000001 2.1786469998428544
3.412000000000006 2.1305158264947246
3.375 2.205812148148148
0.12399999999999523 2.3511067283815983
2.7510000000000048 2.496401308615049
0.23199999999999932 2.8598437360685307
2.544000000000011 3.2232861635220122
6.882000000000005 2.466641092705609
0.125 2.4824632426657796
7.1059999999999945 2.49828539262595
0.09499999999999886 2.5050233109701856
6.768000000000001 2.511761229314421
0.12899999999999068 2.51778540331049
7.121000000000009 2.523809577306558
6.1910000000000025 2.534181876918107
0.10900000000000887 2.4725234653783654
7.150999999999982 2.410865053838624
4.681999999999988 2.449650576676634
