0.389 3.7388380462724933
0.11099999999999999 3.7495398690576964
0.33099999999999996 3.7602416918429
0.759 3.697623188405797
0.8290000000000002 3.6897949336550058
2.0429999999999997 3.903079784630445
1.5759999999999996 4.066284263959391
0.125 4.157745775505052
4.062 4.249207287050715
4.3870000000000005 4.1762881240027365
0.11199999999999832 4.237092310825205
3.8260000000000005 4.297896497647674
4.123000000000001 4.208975988357992
4.048000000000002 4.295498023715415
3.933 4.2765359776252225
4.253 4.156055490242182
4.246000000000002 4.2870956194065
0.24600000000000222 4.256718515709572
3.7959999999999994 4.226341412012645
0.11199999999999477 4.200933072640658
4.124000000000002 4.175524733268671
4.8969999999999985 3.7405578925872973
0.10500000000000398 3.6916470647990653
4.522999999999996 3.6427362370108334
4.8969999999999985 3.627896263018175
0.10500000000000398 3.7426125625397155
4.472999999999999 3.8573288620612565
0.12300000000000466 4.041324192812088
3.8619999999999948 4.225319523562921
4.088000000000008 4.259234833659492
0.11299999999999955 4.246345382527697
4.197999999999993 4.233455931395903
0.2920000000000016 4.258802893651842
3.816999999999993 4.284149855907781
0.09000000000000341 4.301867520546483
4.049999999999997 4.3195851851851845
3.9009999999999962 4.3173155601127915
0.09900000000000375 4.239064206456744
4.6059999999999945 4.160812852800696
0.0940000000000083 4.199748715492234
3.721999999999994 4.238684578183772
3.9549999999999983 4.317803286978508
4.004000000000005 4.323956043956044
0.09600000000000364 4.28792671413094
3.975999999999999 4.251897384305835
0.12599999999999056 4.082989238849956
4.390000000000001 3.9140810933940777
0.30100000000000193 3.6785679479934448
5.091000000000008 3.4430548025928114
0.11599999999999966 3.644387186875552
4.756999999999991 3.8457195711582925
3.173000000000016 3.763433974156949
0.11999999999997613 3.9160747456991643
1.856000000000023 4.06871551724138
1.5960000000000036 3.653944862155389
0.10400000000001342 3.179890629275893
2.7750000000000057 2.705836396396397
1.7920000000000016 4.056540178571429
0.10800000000000409 4.054567313020064
1.836999999999989 4.052594447468699
4.13900000000001 4.075363131191109
0.2539999999999907 4.111805467803008
4.212999999999994 4.148247804414908
0.09700000000000841 4.12677493001882
4.134999999999991 4.105302055622733
4.102000000000004 4.32784397854705
0.09600000000000364 4.32342402179385
3.936000000000007 4.319004065040651
4.159999999999997 4.320203846153846
3.625 4.328033103448276
3.9799999999999898 4.3316824120603
0.12000000000000455 4.333944041568903
2.6450000000000102 4.336205671077505
