0.423 3.4383167848699765
0.362 3.4382320441988954
0.32299999999999995 3.4639504643962846
0.3619999999999999 3.434961325966851
2.3599999999999994 3.3788101694915254
1.896 3.3799915611814346
0.10400000000000009 3.380177768458193
2.1430000000000007 3.380363975734951
5.551 3.3005541343902
4.574 3.59504853519895
0.12099999999999866 3.6911960266566544
4.582000000000001 3.7873435181143593
0.11599999999999966 3.444525843966206
5.606000000000002 3.1017081698180524
0.0940000000000012 3.0793542666611167
5.501999999999999 3.0570003635041805
0.10600000000000165 3.1903033934309226
3.424999999999997 3.3236064233576648
2.0860000000000056 3.9748954937679772
0.1419999999999959 3.752774380049818
1.1940000000000026 3.5306532663316585
2.193000000000005 3.367697218422253
0.10799999999999699 3.26860106822752
2.4399999999999977 3.169504918032787
2.2750000000000057 3.114598681318681
0.11899999999999977 3.766936924551958
1.7879999999999967 4.419275167785234
0.11400000000000432 3.9807145701377418
4.870999999999995 3.542153972490249
0.13400000000000034 3.3027255689370714
5.326999999999998 3.0632971653838936
3.061000000000007 5.6882561254491995
4.152000000000001 4.280358381502891
4.709000000000003 3.4726268846888937
4.725999999999999 3.7017181548878546
4.170999999999992 4.037844162071445
0.12300000000000466 4.13143354488052
4.536000000000001 4.2250229276895945
0.2539999999999907 3.9937878769141983
4.193000000000012 3.7625528261388026
0.11899999999999977 3.7151372378116694
4.655999999999992 3.667721649484536
5.003 3.460547671397161
0.09900000000000375 3.3320877451168105
5.277000000000001 3.20362781883646
0.12399999999999523 3.178797756701637
5.447999999999993 3.153967694566813
5.381 3.2574971194945177
0.11999999999999034 3.271241646477372
5.569000000000003 3.2849861734602266
0.13100000000000023 3.336592554522369
5.449000000000012 3.3881989355845112
5.045000000000016 3.399719326065411
2.6350000000000193 3.458948007590133
2.0889999999999986 3.5943973192915273
0.11199999999999477 3.5797685468453713
2.0390000000000157 3.5651397743992153
2.309000000000026 3.224173235166739
0.09099999999997976 3.223442788395195
2.1310000000000002 3.2227123416236507
5.355000000000018 3.2635981325863677
5.4739999999999895 3.1011004749725974
0.12700000000000955 3.17626598840205
5.460000000000008 3.251431501831502
0.13700000000000045 2.9544323368153913
6.396999999999991 2.6574331717992807
0.29300000000000637 2.6281727552678182
3.022999999999996 2.5989123387363553
0.09000000000000341 2.602051230128664
2.5509999999999877 2.6051901215209727
2.7649999999999864 2.4488101265822784
0.13700000000000045 2.1352035423785916
2.6299999999999955 1.821596958174905
