0.638 2.2796363636363637
0.5389999999999999 2.309165120593692
0.4870000000000001 2.2974455852156055
0.11199999999999988 2.3000709407559508
0.54 2.302696296296296
1.456 2.261324175824176
1.8470000000000004 2.2536654033567953
3.1220000000000008 2.3203459320948108
3.4450000000000003 2.462669375907112
2.2460000000000004 3.0376954585930545
2.8459999999999983 2.568905130007028
3.225999999999999 2.3306112833230004
2.0420000000000016 3.594233104799217
2.4150000000000027 3.1365664596273293
3.4090000000000025 2.432276914051041
0.29100000000000037 2.3065578332697143
3.013999999999996 2.180838752488387
3.5080000000000027 2.105290763968073
0.09499999999999886 2.367434909355679
2.9410000000000025 2.6295790547432847
6.936 2.375446366782007
7.383000000000003 2.406312880942706
0.11699999999999733 2.462560236091791
6.850000000000001 2.5188075912408756
7.896000000000001 2.0666393110435664
0.117999999999995 2.208265534980578
3.2520000000000095 2.349891758917589
2.5079999999999956 3.0878022328548647
0.2849999999999966 3.2896325193230886
2.003 3.4914628057913126
0.09999999999999432 4.621555261982926
1.2490000000000094 5.75164771817454
0.24499999999999034 5.419909659691499
3.3100000000000023 5.088171601208459
0.09799999999999898 4.545830525901911
4.787000000000006 4.003489450595363
0.11700000000000443 4.060249944504362
3.8319999999999936 4.117010438413361
3.9410000000000025 4.3331418421720365
6.152000000000001 2.814226267880364
5.2309999999999945 3.2317996558975337
5.322000000000003 3.228638857572341
5.510999999999996 3.180655416439848
0.09399999999999409 3.1808413580199586
5.751000000000005 3.181027299600069
0.23799999999999955 3.0150735263432447
6.47999999999999 2.8491197530864203
0.12999999999999545 2.6516537991951443
3.0770000000000266 2.454187845303868
0.1209999999999809 2.931271596526861
1.7110000000000127 3.408355347749854
0.09000000000000341 3.873067333031483
1.7309999999999945 4.337779318313112
4.171999999999997 4.091792905081496
4.055000000000007 4.234022194821208
4.25800000000001 3.961467355565993
2.8170000000000073 6.2039645012424565
2.453000000000003 6.920270688952304
0.24600000000000932 5.602642706291261
4.143000000000001 4.28501472363022
4.512999999999977 3.766807001994239
0.09700000000000841 4.31271520686357
3.6990000000000123 4.8586234117329
0.10499999999998977 3.723366473269947
6.062000000000012 2.588109534806995
5.572000000000003 3.094058865757358
5.21599999999998 2.198861963190185
