0.282 5.157475177304966
0.119 5.115239973390162
0.629 5.073004769475358
0.5539999999999998 5.06587725631769
0.6019999999999999 5.081129568106312
0.09699999999999998 5.071990815799188
1.5750000000000002 5.0628520634920635
0.12199999999999989 5.0571170886566
3.075 5.051382113821138
0.12699999999999978 4.991445342624854
3.5 4.931508571428571
0.10800000000000054 3.9645579506357516
6.111999999999998 2.997607329842932
4.332000000000001 3.795879963065559
5.218 3.3257201993100813
5.864999999999998 2.96473589087809
0.13300000000000267 4.08725397800117
2.333999999999996 5.20977206512425
3.8029999999999973 4.647831711806469
0.28699999999999903 4.216513901234904
4.8089999999999975 3.7851960906633395
0.10300000000000153 4.4521372923004
3.1340000000000003 5.119078493937461
3.4570000000000007 4.981158229678912
3.728999999999999 4.912178063824082
3.5060000000000002 4.69939988590987
0.09300000000000352 4.699053024150386
3.780999999999999 4.698706162390902
0.12100000000000222 4.655398523590533
3.7409999999999997 4.612090884790163
3.637999999999991 4.485482133040132
4.169000000000011 4.1764816502758455
0.32099999999999795 4.636570047965568
3.4869999999999948 5.096658445655291
0.12100000000000932 5.432385660217416
2.8349999999999937 5.768112874779541
3.0219999999999914 5.788987425545996
2.9170000000000016 5.773688035653067
3.9279999999999973 4.878997963340123
3.158999999999992 4.994106995884774
3.317999999999998 5.146748643761302
3.307000000000002 5.235294829150287
0.09000000000000341 5.327737828169244
3.1189999999999998 5.420180827188201
0.2740000000000009 5.420313757442681
3.1700000000000017 5.420446687697161
3.6159999999999997 4.847508849557522
3.8059999999999974 4.806644245927483
0.0940000000000083 4.805390298867984
3.8429999999999893 4.804136351808483
3.8329999999999984 4.474715366553613
3.884999999999991 3.9532169884169894
0.11700000000000443 3.8636620970204456
4.552000000000007 3.774107205623902
4.47999999999999 3.810482142857143
0.11699999999999022 3.823989395076314
4.474000000000018 3.837496647295485
0.3160000000000025 4.271318477064757
3.5849999999999795 4.70514030683403
0.12700000000000955 4.4516054644907594
4.163000000000011 4.1980706221474895
0.13399999999998613 4.3606159132586635
3.7530000000000143 4.5231612043698375
3.5900000000000034 4.945074094707521
0.117999999999995 4.634785839009828
3.9310000000000116 4.324497583312134
3.899000000000001 4.60939933316235
0.10200000000000387 4.686169004771824
3.2939999999999827 4.762938676381299
0.10500000000001819 4.979434377370878
3.3179999999999836 5.195930078360457
2.204999999999984 5.201480272108844
