0.45599999999999996 3.1894912280701755
0.391 3.1832225063938617
0.10599999999999998 3.1899769674826453
0.3500000000000001 3.196731428571429
0.3879999999999999 3.2047835051546394
0.1140000000000001 3.270318804249052
0.9869999999999999 3.3358541033434648
0.11100000000000021 3.458000794688492
1.7899999999999996 3.58014748603352
0.10599999999999987 3.4342226308969233
2.2030000000000003 3.288297775760327
0.09700000000000042 3.450770693672327
2.347999999999999 3.6132436115843265
4.872 3.3751543513957314
0.12399999999999878 3.627394747797128
4.472999999999999 3.8796351441985246
0.12900000000000134 3.815564713415336
4.635000000000002 3.7514942826321467
4.462999999999997 3.768679363656733
4.4439999999999955 3.977431143114312
4.856000000000002 3.748560131795717
4.378999999999998 3.6636656770952274
0.1290000000000049 3.7532637691434627
4.4809999999999945 3.842861861191698
0.3019999999999996 3.838691973091139
4.777000000000001 3.83452208499058
4.152999999999999 3.967275704310137
4.338999999999999 4.094447568564185
4.4110000000000085 3.9115465880752653
0.09199999999999875 3.7620810204046906
4.516999999999996 3.6126154527341163
4.022000000000006 4.329127797115862
4.283000000000001 4.149439178146159
0.11899999999999977 3.82966700268115
4.659000000000006 3.5098948272161405
4.8700000000000045 3.5922628336755653
0.31699999999999307 3.8490139131810297
4.102000000000004 4.1057649926864945
0.10699999999999932 4.074475745288395
4.739999999999995 4.043186497890296
3.8870000000000005 4.058755852842809
0.11400000000000432 3.7511879687686522
4.958999999999989 3.443620084694495
4.590999999999994 3.771099978218253
0.10599999999999454 3.777820416689158
4.467000000000013 3.784540855160063
4.504000000000005 3.8150124333925395
0.09600000000000364 3.8591313545132486
1.813999999999993 3.903250275633958
2.140999999999991 3.868581036898645
2.1340000000000003 3.846507966260544
1.9749999999999943 3.82356253164557
0.1220000000000141 3.743344079893137
1.5919999999999845 3.6631256281407034
0.11000000000001364 3.6496490126175676
2.0649999999999977 3.6361723970944313
1.8770000000000095 3.8728396377197654
0.12399999999999523 3.9176060639556587
4.332999999999998 3.9623724901915525
4.460999999999984 3.7811988343420757
4.695000000000022 3.7223787007454745
0.10599999999999454 3.84801332041019
4.271999999999991 3.973647940074905
0.1220000000000141 3.9160584842734885
4.600999999999999 3.858469028472072
0.10299999999998022 3.884560026083287
4.347000000000008 3.910651023694502
4.710000000000008 3.81572144373673
4.075999999999993 3.849146221786065
0.3149999999999977 3.901194986609611
4.361000000000018 3.953243751433157
2.8219999999999743 4.06423245924876
