0.52 2.7969384615384616
1.154 2.7650953206239173
0.39800000000000013 2.8111959798994977
0.09899999999999975 2.7884370496242514
1.1059999999999999 2.7656781193490056
0.0900000000000003 2.762758590269641
1.1929999999999996 2.7598390611902763
0.1120000000000001 2.760065419189303
1.508 2.760291777188329
0.09299999999999997 2.6094478579595908
1.8279999999999994 2.4586039387308527
3.648999999999999 2.3249920526171555
2.4410000000000007 2.795028267103646
2.7409999999999997 2.6673126596132803
2.905000000000001 2.5881418244406196
0.10000000000000142 3.3407591442336955
1.7929999999999993 4.093376464026772
0.09499999999999886 3.931091643527245
4.690000000000001 3.768806823027719
0.11499999999999844 3.6644746025954165
5.113000000000003 3.5601423821631144
3.0600000000000023 5.242873202614379
3.155999999999999 5.4562306717363755
3.036999999999999 6.031449456700692
2.646000000000001 6.226793650793651
2.6019999999999968 6.827750960799385
0.10000000000000142 5.761974554977809
3.6739999999999995 4.696198149156233
0.32200000000000273 4.016283903856383
4.890999999999998 3.3363696585565332
0.11200000000000188 3.9953369276476867
3.7409999999999997 4.65430419673884
5.417000000000002 3.2807915820564895
0.09199999999999875 3.072573054997416
5.709000000000003 2.864354527938343
4.8160000000000025 3.6325415282392024
4.016999999999996 4.192643266118995
4.203000000000003 4.559767784915536
0.09600000000000364 4.896199647018299
3.0150000000000006 5.232631509121061
2.7930000000000064 6.114182599355531
0.29599999999999227 6.0369742600908465
2.905000000000001 5.959765920826162
0.10800000000000409 5.604967432462771
3.219999999999999 5.2501689440993795
3.378 5.086683244523387
0.12000000000000455 5.294219211715555
3.185999999999993 5.501755178907723
0.11400000000000432 5.743041148498676
3.057000000000002 5.98432711808963
3.3659999999999997 5.484936423054071
4.400999999999996 3.8972015451033863
0.10500000000000398 3.8456175709706657
4.048000000000002 3.794033596837945
3.8460000000000036 4.4669100364014565
0.24099999999999966 4.98240187810411
3.1049999999999898 5.497893719806762
0.10600000000000875 5.15221673672309
3.5719999999999885 4.806539753639417
0.13400000000001455 3.957631100557269
5.425999999999988 3.1087224474751203
5.622000000000014 3.1086033440056924
6.498999999999995 2.6120055393137402
0.10100000000002751 2.584655607455775
6.941999999999979 2.5573056755978105
7.179000000000002 2.3679621117147236
0.12600000000000477 3.3250399074179997
4.197000000000003 4.282117703121276
3.2700000000000102 4.7978960244648325
0.3259999999999934 5.163556094336329
3.117999999999995 5.529216164207824
2.0579999999999927 5.5730145772594755
