0.537 2.7083947858473003
0.45799999999999996 2.7175545851528384
1.05 2.672853333333333
1.145 2.671475982532751
1.2340000000000004 2.6681426256077803
2.2990000000000004 2.78750065245759
0.09299999999999997 2.787922766567517
2.598 2.7883448806774442
0.0990000000000002 2.7403952267557328
3.151 2.692445572834021
2.5279999999999987 2.6988386075949364
2.7499999999999982 2.658583272727273
2.7680000000000007 2.716239884393064
2.7550000000000026 2.6640377495462793
2.8520000000000003 2.6559635343618515
0.23400000000000176 2.6636183651190706
3.103999999999999 2.671273195876289
0.10900000000000176 2.666213116156768
2.4699999999999953 2.661153036437247
0.13300000000000267 2.673989219107998
6.408999999999999 2.6868254017787487
6.765999999999998 2.707288205734555
6.118000000000002 2.6930526315789476
6.694000000000003 2.653989841649239
0.11199999999999477 2.671589060475492
6.416000000000004 2.689188279301746
6.128 2.662889033942559
2.8220000000000027 2.707954642097803
1.9660000000000082 2.671296032553408
2.6060000000000088 2.683576362240982
0.09099999999999397 2.6901004934328037
2.6640000000000015 2.6966246246246253
2.707000000000008 2.6773106760251197
0.09300000000000352 2.6723177722027116
3.228999999999999 2.6673248683803035
2.2560000000000002 2.6886418439716313
2.9009999999999962 2.6826556359875906
0.09999999999999432 2.694272012101248
2.885000000000005 2.7058883882149054
0.117999999999995 2.6992702056681463
2.594999999999999 2.6926520231213873
0.29700000000001125 2.711780947183011
2.7959999999999923 2.7309098712446356
0.10699999999999932 2.7297123537340715
2.594999999999999 2.7285148362235074
0.10800000000000409 2.711464965281565
3.073999999999998 2.6944150943396226
0.1290000000000049 2.681188472025303
6.920000000000002 2.6679618497109834
6.353000000000009 2.6997613725798835
5.744 2.673789693593315
6.346999999999994 2.706749015282811
6.46599999999998 2.6401113516857406
0.13700000000000045 2.662639348035551
6.3940000000000055 2.685167344385361
0.2950000000000159 2.64573357731602
2.634999999999991 2.6062998102466794
3.147999999999996 2.604841168996188
2.5989999999999895 2.727987687572143
0.10699999999999932 2.713452797717488
2.8870000000000005 2.698917907862833
0.11000000000001364 2.672209298759003
2.8999999999999773 2.6455006896551723
0.10200000000000387 2.6462867329677477
2.9680000000000177 2.6470727762803237
0.12899999999999068 2.540723201326975
2.7299999999999898 2.434373626373626
2.811000000000007 2.4087371042333694
1.8810000000000002 2.546943115364168
