0.421 3.45465083135392
0.358 3.4766480446927375
0.821 3.4183873325213154
0.8949999999999998 3.417698324022347
0.10499999999999998 3.4721820451982097
1.4810000000000003 3.526665766374072
0.1200000000000001 3.3480173540080056
2.0219999999999994 3.169368941641939
2.5199999999999996 2.8746507936507935
3.130000000000001 2.7105099041533545
2.1259999999999994 3.2091552210724372
4.678000000000001 3.709621205643437
0.12399999999999878 3.2485406445017437
6.2379999999999995 2.787460083360051
5.817 2.8914588275743514
5.950999999999997 2.9702073601075454
5.442999999999998 3.3442968950946166
4.370999999999995 3.670371082132235
4.648000000000003 3.704790017211704
4.667000000000002 3.9249007928005133
0.2220000000000013 3.8962644809072993
4.259999999999998 3.867628169014085
4.817000000000007 3.688147809840149
4.661000000000001 3.701744689980691
4.3629999999999995 3.740129268851707
2.0319999999999965 3.760751968503937
2.057000000000002 3.764807000486145
1.8359999999999985 3.809041394335512
1.8840000000000003 3.8130615711252647
0.11700000000000443 3.8127590864568983
1.9009999999999962 3.8124566017885324
0.09600000000000364 3.7317458930943515
2.3589999999999947 3.65103518440017
1.6659999999999968 3.640801920768307
4.61399999999999 3.701107932379714
4.574000000000012 3.7851158723218186
0.125 3.7831354356017504
4.470999999999989 3.781154998881682
0.1290000000000049 3.8019029721883384
4.4950000000000045 3.8226509454949946
0.10599999999999454 3.831215067490104
4.564999999999998 3.8397791894852134
5.150000000000006 3.5522500970873785
5.168000000000006 3.5724256965944274
4.787999999999997 3.5822021720969093
0.3049999999999926 3.4091213136085052
4.746000000000009 3.2360404551201007
7.066999999999979 2.4309800481109383
3.2779999999999916 2.217608297742526
0.1220000000000141 2.414419020846009
2.850999999999999 2.6112297439494916
2.6260000000000048 2.6152322924600155
4.015999999999991 2.041842629482072
3.742999999999995 1.8942131979695431
3.430999999999983 2.270992713494608
2.694999999999993 2.8467354359925787
0.10499999999998977 2.629464125733471
3.257000000000005 2.4121928154743633
0.23400000000000887 2.0312565765973756
4.026999999999987 1.6503203377203877
0.10699999999999932 1.895836955703964
3.162000000000006 2.14135357368754
0.11299999999999955 3.014994968661952
1.2319999999999993 3.888636363636364
