0.732 1.986896174863388
0.6190000000000001 2.010726978998384
0.558 2.0051182795698925
1.553 1.9696329684481648
1.6700000000000004 1.9715497005988025
0.14499999999999957 2.2004192778960654
2.638000000000001 2.4292888551933283
2.603999999999999 2.781920122887865
0.09399999999999942 4.2189253947772665
1.5 5.655930666666667
0.0990000000000002 4.528456750086177
4.834999999999999 3.4009828335056875
4.756 3.6487821698906653
5.657 3.0737450945730953
8.699000000000002 1.933511438096333
0.09899999999999665 3.218482235100485
1.6820000000000022 4.5034530321046375
0.3089999999999975 4.027236580292147
2.335000000000001 3.5510201284796574
1.7459999999999951 3.764632302405498
2.1529999999999987 3.43026474686484
2.0690000000000026 3.737840502658289
1.8810000000000002 3.7669920255183413
0.12399999999999523 3.4982758709667694
5.501000000000005 3.2295597164151975
0.09999999999999432 3.1633197971772633
5.571000000000005 3.0970798779393287
0.13100000000000023 3.3065860497216573
4.640999999999998 3.5160922215039863
5.656000000000006 3.0784568599717113
4.852000000000004 3.662829348722176
5.1229999999999905 3.1919968768299825
5.662999999999997 3.0892318559067626
4.838000000000008 3.4811591566763127
0.257000000000005 3.7183612088851117
4.844999999999999 3.955563261093911
2.1970000000000027 7.180875739644971
0.10200000000000387 7.0154101923254935
2.492999999999995 6.849944645006016
0.10600000000000875 6.219213768597262
3.097999999999999 5.588482892188509
0.10799999999998988 4.925550573678723
3.966000000000008 4.262618255168936
0.1280000000000001 4.9426337349143115
3.0559999999999974 5.6226492146596865
3.3329999999999984 5.259103510351035
5.341000000000008 3.4252177494851153
5.006 3.688033559728326
0.28699999999999193 3.2568325953501596
6.070000000000007 2.825631630971993
4.792000000000002 3.2049766277128553
0.09999999999999432 2.996494805255324
6.162000000000006 2.788012982797793
2.5810000000000173 4.424573421154592
0.12399999999999523 3.403806556928128
3.1239999999999952 2.3830396927016646
2.5829999999999984 2.65876887340302
0.11299999999999955 4.067706741930966
0.9369999999999834 5.476644610458911
1.177000000000021 4.074610025488529
3.455999999999989 2.2545648148148154
2.3349999999999795 3.285632548179872
0.914999999999992 8.586351912568306
5.787000000000006 2.711097287022637
0.12899999999999068 3.196652445305424
4.681999999999988 3.6822076035882105
0.11899999999999977 3.214997429010205
4.174000000000007 2.7477872544321995
