0.786 1.8503918575063607
0.11699999999999999 1.8568126952202464
0.6679999999999999 1.863233532934132
0.129 1.8686820931002321
0.5970000000000002 1.874130653266332
0.10399999999999965 1.8691912636646504
0.6670000000000003 1.8642518740629686
0.1429999999999998 1.995591053310554
1.548 2.1269302325581396
2.0699999999999994 3.0958763285024156
2.817 2.5715725949591763
2.8499999999999996 2.976805614035088
2.1950000000000003 3.1082751708428247
0.10699999999999932 3.103756915646084
2.359 3.099238660449343
2.274000000000001 3.306311345646438
0.12899999999999778 3.26515643954739
5.217000000000002 3.2240015334483423
5.593999999999998 3.15976117268502
0.11100000000000065 3.2016738864137864
5.612000000000002 3.243586600142552
4.875999999999998 3.290236259228876
0.1319999999999979 3.3146802781504086
5.157000000000004 3.339124297071941
5.387999999999998 3.399686711210096
0.11400000000000432 3.408273052826118
4.821999999999996 3.41685939444214
5.295999999999999 3.3545709969788517
0.29299999999999926 3.297972329223974
5.323 3.2413736614690967
4.739000000000004 3.443381304072589
5.1699999999999875 3.3678437137330746
0.13100000000000023 3.355093199119451
2.3170000000000073 3.3423426845058266
2.094999999999999 3.338138424821002
0.10200000000000387 3.403450670643239
2.070999999999998 3.4687629164654754
2.0919999999999987 3.464378585086042
0.10500000000000398 3.4176671790400857
2.555000000000007 3.370955772994129
1.8050000000000068 3.3604299168975067
0.09499999999999886 3.3581761486169293
2.3190000000000026 3.355922380336352
2.272999999999996 3.4344425868895727
0.12300000000000466 3.416954251417841
4.972999999999999 3.399465915946109
0.12399999999999523 3.3563870266194105
5.185999999999993 3.3133081372927116
0.11899999999999977 3.349256617893169
5.1780000000000115 3.3852050984936266
0.11899999999999977 3.3811836827155224
5.417000000000002 3.3771622669374186
5.471999999999994 3.373957602339181
0.12999999999999545 3.303527717286461
5.304999999999993 3.233097832233742
0.09300000000001774 3.245552734530108
4.713999999999999 3.2580076368264743
5.635999999999996 3.048214336408801
0.25 3.128219177225261
5.320999999999998 3.2082240180417214
0.09100000000000819 3.2991520818806057
2.195999999999998 3.39008014571949
0.09800000000001319 3.3466995245191966
2.0789999999999793 3.303318903318903
0.12600000000000477 3.2883939825975754
2.5049999999999955 3.2734690618762476
0.09400000000002251 3.278707666649101
2.158999999999992 3.2839462714219545
2.3799999999999955 3.2738554621848746
0.12100000000000932 3.264410123964733
2.3569999999999993 3.2549647857445914
2.4250000000000114 3.239798762886598
2.576999999999998 2.578905704307334
0.3189999999999884 2.5602840477898163
6.7830000000000155 2.5416623912722986
0.11899999999999977 2.833827107328709
3.6689999999999827 3.1259918233851187
