2.647 0.5494552323384965
0.15500000000000025 0.5516835574242549
2.2469999999999994 0.5539118825100133
0.15500000000000025 0.5536265644004073
2.0220000000000002 0.5533412462908011
0.17799999999999994 0.5880016196401426
1.9970000000000008 0.6226619929894842
0.129999999999999 1.0952254809072122
0.8339999999999996 1.5677889688249402
0.7419999999999991 1.3616064690026954
2.0860000000000003 1.3524141898370088
0.09600000000000009 1.7981187584995677
3.7810000000000006 2.2438233271621266
0.13299999999999912 1.7455555392666209
5.469999999999999 1.2472877513711151
0.12199999999999989 1.6298514176618857
3.6330000000000027 2.0124150839526562
3.910999999999998 1.9224116594221428
0.09700000000000131 1.7546570729543147
4.6249999999999964 1.5869024864864867
5.026000000000003 1.5071245523278949
6.456000000000003 1.2843296158612145
0.14300000000000068 1.405585016989841
4.305 1.5268404181184672
0.27299999999999613 1.5981127949543512
4.4239999999999995 1.669385171790235
0.09199999999999875 1.615232755455069
4.954000000000001 1.5610803391199028
4.1469999999999985 1.7086356402218468
3.990000000000009 1.980366917293233
0.10699999999999932 2.018577558284802
3.5929999999999893 2.0567881992763706
0.10800000000000409 2.068165528209614
3.430000000000007 2.079542857142857
3.5259999999999962 2.1672853091321613
3.701999999999998 2.0918984332793085
0.10200000000000387 2.103632217244615
3.3059999999999974 2.1153660012099214
0.2819999999999965 2.1347156842631314
3.335000000000008 2.154065367316342
3.4200000000000017 2.1191461988304092
4.1200000000000045 2.090483495145631
2.923000000000002 2.075120082107424
3.915999999999997 1.987329928498468
3.8910000000000053 2.0062934978154723
0.117999999999995 1.9663990235148496
3.6270000000000095 1.9265045492142268
4.3559999999999945 1.7528980716253446
0.13500000000000512 1.8807747095715373
3.5249999999999915 2.00865134751773
0.2610000000000099 1.9287265666160078
4.47999999999999 1.8488017857142856
0.14800000000001035 1.7111028288356747
5.2169999999999845 1.5734038719570635
4.6629999999999825 1.6194587175638
3.0120000000000005 1.9361540504648074
4.212999999999994 1.7822682174222644
0.12399999999999523 1.366937224302178
7.63900000000001 0.9516062311820916
0.1629999999999825 0.9608186339026534
3.2220000000000084 0.9700310366232153
0.7580000000000098 1.5616675461741425
0.14099999999999113 1.5982933690466672
0.7920000000000016 1.6349191919191919
0.09999999999999432 1.76667643269429
1.568000000000012 1.898433673469388
0.1379999999999768 1.7167842623038707
2.2840000000000202 1.5351348511383536
0.13299999999998136 1.3335332989414266
4.454000000000008 1.1319317467444996
0.13700000000000045 1.5724367931775278
3.9029999999999916 2.012941839610556
1.8340000000000032 3.623685932388223
1.9399999999999977 3.490185567010309
1.4799999999999898 3.237027027027027
