1.9220000000000002 0.7567159209157128
0.11099999999999977 0.7768244939243898
4.0040000000000004 0.7969330669330668
0.7670000000000003 1.4587431551499346
0.125 1.4599567714645092
0.851 1.4611703877790836
2.2749999999999995 1.4472474725274727
0.13100000000000023 1.4423242438779496
1.7729999999999997 1.4374010152284264
0.13500000000000156 1.2829722010244016
6.4190000000000005 1.128543386820377
6.164999999999999 1.3761388483373886
0.13299999999999912 1.4931985249475472
4.237000000000002 1.6102582015577058
5.939999999999998 1.2308255892255893
3.5619999999999976 1.3641998877035373
0.30400000000000205 1.396621989707148
2.2680000000000007 1.4290440917107583
0.8689999999999998 1.4798250863060989
0.13100000000000023 1.2434121788100811
8.234000000000002 1.0069992713140636
1.8449999999999989 1.4615024390243903
2.2079999999999984 1.3268623188405795
0.10000000000000142 1.3058896553869825
3.8429999999999964 1.2849169919333854
2.088000000000001 1.4289770114942526
0.11299999999999955 1.3083333080897326
2.7319999999999993 1.1876896046852126
2.5629999999999953 1.0946952789699573
0.3190000000000026 1.2581007429332542
2.174999999999997 1.4215062068965514
0.13500000000000512 1.4393808685131118
5.244 1.4572555301296721
6.255999999999986 1.2378849104859335
0.15200000000000102 1.3456049656336568
4.812000000000012 1.4533250207813802
7.454999999999998 0.9636228034875923
4.468999999999994 1.6217229805325573
0.1290000000000049 1.3641694691947124
7.783000000000001 1.1066159578568677
0.13400000000000034 0.9783749005345524
1.0459999999999923 0.8501338432122372
0.14799999999999613 1.0822006114456908
0.9350000000000023 1.3142673796791444
0.9150000000000063 1.3029857923497268
2.2150000000000034 1.2937896162528215
2.915999999999997 1.0982770919067215
0.09600000000000364 1.0834349540427057
6.625999999999991 1.0685928161786902
7.110000000000014 1.1649271448663852
6.179000000000002 1.3284427900954847
0.13100000000000023 1.3201922081123705
5.756 1.3119416261292565
0.13100000000000023 1.355886319545665
4.165999999999997 1.3998310129620737
0.14300000000000068 1.407082204540935
5.3089999999999975 1.4143333961197964
0.707000000000022 1.6322942008486565
0.09699999999997999 1.629106450017824
0.7379999999999995 1.6259186991869918
2.872000000000014 1.5791197771587744
0.12899999999999068 1.4321363974699457
3.992999999999995 1.2851530177811168
0.12300000000001887 1.1952768518902466
6.413999999999987 1.1054006859993764
2.429000000000002 1.4434944421572666
2.647999999999996 1.2053987915407856
4.472999999999985 1.1422508383635146
0.11200000000002319 1.2152269892534768
5.158999999999992 1.2882031401434388
0.13300000000000978 1.4684210246614442
4.106999999999999 1.6486389091794496
0.09999999999999432 1.437738148571799
3.905000000000001 1.2268373879641485
