0.382 3.807350785340314
0.121 3.812632447884881
0.32599999999999996 3.8179141104294483
0.2899999999999999 3.8581241379310347
0.1080000000000001 3.81723490847169
0.81 3.7763456790123455
0.09200000000000008 3.487449213352943
2.493 3.198552747693541
0.11000000000000032 2.778169677746697
2.718 2.357786607799853
3.7910000000000004 1.910873120548668
0.10999999999999943 1.9795669320753961
4.142000000000001 2.0482607436021243
2.937000000000001 2.323004426285325
4.186 1.746560917343526
0.11699999999999733 1.8928833878825033
3.687000000000001 2.039205858421481
0.11400000000000077 1.9505293624933384
3.942 1.8618528665651957
0.2469999999999999 1.7512435223014413
4.616999999999997 1.6406341780376867
0.10000000000000142 1.7793307369485216
4.323 1.9180272958593567
3.0989999999999966 2.1210222652468538
0.09600000000000364 2.1835889915042053
3.2879999999999967 2.246155717761557
0.12299999999999756 1.9881328924378256
4.470000000000006 1.7301100671140939
0.12999999999999545 1.7730140289440282
3.902000000000001 1.8159179907739624
0.09499999999999886 1.77684661359679
4.547000000000004 1.7377752364196175
4.609000000000009 1.603393360815795
3.674999999999997 1.940906666666667
0.3089999999999975 1.7903941058655222
4.660000000000011 1.6398815450643773
4.501999999999995 1.7201705908485114
0.10099999999999909 1.5876549999602525
4.805999999999997 1.4551394090719934
3.4720000000000084 2.069069124423964
0.1290000000000049 2.092869842585814
3.4239999999999924 2.116670560747664
3.792999999999992 2.270707092011601
0.1010000000000133 2.5605358768328683
2.127999999999986 2.850364661654136
3.629000000000005 2.144498208872968
3.8739999999999952 2.015097573567372
0.30700000000000216 1.991971441052494
3.5490000000000066 1.9688453085376159
3.9329999999999927 1.9414248665141118
3.7009999999999934 1.9131305052688465
0.09900000000000375 1.8770622519676086
4.498999999999995 1.8409939986663706
0.0940000000000083 1.7711133723901802
4.824999999999989 1.7012327461139896
4.263000000000005 1.7714135585268591
0.12899999999999068 1.9375999971566475
2.77200000000002 2.1037864357864358
0.1209999999999809 2.2925898471067008
3.0260000000000105 2.4813932584269662
3.289999999999992 2.2095197568389056
0.30400000000000205 2.0918476535454142
3.771000000000015 1.9741755502519227
3.350999999999999 2.049418084153984
3.7700000000000102 2.1750769230769227
0.13299999999998136 2.0479882041556383
3.6910000000000025 1.9208994852343537
0.11299999999999955 1.8989917806802943
4.1510000000000105 1.8770840761262346
4.039000000000016 1.899468185194355
3.1520000000000152 2.492548223350254
2.2040000000000077 3.0153539019963698
0.09099999999997976 3.596190214415828
1.6210000000000093 4.177026526835287
0.2709999999999866 3.198522531258236
2.1580000000000155 2.2200185356811857
