1.3399999999999999 1.085379104477612
1.134 1.0975661375661376
1.0230000000000001 1.093700879765396
1.1360000000000001 1.0945915492957747
1.205 1.0850921161825726
0.10199999999999942 1.0824850411421338
2.3600000000000003 1.0798779661016948
0.14499999999999957 1.0067594496058159
7.759000000000002 0.9336409331099367
0.14399999999999835 0.9231170544814775
1.524000000000001 0.9125931758530184
1.2560000000000002 0.959936305732484
0.14000000000000057 0.9915203498995473
7.146000000000001 1.0231043940666107
0.16400000000000148 1.0582764553230088
6.876000000000001 1.0934485165794068
0.117999999999995 1.286734744274781
4.959000000000003 1.4800209719701554
0.125 1.066820737085259
11.588999999999999 0.6536205022003625
0.16799999999999926 0.6058960097342518
2.576999999999998 0.5581715172681412
0.1280000000000001 0.6183976907963964
1.6510000000000034 0.6786238643246517
0.12299999999999756 0.714143910482109
1.475999999999999 0.7496639566395663
0.132000000000005 0.7512490275001111
1.5249999999999986 0.7528340983606558
0.16400000000000148 0.7439972810290163
1.6389999999999958 0.7351604636973766
0.1630000000000038 0.7338895567527299
4.428999999999995 0.7326186498080832
0.17900000000000205 0.7023403326559796
1.6770000000000067 0.6720620155038761
0.1280000000000001 0.6662320548723568
1.9099999999999966 0.6604020942408376
0.347999999999999 0.6606973821989528
1.9099999999999966 0.6609926701570681
0.12699999999999534 0.6564111769276825
4.932000000000002 0.6518296836982969
0.17500000000001137 0.6987768593368857
9.378 0.7457240349754746
0.10699999999999932 0.7655148602971018
1.4949999999999903 0.785305685618729
0.10300000000000864 0.7899121976480742
1.5499999999999972 0.7945187096774193
0.15200000000000102 0.7942064361262164
1.8329999999999984 0.7938941625750136
0.16799999999999216 0.7982286697351602
1.108000000000004 0.8025631768953067
0.09100000000000819 0.7930584964711367
4.087999999999994 0.7835538160469667
0.12199999999999989 0.9386200452783853
4.691999999999993 1.093686274509804
6.186999999999998 1.129373201874899
0.30400000000000205 0.992213140691089
8.930000000000007 0.8550530795072789
0.10899999999999466 0.7567294409996874
10.754000000000005 0.658405802492096
0.12999999999999545 0.7464179618714468
1.5670000000000073 0.8344301212507977
0.14300000000000068 0.8389152369922419
1.7009999999999934 0.8434003527336861
1.5340000000000202 0.8339713168187745
0.2459999999999809 0.7920604247645273
3.4240000000000066 0.7501495327102803
0.12100000000000932 0.6711361788423459
4.884999999999991 0.5921228249744115
0.12000000000000455 0.5926140285953774
5.103000000000009 0.5931052322163433
0.09999999999999432 0.5962349337904893
2.001999999999981 0.5993646353646352
0.20199999999999818 0.6945268807243457
1.4990000000000236 0.789689126084056
0.33899999999999864 0.8236048279426902
1.509999999999991 0.8575205298013244
0.13599999999999568 0.8622229514678263
1.3400000000000034 0.8669253731343283
0.1419999999999959 0.8563097680915249
4.146000000000015 0.8456941630487216
0.15399999999999636 0.9695939458345089
7.015999999999991 1.0934937286202961
6.003000000000014 1.3087642845244045
0.09600000000000364 1.3131688195024878
5.043999999999983 1.317573354480571
5.149000000000001 1.315004855311711
0.14300000000000068 1.2463421523362883
4.068000000000012 1.1776794493608653
