0.41 3.5473365853658536
0.09200000000000003 3.55172543554007
0.35 3.556114285714286
0.8009999999999999 3.5037403245942573
0.09499999999999997 3.5098241852856344
0.8699999999999999 3.5159080459770116
0.8170000000000002 4.029973072215422
2.269 2.824356104010577
2.6079999999999988 2.7776533742331293
0.09000000000000163 2.841548604924784
2.92 2.9054438356164387
2.331999999999999 2.9256706689536878
7.792999999999999 2.2268199666367248
0.10900000000000176 2.3647179856211835
6.947999999999997 2.5026160046056423
7.9730000000000025 2.10957180484134
0.134999999999998 2.174656984620552
3.381999999999998 2.239742164399764
0.3130000000000024 1.9864714166480426
4.783999999999999 1.733200668896321
0.12899999999999778 1.8598079500419957
3.3090000000000046 1.9864152311876702
3.155000000000001 2.340843106180665
3.414999999999999 2.264595021961933
2.107999999999997 3.361343453510437
2.780000000000001 2.842325179856115
0.125 2.6536575865925007
2.9980000000000047 2.464989993328886
0.10499999999999687 2.4665489759031973
2.8900000000000077 2.4681079584775087
0.11099999999999 2.7087448321912824
2.591000000000008 2.949381705905056
0.2989999999999924 2.4979741510497795
3.784000000000006 2.046566596194503
0.1280000000000001 1.9951287678026435
3.597999999999999 1.943690939410784
0.10500000000000398 1.902390547425599
3.8599999999999994 1.8610901554404145
3.9609999999999985 1.8297096692754355
3.944999999999993 2.183217237008872
3.1740000000000066 1.911019533711405
0.1290000000000049 1.9776248180771367
3.807000000000002 2.0442301024428686
3.659000000000006 2.1335031429352282
3.9740000000000038 1.7582868646200303
0.3100000000000023 1.7703227040186986
4.283999999999992 1.782358543417367
0.12100000000000932 1.9565563406223156
3.3229999999999933 2.1307541378272643
4.497 1.8418127640649324
0.1110000000000042 2.143857514332824
3.3559999999999945 2.4459022646007154
2.631999999999991 2.8691246200607896
2.070999999999998 2.815884113954611
2.608000000000004 2.8791012269938645
2.403000000000006 3.0251019558884726
0.09699999999997999 2.6919895077287737
3.156000000000006 2.3588770595690747
0.2470000000000141 2.1007693588695924
3.727000000000004 1.84266165817011
4.206999999999994 1.9491419063465654
3.1030000000000086 2.284898485336771
0.09600000000000364 2.3137925980502256
3.3259999999999934 2.34268671076368
3.436000000000007 2.23281490104773
3.9639999999999986 1.981965691220989
2.7820000000000107 2.388871315600288
0.11199999999999477 2.8042692288890647
2.1030000000000086 3.219667142177841
1.3900000000000148 8.251269064748202
