1.103 1.3185929283771534
0.1010000000000002 1.3241682590603716
0.9359999999999997 1.3297435897435899
0.8439999999999999 1.3256587677725116
0.944 1.3172203389830506
0.9990000000000006 1.3088448448448449
0.11099999999999977 1.3092302333165642
1.9459999999999997 1.3096156217882837
0.14800000000000058 1.3057390522416268
2.167 1.3018624826949698
0.1379999999999999 1.1617016206370696
8.305000000000001 1.0215407585791694
6.147000000000002 1.109917683422808
7.856999999999999 0.9305210640193456
0.14699999999999847 0.9553238875043932
7.670999999999999 0.9801267109894408
0.2989999999999995 0.9712590411649823
1.2980000000000018 0.9623913713405238
0.12600000000000477 0.9661006630458275
1.3259999999999934 0.9698099547511313
1.4690000000000012 0.9791749489448603
0.134999999999998 0.9809271246182028
2.7439999999999998 0.9826793002915453
0.15899999999999892 1.0065897380810522
2.8430000000000035 1.0305001758705594
0.11899999999999977 1.7573533581590322
1.161999999999999 2.484206540447505
4.25 1.6672263529411764
9.589999999999996 0.8239482794577685
0.1560000000000059 0.8326754946190129
8.783000000000001 0.8414027097802573
0.2849999999999966 0.7568868559562267
1.8759999999999906 0.6723710021321962
0.16100000000000136 0.6726716417910448
1.8760000000000048 0.6729722814498933
0.12600000000000477 0.6734378365111748
1.945999999999998 0.6739033915724564
0.14399999999999125 0.6760009568699721
1.6240000000000094 0.6780985221674878
0.17900000000000205 0.7919937055281883
1.2959999999999923 0.9058888888888886
2.8769999999999953 1.0558220368439346
0.11400000000000432 0.9963169590160267
3.6359999999999957 0.9368118811881188
0.09199999999999875 0.8684043578982008
7.581999999999994 0.7999968346082829
0.09800000000001319 0.8815815856209731
8.079999999999998 0.9631663366336634
0.2980000000000018 0.9730225747471697
1.2129999999999939 0.982878812860676
0.11199999999999477 0.9795665382132839
1.2900000000000063 0.9762542635658916
0.11199999999999477 1.0192839614625409
1.186000000000007 1.0623136593591902
0.1039999999999992 1.1119075864908967
0.9909999999999997 1.1615015136226035
0.2809999999999917 1.0956706196114265
3.207000000000008 1.0298397256002496
0.13299999999999557 0.9361683488927042
9.74300000000001 0.8424969721851587
0.3229999999999933 0.9140399243593504
7.661999999999992 0.9855828765335422
7.002999999999986 0.8327425389118949
6.1299999999999955 1.2249096247960851
0.2400000000000091 1.3726866964560136
0.7590000000000146 1.520463768115942
0.7920000000000016 1.515060606060606
0.11199999999999477 1.5086520421607377
1.8400000000000034 1.5022434782608696
2.0490000000000066 1.5012396290873595
0.23999999999998067 1.500051838712864
1.9860000000000184 1.4988640483383686
0.12699999999998113 1.4989506218605055
2.3389999999999986 1.4990371953826425
0.24399999999999977 1.495817430376146
5.140000000000015 1.4925976653696496
4.792000000000002 1.6395058430717866
0.09599999999997522 1.5957734726802182
4.282000000000011 1.5520411022886498
0.13800000000000523 1.3388601188916234
6.014999999999986 1.125679135494597
4.7120000000000175 1.016723259762309
