1.002 1.4515049900199601
0.10899999999999999 1.4441045886614883
2.221 1.4367041873030164
4.49 2.317804899777283
2.1579999999999995 5.635888785912884
1.2059999999999995 6.611933665008292
0.7629999999999999 8.399035386631716
0.9099999999999984 7.960571428571429
0.09299999999999997 6.747375081539466
1.5330000000000013 5.534178734507503
4.380000000000001 3.7542812785388127
0.1280000000000001 3.816958211368669
4.472999999999999 3.8796351441985246
0.11899999999999977 4.241058440283487
3.7779999999999987 4.602481736368449
0.11899999999999977 4.526057799401156
3.780000000000001 4.4496338624338625
0.11899999999999977 5.279726022126022
2.8930000000000007 6.109818181818182
0.10999999999999943 4.633934767522554
5.764000000000003 3.1580513532269254
3.4029999999999987 4.714426094622392
0.09299999999999642 5.031104972777035
3.220000000000006 5.347783850931677
0.26899999999999835 6.43673333877726
2.4339999999999975 7.525682826622843
4.1739999999999995 3.947315764254911
0.13100000000000023 3.802544849391199
4.857000000000006 3.6577739345274867
4.2280000000000015 4.080849574266793
4.943000000000005 3.301271292737204
4.700000000000003 3.704628085106383
0.09499999999999886 4.80546259689018
3.0090000000000003 5.906297108673978
0.09600000000000364 4.578009444639056
5.0319999999999965 3.2497217806041334
8.468000000000004 2.0659329239489845
0.14399999999999125 2.1721491089408547
3.1810000000000116 2.2783652939327252
0.10799999999998988 2.850106762977487
2.51700000000001 3.421848232022249
1.8309999999999889 3.3127121791370837
2.5189999999999912 3.0894736006351726
2.7339999999999947 2.8553357717629853
2.540999999999997 2.749874852420307
2.8930000000000007 2.639344624956793
0.10899999999999466 2.54171166353121
2.8970000000000056 2.444078702105627
0.28999999999999204 2.783032943212633
2.653000000000006 3.121987184319639
2.024000000000001 4.055557312252965
2.086999999999989 3.618368950646861
0.11700000000000443 3.063123730712065
6.123999999999995 2.5078785107772696
0.09100000000000819 3.0134370022137067
4.882000000000005 3.5189954936501437
0.09999999999999432 5.237688455871527
2.4540000000000077 6.956381418092909
2.727000000000004 6.295914924825816
5.299999999999983 3.182627924528301
0.11100000000001842 3.865724165283411
3.8419999999999845 4.548820406038521
3.7510000000000048 4.52557291388963
3.459000000000003 5.132355015900549
0.23400000000000887 5.629168498941265
2.7750000000000057 6.125981981981982
0.13599999999999568 4.6184737675186005
5.776999999999987 3.110965553055219
0.1290000000000191 3.999270938521379
3.2099999999999795 4.887576323987538
2.8640000000000043 6.019586592178771
1.7270000000000039 6.641148812970468
