0.718 2.0256378830083563
0.61 2.0403934426229506
0.09600000000000009 2.039191256830601
0.5489999999999999 2.0379890710382518
1.5260000000000002 2.0044823066841415
0.645 2.027187596899225
2.093 1.9887816531294793
0.1070000000000002 2.4053997864400802
2.567 2.8220179197506816
0.1169999999999991 2.9774594768620473
2.708 3.1329010339734125
0.0990000000000002 2.855204578188066
2.6470000000000002 2.57750812240272
2.8119999999999994 2.59996586059744
0.0990000000000002 2.2997903771072306
3.7600000000000016 1.999614893617021
0.13299999999999912 2.298820544153643
2.8249999999999993 2.5980261946902656
2.991000000000003 2.5325336008024073
0.11199999999999832 2.807462339434661
2.6900000000000013 3.082391078066915
0.2889999999999979 3.380324805961269
1.786999999999999 3.6782585338556237
0.125 3.7618474446857393
4.4780000000000015 3.8454363555158553
0.12100000000000222 3.9128868000960417
4.601999999999997 3.980337244676228
0.09600000000000364 3.9781145682840604
4.143999999999998 3.975891891891892
4.481000000000002 3.964697165811203
0.11699999999999733 4.009349522755226
4.256 4.054001879699248
4.463000000000001 3.656326237956531
4.472999999999999 3.8926340263805055
0.12700000000000244 3.9806631670364068
4.367999999999995 4.068692307692308
0.32200000000000273 4.036868808756759
4.082999999999998 4.0050453098212095
0.12600000000000477 3.956758579843581
4.475999999999999 3.9084718498659523
0.12399999999999523 3.919904459013275
4.284000000000006 3.9313370681605977
0.11899999999999977 3.962824015530903
4.798000000000002 3.994310962901209
0.10299999999999443 3.890624516496212
4.165999999999997 3.786938070091215
0.13000000000000966 3.987767784125814
4.076999999999998 4.188597498160412
0.12399999999999523 4.06618029805515
4.390000000000001 3.943763097949886
0.10999999999999943 3.965459850861736
4.240000000000009 3.987156603773585
4.225999999999999 4.065976336961666
0.26500000000000057 4.096632152469531
4.247 4.127287967977396
4.447999999999993 4.112879496402877
4.622 3.994438771094764
4.515000000000001 3.798800442967885
3.796999999999997 4.044837503292072
0.09800000000001319 4.080365086097402
4.173999999999978 4.11589266890273
0.12800000000001432 4.090203477308508
4.199999999999989 4.064514285714285
0.10099999999999909 4.005700821018062
4.350000000000023 3.946887356321839
4.334000000000003 3.892
0.2580000000000098 3.810763977806231
4.686000000000007 3.729527955612463
0.125 3.7200015734346468
4.574999999999989 3.7104751912568306
0.12399999999999523 3.669711839291539
4.891999999999996 3.6289484873262468
0.11200000000002319 3.61910269376928
4.7099999999999795 3.609256900212314
4.650000000000006 3.864956559139785
3.913000000000011 4.009486327625863
4.194000000000017 4.110657129232237
0.10699999999999932 4.108544461501189
2.792999999999978 4.10643179377014
