1.0370000000000001 1.4025149469623914
0.8799999999999999 1.4143636363636365
0.121 1.412639573541213
0.7930000000000001 1.4109155107187894
0.11299999999999999 1.4135762063844517
0.8780000000000001 1.4162369020501142
0.12099999999999955 1.4103397184794073
0.931 1.4044425349087004
4.629 1.3844165046446315
5.513999999999999 1.3137685890460646
0.10899999999999999 1.1412355162631556
8.758000000000001 0.9687024434802465
0.13299999999999912 1.0747919661083898
1.0210000000000008 1.180881488736533
0.9359999999999999 1.188931623931624
0.9570000000000007 1.185705329153605
0.3240000000000016 1.180980724840456
1.0619999999999976 1.176256120527307
2.1580000000000013 2.3142984244670997
0.3019999999999996 2.5213532267119967
3.0390000000000015 2.7284080289568937
2.4039999999999964 2.7342129783693845
0.09000000000000341 2.732237727632012
2.7049999999999983 2.73026247689464
0.0940000000000012 2.7290804447965265
2.835000000000001 2.7278984126984134
2.7070000000000007 2.6175515330624313
0.18200000000000216 1.832470142194463
16.961999999999996 1.0473887513264946
4.418000000000006 1.6727116342236306
6.140999999999991 1.1615098518156652
4.828000000000003 1.582818558409279
0.2710000000000008 1.3762309073574865
6.620999999999995 1.169643256305694
0.14800000000001035 0.9479586759479355
3.786999999999992 0.7262740955901769
0.09900000000000375 0.7974091443260085
3.3149999999999977 0.86854419306184
0.16599999999999682 0.9684965073645465
2.8430000000000035 1.068448821667253
0.12999999999999545 1.265492766351016
2.3290000000000077 1.462536711034779
2.443000000000012 0.909426115431846
0.09999999999999432 0.8198712884500772
4.385999999999996 0.7303164614683083
1.213000000000008 0.982878812860676
1.2849999999999966 0.9800529182879376
0.11699999999999022 1.011941952101715
1.2070000000000078 1.0438309859154926
5.195999999999998 1.3626820631254815
0.09000000000000341 1.6512042634128579
4.27000000000001 1.9397264637002343
0.13799999999999102 1.5808836278602407
6.716999999999999 1.2220407920202472
0.09499999999999886 1.1632754786487078
6.8370000000000175 1.1045101652771685
4.501999999999981 1.2953567303420706
5.569999999999993 1.3480603231597845
0.13800000000000523 1.3252862088832429
5.581000000000017 1.302512094606701
0.10599999999999454 1.4923324735681511
1.858000000000004 1.6821528525296015
1.6430000000000007 1.6823664029214853
1.641999999999996 1.8733495736906207
1.4910000000000139 1.9964748490945676
0.10799999999997567 1.8367841313918811
4.646000000000015 1.6770934136891948
4.717000000000013 1.6264473182107273
4.388000000000005 1.790453965360073
0.11099999999999 1.8419278373808912
3.509999999999991 1.8934017094017093
0.09700000000000841 1.6752310892607858
4.646999999999991 1.4570604691198623
3.283999999999992 1.458830694275274
