1.562 0.9311190781049936
0.1299999999999999 0.9313679222860298
1.336 0.931616766467066
0.15600000000000014 0.933166779223508
1.1969999999999996 0.93471679197995
0.10400000000000009 0.9355270706887702
1.3280000000000003 0.9363373493975903
1.4130000000000003 0.9253616418966736
0.09100000000000019 0.9304178579853738
1.08 0.935474074074074
0.129999999999999 1.3576853020212643
1.5850000000000009 1.7798965299684544
4.589 1.848746132054914
0.11899999999999977 1.6711620327525007
4.568000000000001 1.4935779334500876
0.12099999999999866 1.7172036202955243
3.7669999999999995 1.940829307140961
0.129999999999999 2.0371785582242827
3.524000000000001 2.133527809307605
3.3880000000000017 2.166299881936246
0.11799999999999855 1.966818629722206
4.285999999999998 1.767337377508166
0.1110000000000042 2.1271647895339267
3.333999999999996 2.486992201559688
2.692 2.441696879643388
0.2920000000000016 2.431960279769218
3.0489999999999995 2.422223679895048
5.2450000000000045 1.4744693994280267
3.259999999999998 2.173531288343558
0.12400000000000233 1.8689537257397852
5.051000000000002 1.5643761631360125
3.2040000000000006 2.3065043695380774
3.0799999999999983 2.3158545454545454
0.12099999999999511 2.0387304078125656
4.338000000000008 1.7616062701705857
5.995999999999995 1.2915623749166112
0.09200000000001296 0.9746347565357061
10.632999999999996 0.6577071381548011
0.25099999999999056 0.921088358854812
6.065000000000012 1.1844695795548228
1.1629999999999967 1.0589028374892522
0.13700000000000045 1.0525312174505932
1.3910000000000053 1.0461595974119342
0.10299999999999443 1.0600604750344695
0.828000000000003 1.0739613526570049
1.3859999999999957 2.311088023088023
0.11400000000000432 2.136258584408333
3.9799999999999898 1.9614291457286428
0.125 1.6048153231322742
5.597999999999999 1.2482015005359057
0.11599999999999966 1.106513183929818
7.9140000000000015 0.9648248673237301
0.09700000000000841 1.112013714117138
5.6229999999999905 1.259202560910546
1.2530000000000001 2.635830806065443
4.165999999999997 1.970342774843975
0.14000000000000057 1.8092150364835327
4.581999999999994 1.6480872981230903
0.12800000000001432 1.7541387048829167
3.134999999999991 1.8601901116427433
2.716000000000008 2.764615611192931
3.7819999999999823 1.9220835536753038
0.13599999999999568 1.6415368408230266
5.469999999999999 1.3609901279707495
0.12400000000002365 1.477940488973763
4.305999999999983 1.5948908499767764
5.210999999999984 1.5736019957781615
0.2720000000000198 1.880942973197723
3.2399999999999807 2.188283950617284
4.131 1.8861718712176228
5.950999999999993 1.2891870273903543
2.7009999999999934 2.908741947426879
0.09900000000001796 3.0872554945979607
2.0349999999999966 3.2657690417690417
4.02200000000002 1.6834808552958727
0.11199999999999477 1.448017319574031
3.9509999999999934 1.2125537838521891
