0.612 2.376483660130719
0.09299999999999997 2.3873169745740297
0.5190000000000001 2.398150289017341
1.2019999999999997 2.334855241264559
0.09600000000000009 2.365362110034977
0.5190000000000001 2.3958689788053946
1.4020000000000001 2.348422253922967
0.10099999999999998 2.3423598692144916
2.7430000000000003 2.336297484506016
3.074 2.3565777488614184
0.11599999999999966 2.6976112240009096
2.792 3.038644699140401
0.10899999999999999 3.058037730715893
2.2170000000000005 3.077430762291385
2.5090000000000003 2.9139513750498214
0.0990000000000002 2.9612878123748505
2.4989999999999988 3.00862424969988
0.09199999999999875 3.141735800862401
5.136000000000003 3.274847352024922
5.632999999999999 3.1378846085567194
4.150999999999996 4.38521031076849
3.583999999999996 4.476337053571428
0.11500000000000199 4.141336519712327
4.524000000000001 3.806335985853227
5.599000000000004 3.271568494373995
0.10000000000000142 3.239765555598212
5.135999999999996 3.20796261682243
4.172000000000004 4.258343240651965
0.31400000000000006 4.282132938020018
4.006999999999998 4.305922635388071
0.10000000000000142 4.2694572969417655
3.855000000000004 4.23299195849546
4.015000000000001 4.336675466998755
5.435000000000002 3.2699260349586017
5.555000000000007 2.9437623762376237
4.167999999999992 4.197293666026871
0.1290000000000049 4.225142792609395
3.9599999999999937 4.252991919191919
4.424999999999997 4.331006553672316
3.7240000000000038 4.236408163265306
0.26300000000000523 4.25656020484828
3.992999999999995 4.276712246431254
0.12099999999999511 4.260062005568567
4.079999999999998 4.243411764705882
0.12000000000000455 4.223862559796363
4.021000000000001 4.204313354886843
3.997 4.298928196147111
0.1039999999999992 4.348785553531522
3.9849999999999994 4.3986429109159335
0.11499999999999488 4.343997657099234
4.265000000000001 4.289352403282533
0.13599999999999568 4.24840181695576
4.387999999999991 4.207451230628988
0.11100000000001842 4.116349881918577
4.260999999999996 4.025248533208167
0.13900000000001 4.038778356313846
3.789999999999992 4.052308179419525
0.2990000000000066 4.22699139434722
3.9029999999999916 4.401674609274916
0.10999999999998522 4.3016199775392545
4.063000000000017 4.201565345803593
0.13800000000000523 4.0879308210499445
4.319999999999993 3.9742962962962958
4.420000000000016 3.816273303167421
4.60499999999999 3.795128773072747
0.09600000000000364 3.7411160807153485
4.604000000000013 3.68710338835795
0.09999999999999432 3.678637892954293
2.1229999999999905 3.670172397550636
2.247000000000014 3.414308856252781
2.2390000000000043 3.5089379187137113
1.8770000000000095 3.540671283963772
0.12199999999998568 3.533606475315219
1.920000000000016 3.5265416666666662
1.3640000000000043 3.5123167155425223
