0.5539999999999999 2.625285198555957
0.4720000000000001 2.6369491525423734
0.1339999999999999 2.622502548299159
0.42900000000000005 2.6080559440559443
1.1820000000000002 2.5878510998307953
0.11599999999999966 2.581714955600152
3.096 2.575578811369509
0.0990000000000002 2.574112970518155
2.4910000000000005 2.5726471296668008
0.10999999999999943 2.5743961110638414
2.8119999999999994 2.576145092460882
0.09600000000000009 2.570402655057527
3.308 2.564660217654172
2.682000000000002 2.543871737509321
0.12199999999999989 2.666652389166717
2.6209999999999987 2.7894330408241133
2.4130000000000003 3.1158524658101947
2.423000000000002 3.0290647957078005
0.26699999999999946 2.9162363208738853
2.7020000000000017 2.8034078460399705
0.10899999999999821 2.925340821219177
2.721 3.0472737963983834
1.754999999999999 3.745326495726496
6.2109999999999985 2.7724785058766708
0.09199999999999875 3.0135946189653433
5.628 3.2547107320540163
5.010999999999996 3.2879856316104568
5.140000000000001 3.4563828793774323
4.737000000000002 3.64235423263669
4.108000000000004 3.9722940603700105
0.09299999999998931 4.151787826204906
4.02000000000001 4.331281592039801
5.462999999999994 3.253166392092257
0.23100000000000875 2.429204183579259
10.186999999999998 1.605241975066261
0.15200000000000102 1.7203692879808172
6.030999999999992 1.8354966008953737
2.25 3.221102222222222
2.6729999999999876 3.222144407033296
0.1220000000000141 3.106529797205011
2.0279999999999916 2.990915187376726
2.7520000000000095 2.827901162790697
2.7510000000000048 2.837691021446746
2.165999999999997 3.225961218836565
2.082000000000008 3.667446685878962
0.12199999999999989 3.6670987960725734
1.9309999999999974 3.6667509062661843
0.25900000000000034 3.58298086082215
2.3669999999999902 3.499210815378116
2.3829999999999956 3.4445858161980696
0.12100000000000932 3.371800890403324
5.198999999999998 3.2990159646085786
0.10099999999999909 3.268893051895179
4.742000000000004 3.23877013918178
4.172999999999988 4.116878983944404
0.13300000000000978 3.8983791341364613
4.63900000000001 3.679879284328519
4.7120000000000175 3.643667232597623
4.179000000000002 4.036355108877722
0.11999999999997613 3.6505862971999297
5.353000000000009 3.264817485522137
5.1340000000000146 3.306471367354889
0.2539999999999907 3.355980360447059
5.212999999999994 3.405489353539229
0.09900000000001796 3.491046801743315
4.752999999999986 3.576604249947401
5.100999999999999 3.523240148990394
0.10200000000000387 3.4963746078875015
4.521999999999991 3.469509066784609
4.409999999999997 3.909318820861678
2.72799999999998 4.204275659824048
