0.52 2.7969384615384616
0.44200000000000006 2.815927601809955
0.3979999999999999 2.8111959798994977
0.1100000000000001 2.7884370496242514
1.1059999999999999 2.7656781193490056
0.09100000000000019 2.909254067331471
2.612 3.052830015313936
1.5590000000000002 4.110624759461193
2.781999999999999 2.60392523364486
0.11899999999999977 3.2016258501408354
2.2330000000000005 3.7993264666368107
4.428000000000001 3.7135844625112924
4.773 3.635786297925833
0.12700000000000244 3.511656640098704
5.132999999999999 3.387526982271576
4.094999999999999 4.107354334554335
0.10699999999999932 4.1705279457202815
4.174999999999997 4.233701556886228
0.12199999999999989 4.576052075389885
3.7010000000000005 4.918402593893542
0.10000000000000142 4.919059009304943
3.261000000000003 4.919715424716345
3.613999999999997 4.764765910348644
0.2780000000000058 4.729578239643825
3.901999999999994 4.6943905689390055
0.10900000000000176 4.657360175103266
3.5660000000000025 4.620329781267526
3.959000000000003 4.487448345541803
3.814 4.52381541688516
3.172000000000004 5.144446406052963
3.3840000000000003 5.145316784869977
0.11899999999999977 5.143102129779507
3.4569999999999936 5.140887474689037
3.180000000000007 5.142327044025158
0.11899999999999977 5.12956071417403
3.418999999999997 5.116794384322901
0.27599999999999625 4.965751108685179
3.4980000000000047 4.814707833047456
0.10899999999999466 4.817402206262159
3.975999999999999 4.820096579476861
0.12400000000000944 4.929432512031628
3.130999999999986 5.0387684445863945
3.3429999999999893 5.1082596470236314
3.3930000000000007 5.102599469496021
0.10599999999999454 5.084344984972763
3.3370000000000033 5.066090500449505
3.3939999999999912 5.062703594578668
0.10500000000000398 4.971300572345013
3.5919999999999987 4.879897550111358
0.10999999999999943 4.8508723385770285
3.793999999999997 4.821847127042699
0.2980000000000018 4.617748330435047
4.183000000000007 4.413649533827396
0.12699999999999534 4.294408019104544
4.108000000000004 4.175166504381694
3.708999999999989 4.140805607980587
0.0940000000000083 3.781872817937295
5.0190000000000055 3.422940027894003
4.989999999999981 3.421034068136273
0.11100000000001842 3.631842011686758
4.467999999999989 3.8426499552372424
0.12800000000001432 3.9540952837164767
4.149000000000001 4.0655406121957105
4.139999999999986 4.2213932367149765
3.7419999999999902 4.536457509353287
0.25 4.486776117835854
4.001000000000005 4.437094726318421
0.11099999999999 4.037464546981166
4.673000000000002 3.6378343676439115
0.12600000000000477 3.6375822313831785
4.9410000000000025 3.637330095122445
4.2620000000000005 3.6811637728765843
4.649000000000001 3.7083450204345016
3.087999999999994 3.714139896373057
