0.448 3.2464464285714283
0.383 3.2497127937336807
0.11299999999999988 3.223088743108298
0.8780000000000001 3.196464692482916
0.12199999999999989 3.1997192572362225
0.9550000000000001 3.202973821989529
1.0280000000000005 3.2028093385214005
2.0089999999999995 3.1898775510204076
5.444 3.17051432770022
5.903999999999998 3.103214092140921
0.0940000000000012 3.2367630206554168
4.879000000000001 3.370311949169912
0.11999999999999744 3.144668842541222
5.945 2.919025735912532
5.256999999999998 3.3076233593304165
2.049999999999997 3.5802068292682923
2.1169999999999973 3.578085970713273
0.27300000000000324 3.742773428334959
2.122 3.907460885956645
1.668999999999997 3.938315158777711
1.8780000000000001 3.9325665601703945
0.12299999999999756 3.9791911405745255
1.9209999999999994 4.025815720978657
4.085000000000001 4.033316034271726
0.11500000000000199 4.032293143071874
4.407000000000004 4.031270251872022
0.09299999999999642 4.028917739704973
4.285000000000004 4.026565227537923
0.11499999999999488 3.9526912184754033
4.207000000000001 3.878817209412883
0.09199999999999875 3.6868746825868106
4.981999999999999 3.4949321557607385
0.11899999999999977 3.767476080153613
4.399000000000001 4.040020004546488
0.10099999999999909 4.000702831730608
4.128 3.961385658914729
4.459000000000003 3.9233729535770347
0.23199999999999932 3.872492921081687
4.4069999999999965 3.8216128885863396
0.10500000000000398 3.8415644535617575
4.963000000000008 3.8615160185371753
3.921999999999997 4.022535441101478
4.245999999999995 4.0218822421102205
4.301000000000002 4.02537084398977
0.09899999999998954 4.019516381159178
4.212000000000003 4.0136619183285855
4.290999999999997 4.004384991843393
0.10899999999999466 4.0248779332630304
4.332999999999998 4.045370874682668
4.527999999999992 4.0402137809187275
0.26400000000001 4.0321269427697395
4.587999999999994 4.024040104620751
0.11899999999999977 3.925405148249688
4.4820000000000135 3.8267701918786257
0.11999999999997613 3.768694107777921
4.13900000000001 3.7106180236772164
4.352000000000004 3.9475496323529415
4.269999999999982 3.9978829039812656
4.287000000000006 4.004889199906695
0.11199999999999477 4.003859882345374
4.213999999999999 4.002830564784053
4.372000000000014 3.997385178408051
4.274000000000001 3.9717884885353296
0.3160000000000025 3.960184279854853
4.496000000000009 3.948580071174377
0.11400000000000432 3.9799058921232904
4.2379999999999995 4.011231713072204
4.525000000000006 3.971723314917127
4.149000000000001 3.781422029404676
2.867999999999995 3.806239888423989
1.1709999999999923 4.091204099060631
