0.257 5.659175097276265
2.071 5.5308894253983585
0.12299999999999978 5.256336048266436
2.089 4.981782671134514
0.1120000000000001 5.231370830835395
2.2190000000000003 5.480958990536277
2.289999999999999 5.144307423580786
0.11000000000000121 5.291220896687673
1.8010000000000002 5.438134369794558
0.09999999999999964 5.375027012730852
2.0909999999999993 5.311919655667145
0.10800000000000054 5.261315948660281
2.5159999999999982 5.210712241653417
3.4079999999999977 4.825044600938967
3.7510000000000012 4.6263950946414285
3.7840000000000025 4.595183932346723
0.11699999999999733 4.604809524472401
3.6449999999999996 4.61443511659808
3.828000000000003 4.617477533960293
4.050000000000004 4.494569876543211
3.3999999999999986 4.718585882352942
0.10099999999999909 4.3408653232248025
4.344999999999999 3.963144764096663
0.24799999999999756 4.004265844945858
4.528000000000006 4.045386925795054
3.790999999999997 4.346108150883672
0.10300000000000153 4.092436962217981
4.628 3.8387657735522893
3.994000000000007 4.31993790686029
0.10199999999998965 4.471326460512298
3.530000000000001 4.622715014164306
3.3829999999999956 5.146837718001773
0.1150000000000091 5.0878568895611584
3.533999999999992 5.028876061120544
3.097999999999999 5.27843770174306
0.09900000000000375 5.3256930523457315
3.2560000000000002 5.372948402948403
0.23399999999999466 5.300856070458988
3.2210000000000036 5.228763737969574
3.6140000000000043 5.302906474820144
2.8499999999999943 5.535573333333334
3.6610000000000014 4.664548484020759
3.679000000000002 4.705930959499864
0.11899999999999977 4.877688299343719
3.347999999999999 5.049445639187574
3.3460000000000036 5.135330543933054
3.9949999999999903 4.387632540675845
0.10699999999999932 4.505427086612878
3.957000000000008 4.623221632549911
0.23199999999999932 4.370756031532595
4.483000000000004 4.118290430515279
0.12599999999999056 4.313559515993706
3.804000000000002 4.508828601472134
0.09700000000000841 4.679145592179072
3.1669999999999874 4.849462582886011
3.3070000000000164 5.194960991835501
0.09399999999999409 5.134027301266933
3.3649999999999807 5.073093610698365
0.13500000000001933 5.057686306083397
3.405000000000001 5.042279001468429
0.09299999999998931 5.039492441910685
3.3489999999999895 5.036705882352941
3.444999999999993 5.073024092888244
3.7339999999999804 4.546176754151044
0.2560000000000002 4.63760835576492
3.754000000000019 4.729039957378795
3.408999999999992 4.986682311528308
0.09000000000000341 4.887698736366339
3.7530000000000143 4.78871516120437
3.772999999999996 4.15826133050623
0.13000000000002387 4.354149931550291
3.7889999999999873 4.5500385325943515
0.11099999999999 4.618555024368283
2.4470000000000027 4.687071516142215
