2.019 0.7203605745418524
1.714 0.7261610268378063
1.5409999999999995 0.7260584036340039
0.16900000000000048 0.827005321219987
1.3399999999999999 0.9279522388059703
0.14200000000000035 0.9886695383435951
1.2459999999999996 1.04938683788122
0.13700000000000045 1.103337176099831
0.8729999999999993 1.1572875143184422
0.13700000000000045 1.166380423825888
2.4000000000000004 1.1754733333333334
0.09699999999999953 1.385095313283208
5.3199999999999985 1.5947172932330829
4.224 1.6152140151515153
5.870000000000001 1.2455032367972743
0.129999999999999 1.5763984981551058
3.942 1.9072937595129376
2.540999999999997 2.8883998425816606
2.843999999999994 2.6634345991561177
2.1240000000000023 3.9037815442561214
1.6810000000000045 3.9102010707911963
0.31099999999999994 3.9489882243804786
1.8519999999999968 3.9877753779697613
1.7340000000000018 4.4599723183391005
1.5150000000000006 4.677037623762376
3.5649999999999977 4.983396353436185
3.456000000000003 4.9924282407407405
3.2319999999999993 5.04894306930693
3.432000000000002 5.073354312354312
3.492999999999995 5.087903807615229
0.1039999999999992 5.177220824902623
3.105000000000004 5.266537842190016
0.09799999999999898 5.26557707637638
3.3230000000000075 5.264616310562745
3.1499999999999915 5.3466184126984135
0.24200000000000443 5.41661066641219
3.492999999999995 5.486602920125966
0.11400000000000432 5.521812203282426
2.8389999999999986 5.557021486438886
2.8739999999999952 5.941862212943633
0.12699999999999534 5.9487639238092775
2.9070000000000107 5.955665634674921
0.09199999999999875 5.6948922837469755
3.11099999999999 5.434118932819029
3.3389999999999986 5.146096436058699
3.3759999999999906 5.1921184834123215
0.12100000000000932 5.316774292271301
3.3619999999999948 5.44143010113028
3.3940000000000055 5.4396865055981145
0.29999999999999716 5.206300776719035
3.448999999999998 4.972915047839954
3.0919999999999987 4.967091849935317
0.10899999999999466 4.991536581901965
3.4250000000000114 5.015981313868613
3.3460000000000036 5.101900777047221
3.3689999999999998 5.09615909765509
0.1290000000000049 5.039649415888107
3.385000000000005 4.9831397341211225
0.11399999999999011 4.962105349107494
3.537000000000006 4.941070964093865
3.730000000000018 4.551052010723861
4.215000000000003 4.2118187425860025
0.27499999999997726 4.213471979773041
4.0330000000000155 4.215125216960079
4.257000000000005 4.2217636833450785
3.712999999999994 4.225456504174522
4.132000000000005 4.17233688286544
2.7849999999999966 4.118227648114901
