0.664 2.190373493975904
0.5599999999999999 2.2225714285714284
0.5090000000000001 2.198145383104126
0.09799999999999986 2.186080509604657
1.4070000000000003 2.1740156361051883
0.5970000000000004 2.190177554438861
0.10400000000000009 2.179643232664975
1.9189999999999996 2.169108910891089
3.3409999999999993 2.1682490272373545
3.92 2.1642591836734697
1.8150000000000013 3.759043526170799
2.378 3.074476030277544
0.1280000000000001 2.893398188298945
2.7719999999999985 2.7123203463203462
0.12700000000000244 3.128967902628772
2.0700000000000003 3.5456154589371978
2.068999999999999 3.661096181730305
5.904 3.0831653116531164
0.0940000000000012 2.8414685738301233
6.170999999999999 2.5997718360071302
0.13600000000000279 2.4925624660019032
7.218999999999994 2.385353095996676
7.082999999999998 2.5861233940420725
0.12400000000000233 2.4275016585964444
3.1229999999999976 2.2688799231508163
3.189 2.477787394167451
0.09900000000000375 3.065398887395144
2.022999999999996 3.653010380622837
4.049999999999997 4.029181234567901
0.2400000000000091 3.806660604933189
4.858000000000004 3.584139975298477
5.405000000000001 3.2880754856614245
0.0940000000000083 3.432771061579345
4.570999999999998 3.577466637497265
0.12699999999999534 2.363637032189316
15.215000000000003 1.1498074268813672
0.09199999999999875 1.83540946056712
4.697999999999993 2.521011494252873
0.1150000000000091 2.132561046665607
1.953000000000003 1.744110599078341
0.4969999999999999 1.7892152917505029
0.10999999999999943 1.7773950021970903
0.695999999999998 1.7655747126436778
0.10300000000000864 1.7525115691339996
1.8419999999999987 1.7394484256243212
1.7779999999999916 2.566443194600675
0.11200000000000898 2.666026433224345
1.1580000000000013 2.765609671848014
2.3759999999999906 2.980006734006734
0.11800000000000921 2.8699820407787753
3.0009999999999906 2.759957347550817
0.10500000000000398 2.454101678224506
3.820999999999998 2.148246008898195
2.713000000000008 2.7834633247327685
2.0919999999999987 2.7876175908221805
0.10800000000000409 2.8084086446951897
2.6539999999999964 2.829199698568199
1.8760000000000048 3.874904051172708
0.12299999999999045 2.7904408968105194
10.063999999999993 1.7059777424483307
6.127999999999986 2.7525992167101827
5.121000000000009 3.4127256395235306
5.159999999999997 3.2898108527131784
5.361000000000018 3.311474724864764
5.370999999999981 3.165071681251164
0.1290000000000191 2.8635086132556604
7.014999999999986 2.5619455452601567
1.9369999999999834 3.4309963861641717
2.4139999999999873 2.8048715824357915
1.7719999999999914 2.7036117381489846
