1.256 1.157968152866242
0.14700000000000002 1.1644215176372603
1.063 1.1708748824082786
0.137 1.1700017045270235
0.9569999999999999 1.169128526645768
0.14800000000000013 1.1688950903905533
1.064 1.1686616541353385
0.13600000000000012 1.1639123873513573
1.1280000000000001 1.159163120567376
0.8650000000000002 1.1679907514450867
0.13600000000000012 1.1652086458647237
1.0550000000000006 1.1624265402843605
0.16300000000000026 1.1344867799895781
7.667 1.1065470196947955
0.12899999999999778 1.1133345835627155
6.091000000000001 1.1201221474306353
0.10500000000000043 1.1157005325996465
6.579000000000001 1.111278917768658
0.11499999999999844 1.1124042693108693
6.7520000000000024 1.1135296208530805
0.14699999999999847 1.1062051458060882
6.679000000000002 1.0988806707590957
0.13100000000000023 1.1004120577445864
1.1669999999999945 1.101943444730077
0.12199999999999989 1.094998953832512
1.3220000000000027 1.088054462934947
1.0109999999999957 1.1082176063303661
0.10099999999999909 1.1054283364734254
2.6570000000000036 1.1026390666164845
0.13799999999999812 1.1179888324197922
1.0129999999999981 1.1333385982230997
2.6709999999999994 1.1170737551478847
0.125 1.1078739187307831
7.192 1.0986740823136818
0.10699999999999932 1.0998465763177467
6.712000000000003 1.1010190703218117
0.09399999999999409 1.1000343425568997
6.489999999999995 1.0990496147919877
0.10699999999999932 1.0959174857886722
6.993000000000009 1.0927853567853567
0.1039999999999992 1.1116581956340577
1.1599999999999966 1.1305310344827586
0.13800000000000523 1.140021258368728
0.9579999999999984 1.1495114822546972
0.14799999999999613 1.1435696946157208
1.0319999999999965 1.1376279069767445
2.7390000000000043 1.1090178897407814
3.1340000000000003 1.0868691767709
5.7109999999999985 1.062086499737349
0.09199999999999875 1.0473218753164653
7.537000000000006 1.0325572508955818
0.15699999999999648 1.074443075612241
6.993000000000009 1.1163289003289003
0.2949999999999875 1.108587527087527
1.1440000000000055 1.1008461538461538
1.1430000000000007 1.1022782152230968
1.043999999999997 1.102536398467433
0.24099999999999966 1.095190465373374
3.0360000000000014 1.0878445322793149
0.09799999999999898 1.0859348299402072
5.094000000000008 1.0840251276010993
0.2740000000000009 1.0868564310444169
6.929999999999993 1.0896877344877345
0.09299999999998931 1.0908828185547286
5.340000000000003 1.0920779026217227
0.15300000000002 1.0885747894611504
6.9199999999999875 1.085071676300578
2.7409999999999854 1.1042013863553448
0.33500000000000796 1.1035381931776724
1.0879999999999939 1.102875
0.12999999999999545 1.1038211930455635
2.5020000000000095 1.1047673860911271
0.10800000000000409 1.0985555680455636
2.8160000000000025 1.09234375
0.25499999999999545 1.0901674890350876
2.73599999999999 1.0879912280701753
4.691999999999979 1.0824569479965898
0.2880000000000109 1.0787811645812546
7.135999999999996 1.0751053811659192
7.085000000000008 1.1088937191249117
0.12100000000000932 1.1196248365150807
2.3429999999999893 1.1303559539052495
0.1490000000000009 1.1365700155533485
0.8290000000000077 1.1427840772014475
1.8089999999999975 1.1319137645107795
