2.905 0.5006567986230637
0.21700000000000008 0.5023818622519935
2.4690000000000003 0.5041069258809233
0.12099999999999955 0.5041616197678613
2.2190000000000003 0.5042163136547995
0.19299999999999962 0.5036162474422865
2.4719999999999995 0.5030161812297735
0.21700000000000053 0.5014194055995963
2.6159999999999997 0.49982262996941906
0.1930000000000014 0.6246561221063711
1.347999999999999 0.7494896142433233
0.09399999999999942 0.875299909162478
1.2249999999999996 1.0011102040816326
0.7149999999999999 1.9451636363636364
2.5619999999999976 1.8262170179547228
0.1280000000000001 1.814600987399063
4.055 1.802984956843403
7.625 0.9860396065573771
11.068999999999999 0.6630611618032342
0.23700000000000188 0.5336632435863075
3.1809999999999974 0.4042653253693807
0.2120000000000033 0.42180401271523404
3.274000000000001 0.43934270006108733
0.21599999999999397 0.4560443458111344
2.3700000000000045 0.4727459915611814
0.22099999999999653 0.49454005131022205
2.1430000000000007 0.5163341110592626
0.16400000000000148 0.6201745799841084
3.987000000000002 0.7240150489089542
0.11899999999999977 1.4818290857927674
0.5379999999999967 2.2396431226765805
3.448999999999998 0.9407851551174252
0.12399999999999523 0.8156892788015871
10.701 0.6905934024857491
0.3370000000000033 0.7897533608623248
1.418999999999997 0.8889133192389006
0.0940000000000083 0.8931048472527126
1.4069999999999965 0.8972963752665245
0.09499999999999886 0.9514917459154708
1.304000000000002 1.0056871165644172
0.09499999999999886 0.876133460562339
3.6839999999999975 0.7465798045602606
0.3230000000000075 0.6041819632264014
6.234999999999999 0.4617841218925421
0.23299999999998988 0.44257150345498186
7.174999999999997 0.42335888501742164
0.22900000000001342 0.4379948390872489
3.214999999999989 0.4526307931570762
0.15900000000000603 0.47808210099529913
1.7659999999999911 0.503533408833522
0.09000000000000341 0.6578605576884068
1.5130000000000052 0.8121877065432915
0.26200000000000045 0.8529574214875377
1.3340000000000032 0.893727136431784
2.794000000000011 1.025677881173944
0.10799999999998988 0.956777948072417
3.6069999999999993 0.8878780149708899
3.266999999999996 2.1672776247321703
0.1290000000000049 1.5882465862176753
8.207000000000008 1.0092155477031803
0.14000000000000057 0.8908876797339431
10.624999999999986 0.7725598117647059
0.13100000000000023 1.061735027318467
0.9470000000000027 1.350910242872228
1.078000000000003 0.9766975881261597
0.11400000000000432 0.9780269776761105
1.0130000000000052 0.9793563672260612
4.942000000000007 0.6124273573452045
0.24500000000000455 0.6315769932676469
4.802999999999997 0.6507266291900895
1.538000000000011 1.7972223667100131
1.5740000000000123 1.9542820838627697
0.16800000000000637 1.4993891267870123
6.7879999999999825 1.0444961697112551
0.13800000000000523 0.7715370533736721
15.628000000000014 0.4985779370360891
0.14099999999999113 0.7135697190392398
1.438999999999993 0.9285615010423904
0.1570000000000107 0.7297268533404324
2.412000000000006 0.5308922056384744
0.1529999999999916 0.48840029819824005
2.467000000000013 0.4459083907580057
0.13599999999999568 0.44450891942016285
2.137999999999977 0.44310944808232
0.18400000000002592 0.41843328607535557
2.2809999999999775 0.39375712406839114
