0.259 5.615474903474904
0.22100000000000003 5.63185520361991
0.508 5.52459842519685
0.09299999999999997 5.518010924310137
0.5549999999999999 5.511423423423424
0.595 5.533593277310924
0.10099999999999998 5.242569670214277
3.1369999999999996 4.951546063117628
3.817 4.521949174744565
3.2300000000000004 5.672252631578947
3.107000000000001 5.292485355648536
0.09799999999999898 4.606216474978097
4.427 3.9199475943076574
3.6069999999999993 4.820675353479346
0.09100000000000108 4.521233259068991
3.983999999999998 4.221791164658635
0.12300000000000111 3.852344252280056
5.074999999999999 3.4828973399014775
0.3130000000000024 4.7833951940149095
2.9919999999999973 6.083893048128342
0.11299999999999955 6.388461334243561
2.3969999999999985 6.6930296203587805
0.1010000000000062 6.4683175657994045
2.7579999999999956 6.243605511240029
2.3100000000000023 7.929658874458874
0.09100000000000108 7.554392835922247
2.2950000000000017 7.179126797385621
0.10299999999999443 6.521214883841325
3.030000000000001 5.863302970297029
3.8189999999999955 4.517892642052893
0.09200000000000585 3.949249200661831
4.826999999999998 3.3806057592707686
2.6899999999999977 6.472770260223048
0.30000000000000426 5.473551293253518
3.9720000000000013 4.474332326283988
4.032999999999987 4.054698735432679
3.6940000000000026 4.7358743909041685
0.10500000000000398 4.754820415406733
3.5279999999999916 4.773766439909297
4.748000000000005 4.036374052232519
5.006 3.1514950059928086
0.09799999999999898 2.947607400168641
6.224000000000004 2.743719794344473
4.128 4.194069767441861
5.153999999999996 3.280082266201009
0.24099999999999966 3.270908255348037
5.268000000000001 3.2617342444950648
0.13900000000001 3.5104073324126626
4.662999999999997 3.75908042033026
4.825000000000003 3.7915208290155435
4.994 3.6968954745694833
0.10699999999999932 3.5332791714694176
5.089999999999989 3.3696628683693515
0.11299999999999955 2.902773385017348
6.305000000000007 2.4358839016653446
0.10099999999999909 2.7975088633721876
3.7960000000000207 3.159133825079031
0.10199999999997544 3.3569067658402494
2.045000000000016 3.5546797066014673
2.11099999999999 3.526582662245381
0.09000000000000341 3.162557834790172
2.4540000000000077 2.7985330073349632
3.390000000000015 2.4188908554572266
0.10499999999998977 2.374420780998413
3.0430000000000064 2.329950706539599
3.068000000000012 2.539692307692308
0.13100000000000023 2.2290799622982673
3.9989999999999952 1.918467616904226
0.11099999999999 1.875124692107977
4.289000000000016 1.8317817673117278
0.29300000000000637 1.85722799413745
3.530000000000001 1.8826742209631726
3.2719999999999914 2.0693643031784843
0.12999999999999545 2.139062050160012
2.169000000000011 2.20875979714154
