0.714 2.0369859943977593
0.604 2.060662251655629
0.09899999999999998 2.0605852694742235
0.5429999999999999 2.060508287292818
0.6059999999999999 2.051907590759076
0.09600000000000009 2.050668528921858
0.6379999999999999 2.04942946708464
1.4390000000000005 1.7710298818624044
3.204999999999999 2.260255850234009
2.407 3.524676360614873
0.0909999999999993 3.7808778252778508
1.6900000000000013 4.037079289940829
0.1169999999999991 3.7958448477561584
4.8820000000000014 3.5546104055714873
0.14699999999999847 3.7672543902428277
4.369 3.979898374914168
0.09600000000000009 3.987528284844257
4.210000000000001 3.995158194774346
0.09100000000000108 4.265439502827255
3.8969999999999985 4.535720810880164
0.10300000000000153 4.347253597123884
4.376999999999995 4.1587863833676035
0.12700000000000244 3.7839397280203935
4.706000000000003 3.409093072673183
0.0940000000000012 3.4967888344215208
4.803999999999995 3.5844845961698586
4.303999999999995 4.255927509293682
0.2950000000000017 3.5977314620509446
5.605000000000004 2.939535414808207
0.10499999999999687 3.23715807747971
5.026000000000003 3.5347807401512132
3.5150000000000006 4.9086293029871975
4.251999999999995 3.8377666980244594
4.016999999999996 4.334516305700772
4.0789999999999935 4.3569620004903165
0.12000000000000455 4.246859446994462
3.953000000000003 4.136756893498608
4.233000000000004 4.132841956059532
3.700000000000003 4.55185081081081
0.29300000000000637 4.420587894214716
4.467999999999989 4.289324977618621
4.031000000000006 3.9137643264698587
5.481999999999999 3.115087924115286
0.11200000000000898 3.093484345308175
5.635999999999996 3.0718807665010646
5.018000000000001 3.3689804703068957
2.2039999999999935 3.4644392014519063
0.09199999999999875 3.8258020962907078
1.6910000000000025 4.187164991129509
0.1110000000000042 4.191012855502157
1.2779999999999916 4.1948607198748045
0.12199999999999989 3.9322838681862597
5.031000000000006 3.6697070164977146
0.25799999999999557 4.118686264573757
3.7550000000000097 4.5676655126498
3.6280000000000143 4.233254685777289
4.536999999999978 3.7865849680405548
4.846000000000004 3.522690879075526
5.1510000000000105 3.333131430790138
4.829999999999984 3.49232463768116
4.043000000000006 4.32267326242889
5.026999999999987 3.3768498110204885
3.4059999999999775 3.728126834997064
0.10200000000000387 3.1452845263829676
2.9939999999999998 2.562442217768871
0.10500000000001819 2.6678275331696453
2.8329999999999984 2.7732128485704197
1.7520000000000095 3.793287671232877
1.788000000000011 3.786890380313199
0.10800000000000409 3.4859561593318285
3.600999999999999 3.1850219383504577
