1.72 0.8455860465116279
1.469 0.8472702518720219
0.129 0.8477655277555712
1.3189999999999995 0.8482608036391206
1.4690000000000003 0.8464642614023145
0.12899999999999956 0.8436617126947263
1.5549999999999997 0.8408591639871382
0.14300000000000068 0.8452874457446204
1.189 0.8497157275021027
0.11500000000000021 0.8486173661698488
1.4469999999999992 0.847519004837595
0.15200000000000102 0.8457230946518073
1.6479999999999997 0.8439271844660194
0.17300000000000004 0.8400702229475581
8.159 0.8362132614290967
0.0990000000000002 0.9906284787959893
6.384999999999998 1.1450436961628818
0.11200000000000188 1.0889059140155068
7.279999999999998 1.0327681318681317
0.1460000000000008 1.0654955428157058
6.683 1.09822295376328
0.10200000000000387 1.225437078632187
2.2849999999999966 1.3526512035010942
0.10300000000000153 1.4154869583795295
0.972999999999999 1.478322713257965
0.12299999999999756 1.5727982613908873
0.6720000000000041 1.6672738095238093
0.1319999999999979 1.7257538353343773
1.642000000000003 1.7842338611449455
2.8740000000000023 1.7181405706332635
0.1319999999999979 1.0660007216229221
17.121000000000002 0.4138608726125809
0.8810000000000002 1.501784335981839
0.12000000000000455 1.502257501324253
0.75 1.5027306666666667
7.727000000000004 0.9231049566455287
0.28600000000000136 0.7982180783227644
1.875 0.6733312
0.16199999999999193 0.7009478222222223
1.8000000000000114 0.7285644444444445
1.3290000000000077 0.8286170052671181
0.16400000000000148 0.8563386231154868
1.3279999999999887 0.8840602409638555
0.16500000000000625 0.9491419735704085
2.9950000000000045 1.0142237061769617
8.253 1.043595298679268
0.13800000000000523 1.1330003901699444
4.962000000000003 1.222405481660621
0.16799999999999216 0.8471183465051013
16.494 0.47183121134958167
0.17200000000001125 0.531168701266668
2.0189999999999912 0.5905061911837544
0.30800000000000693 0.5888120699508516
2.144999999999996 0.5871179487179488
0.18600000000000705 0.5871060386646594
2.1459999999999866 0.58709412861137
0.16500000000000625 0.7614527553625956
1.230000000000004 0.9358113821138213
0.12899999999999068 0.9392654603431398
1.3870000000000005 0.9427195385724583
0.1150000000000091 0.958708493466059
3.2919999999999874 0.9746974483596597
0.10900000000000887 0.9525530878161934
1.375 0.9304087272727272
0.13100000000000023 1.0575733673264005
2.1680000000000064 1.184738007380074
0.103999999999985 1.1305496229560918
6.975999999999999 1.07636123853211
0.13800000000000523 1.2143964332195434
5.375 1.3524316279069768
0.11000000000001364 0.8663526071291537
19.576999999999998 0.3802735863513307
0.2529999999999859 0.35695528246540603
3.548000000000002 0.3663630214205186
0.23699999999999477 0.3677681228717309
3.9140000000000157 0.36917322432294325
0.1910000000000025 0.35685702659924035
3.033999999999992 0.38288727752142393
0.15899999999999181 0.3801752926489924
3.6520000000000152 0.37746330777656084
0.25499999999999545 0.3714223839949252
3.6570000000000107 0.36538146021328965
0.23299999999997567 0.36198392529006684
3.570999999999998 0.358586390366844
0.26400000000001 0.358689150825953
3.0660000000000025 0.35879191128506205
0.19599999999999795 0.36457343805066234
2.5579999999999927 0.3703549648162627
0.3780000000000143 0.3700601501726435
2.429000000000002 0.3697653355290243
