0.349 4.167358166189112
0.3 4.1488000000000005
0.10200000000000009 4.128935871156662
0.683 4.109071742313324
0.11599999999999988 4.104696729065509
0.7460000000000002 4.100321715817694
1.9500000000000002 4.089226666666667
1.5670000000000002 4.089638800255265
1.7700000000000005 4.092723163841808
2.008 4.2250478087649395
3.3000000000000007 4.982955151515151
0.10099999999999909 4.765869187815243
3.8150000000000013 4.5487832241153345
5.384 3.229601783060921
0.125 2.939597362860013
6.3480000000000025 2.649592942659105
6.576000000000004 2.687911192214112
0.1280000000000001 2.7324382810803587
6.555 2.7769653699466055
5.8260000000000005 2.7537233093031235
6.221999999999994 2.7675769848923184
2.7580000000000027 2.804058013052937
2.527000000000001 2.8040015829046303
2.8190000000000026 2.803002483150053
2.5890000000000057 2.8543993820007727
0.10699999999999932 2.8646910251398463
2.4809999999999945 2.87498266827892
0.11899999999999977 2.8908667620588213
2.629000000000005 2.9067508558387223
2.709000000000003 2.858696197858989
0.09000000000000341 2.8087169352214074
2.5349999999999966 2.7587376725838264
0.2560000000000002 2.753471361158019
2.6140000000000043 2.7482050497322112
0.09399999999999409 2.74569222963522
2.641999999999996 2.743179409538229
3.0999999999999943 2.7783200000000003
0.10099999999999909 2.7861143988945187
2.1710000000000065 2.7939087977890367
2.787000000000006 2.7923875134553278
0.10999999999999943 2.8124651645651095
2.7560000000000002 2.832542815674891
5.965000000000003 2.8341230511316007
5.89200000000001 2.9162959945689066
0.10599999999999454 2.8265002221088094
6.405000000000001 2.736704449648712
0.0969999999999942 2.736441366314036
6.686000000000007 2.73617828297936
0.11699999999999022 2.798630793633284
2.869000000000014 2.861083304287208
0.1279999999999859 2.805047658696207
2.747000000000014 2.7490120131052063
3.0289999999999964 1.9252875536480687
3.90000000000002 1.9253066666666667
0.10299999999998022 1.9254771743929358
3.7750000000000057 1.9256476821192048
0.1220000000000141 2.27998873844106
2.8259999999999934 2.6343297947629156
2.4240000000000066 2.833168316831683
2.9020000000000152 2.8256512749827714
0.28899999999998727 2.8068563099255184
2.5430000000000064 2.7880613448682654
2.790999999999997 2.791750627015407
0.10999999999998522 2.796377686636583
2.7390000000000043 2.801004746257758
2.680000000000007 2.931534328358209
0.12399999999999523 2.920888662973391
5.390999999999991 2.910242997588573
0.11199999999999477 2.8547071458149067
6.15900000000002 2.7991712940412405
3.9879999999999995 2.8759438314944843
