1.3250000000000002 1.0976664150943396
1.123 1.1083170080142475
4.204 1.0866812559467174
1.1230000000000002 1.1072626892252897
1.1899999999999995 1.0987697478991598
0.11100000000000065 1.0922278577784792
3.8339999999999996 1.0856859676577988
7.1129999999999995 1.018433853507662
0.09799999999999898 0.9507645482798016
9.607000000000003 0.8830952430519412
1.0899999999999999 1.1061284403669724
0.10999999999999943 1.1089283560476222
1.0009999999999977 1.1117282717282717
0.09900000000000375 1.1104682414359832
1.0229999999999961 1.109208211143695
0.25500000000000256 1.1058768328445747
1.1330000000000027 1.1025454545454545
0.09899999999999665 1.1247064935064937
2.6950000000000003 1.1468675324675326
0.0940000000000012 1.1273910083502816
7.484000000000002 1.1079144842330304
0.2949999999999946 1.1573212957240058
5.447000000000003 1.206728107214981
5.737000000000002 1.2873208994247867
7.702999999999996 1.0039714396988186
0.10500000000000398 0.9570189524778081
1.323999999999998 0.9100664652567977
1.458999999999989 0.9068348183687456
0.13500000000000512 0.9067754140114042
1.242999999999995 0.9067160096540627
0.33899999999999864 0.906110337921073
1.3930000000000007 0.9055046661880832
0.12100000000000932 0.9392413841889321
3.2879999999999967 0.972978102189781
0.11199999999999477 0.9758077725560776
3.285000000000011 0.9786374429223744
0.2949999999999875 0.9774119654589539
7.1640000000000015 0.9761864879955333
0.1570000000000107 1.0097931713761255
6.884999999999991 1.0433998547567178
0.10800000000000409 1.0081732795061613
7.448999999999998 0.9729467042556047
0.15900000000000603 0.937560766882917
1.6129999999999995 0.9021748295102293
0.09299999999998931 0.908045277036718
0.9730000000000132 0.9139157245632066
0.12099999999999511 0.9299524735210183
1.2989999999999924 0.9459892224788299
0.2750000000000057 0.9559707945375759
3.316999999999993 0.965952366596322
0.1110000000000042 0.9697695510005437
7.177000000000007 0.9735867354047654
0.117999999999995 0.9857885317332282
7.650999999999996 0.9979903280616912
0.3340000000000032 0.9988889793372562
7.082000000000008 0.9997876306128212
0.12899999999999068 1.0043506054298674
1.2959999999999923 1.0089135802469136
0.10699999999999932 1.013911335578002
1.4080000000000155 1.0189090909090908
0.09399999999999409 1.0167154494989545
1.2609999999999957 1.0145218080888183
0.1419999999999959 1.0208609040444092
1.0250000000000057 1.0272000000000001
2.805000000000007 1.0312014260249558
0.27299999999999613 1.0417856921501691
2.8760000000000048 1.0523699582753825
0.14699999999999136 1.0255555184454455
7.454000000000008 0.9987410786155084
0.16899999999998272 0.8846712574406087
8.912000000000006 0.770601436265709
0.2510000000000048 0.7764958842959965
1.6550000000000011 0.782390332326284
0.1699999999999875 0.8154756628760711
1.3689999999999998 0.8485609934258583
0.12000000000000455 0.9307081234579695
1.3610000000000184 1.0128552534900808
0.14399999999997704 1.0141023987815145
1.3160000000000025 1.0153495440729483
8.131 0.9662417906776534
7.236999999999995 0.9183142185988667
0.15800000000001546 0.9772899528868224
6.533999999999992 1.036265687174778
4.591000000000008 1.0435199302984102
