0.76 1.9136947368421047
0.645 1.9296744186046513
0.5790000000000002 1.93239378238342
0.1200000000000001 1.7663616273564462
0.7769999999999997 1.6003294723294723
0.1259999999999999 1.5257673998717283
0.9009999999999998 1.4512053274139844
0.10800000000000054 1.400177821601729
4.749999999999999 1.3491503157894738
0.14500000000000135 1.1929008590967976
6.987999999999998 1.0366514024041213
0.15399999999999991 0.8526532547960077
12.688000000000002 0.668655107187894
0.09100000000000108 0.8452089095261504
1.1799999999999997 1.0217627118644066
0.11899999999999977 1.0241839389580334
1.0839999999999996 1.0266051660516602
0.10800000000000054 1.1927756369180456
0.8349999999999973 1.3589461077844311
0.2330000000000041 1.3650844699185603
0.9109999999999943 1.3712228320526894
0.11599999999999966 1.436536586094372
2.058 1.5018503401360546
0.13300000000000267 1.4909745738158977
2.347999999999999 1.4800988074957409
2.5289999999999964 1.066220640569395
6.660000000000004 1.1089129129129127
0.14299999999999358 1.1836129810252816
6.146000000000001 1.2583130491376506
0.14400000000000546 1.1733740360895626
6.509999999999998 1.0884350230414745
0.09899999999999665 1.0925633824437075
7.204999999999998 1.0966917418459403
0.09100000000000819 1.0281562851548882
7.700999999999993 0.959620828463836
0.28600000000000136 0.9706150834926184
1.2849999999999966 0.9816093385214008
0.1360000000000099 0.9824308374849995
1.2839999999999918 0.9832523364485981
0.12400000000000944 0.9831614006081072
1.333999999999989 0.9830704647676163
2.6500000000000057 1.03788679245283
0.14799999999999613 1.0872860728943978
2.5330000000000013 1.1366853533359653
3.1480000000000103 0.9649301143583228
0.1670000000000016 0.8827292169911473
4.2549999999999955 0.8005283196239718
0.12699999999999534 0.9695599344598733
0.7810000000000059 1.1385915492957748
0.125 1.1403180794806012
1.0759999999999934 1.1420446096654275
0.11599999999999966 1.1364639968506771
6.903000000000006 1.1308833840359267
0.09199999999999875 1.1798834788628456
5.685999999999993 1.2288835736897645
0.11600000000001387 1.0693764865588957
8.391999999999996 0.9098693994280268
0.13599999999999568 1.0800888582872077
5.662999999999997 1.2503083171463887
0.1150000000000091 1.2197436775968842
6.965000000000003 1.1891790380473795
0.14599999999998658 1.0903130850223075
1.4470000000000027 0.9914471319972356
0.14699999999999136 0.9935103364266333
1.285000000000025 0.9955735408560312
0.12199999999998568 0.954005598136719
2.8149999999999977 0.9124376554174067
0.09100000000000819 0.9100186394438775
3.1869999999999834 0.9075996234703483
0.10800000000000409 0.9256763318474286
3.2069999999999936 0.9437530402245088
1.2549999999999955 0.9561179282868526
0.1529999999999916 0.9739556272220056
2.787000000000006 0.9917933261571584
0.103999999999985 1.0441009684670002
7.479000000000013 1.096408610776842
0.11000000000001364 1.148749790734855
5.902999999999992 1.201090970692868
0.09000000000000341 1.122572552209626
7.462999999999994 1.0440541337263838
0.16300000000001091 1.046712609196662
7.310999999999979 1.0493710846669404
0.9819999999999993 1.3039837067209776
0.11299999999999955 1.3060085002094781
0.8410000000000082 1.3080332936979788
2.2079999999999984 1.1380688405797101
0.10300000000000864 1.0986857394828191
1.9329999999999927 1.0593026383859283
