1.2990000000000002 1.1196366435719782
0.10899999999999999 1.1265942780701421
1.098 1.133551912568306
0.09699999999999998 1.1318547441629407
0.9899999999999998 1.1301575757575757
0.1080000000000001 1.1318317505041295
1.097 1.1335059252506836
0.10799999999999965 1.128892257552255
1.1630000000000003 1.1242785898538263
0.14500000000000046 1.1303687662429986
0.8889999999999993 1.1364589426321707
0.12300000000000022 1.005570693243156
8.282 0.8746824438541415
0.12299999999999933 0.817853242020361
11.148 0.7610240401865807
0.12900000000000134 0.9340841045744657
1.0889999999999986 1.1071441689623507
0.10900000000000176 1.1094362203453112
1.0009999999999977 1.1117282717282717
0.0990000000000002 1.0916148440794333
1.059000000000001 1.071501416430595
0.34299999999999997 0.872276570284263
1.855999999999998 0.6730517241379309
0.19900000000000517 0.6693718668072812
4.643000000000001 0.6656920094766314
0.12599999999999767 0.6891379875146125
4.876999999999995 0.7125839655525936
0.11000000000000654 0.793038338461428
3.086999999999996 0.8734927113702624
0.10999999999999943 0.88261450347552
8.282000000000004 0.8917362955807776
0.11699999999999733 0.9065524759104016
3.1330000000000027 0.9213686562400256
1.286999999999999 0.9362299922299924
0.11699999999999733 0.9346424996410894
1.4179999999999993 0.9330550070521862
3.040999999999997 0.9226254521538968
0.3370000000000033 0.920988015996663
3.3629999999999995 0.9193505798394294
0.1560000000000059 0.9129413709625029
3.5289999999999964 0.9065321620855766
8.719999999999999 0.888097247706422
0.25500000000000966 0.8903409020918835
7.834999999999994 0.8925845564773452
0.09199999999999875 0.8822558660527278
8.239000000000004 0.8719271756281102
0.1559999999999917 0.8594518959295984
1.4540000000000077 0.8469766162310866
0.14400000000000546 0.8450433486717426
1.725999999999999 0.8431100811123987
1.0420000000000016 0.853397312859885
0.15900000000000603 0.8886685812419725
1.3299999999999983 0.92393984962406
0.24399999999999977 0.9555102821749382
3.245999999999995 0.9870807147258164
2.879000000000005 0.9953956234803752
0.12099999999999511 0.8700098684777763
1.6920000000000073 0.7446241134751773
0.18599999999999284 0.623742375654146
2.2890000000000015 0.5028606378331149
0.3340000000000032 0.5011537719341281
2.617999999999995 0.49944690603514136
0.14300000000000068 0.4854629130979842
17.41000000000001 0.4714789201608271
0.2259999999999991 0.4641064718619201
2.8009999999999877 0.4567340235630131
0.17500000000001137 0.45775263269653926
2.2949999999999875 0.4587712418300654
0.18600000000000705 0.4587171049649633
2.163000000000011 0.4586629680998613
0.15899999999999181 0.46106481738326394
2.490000000000009 0.4634666666666666
0.18099999999998317 0.5010169958108917
2.2280000000000086 0.5385673249551166
0.18000000000000682 0.5354747256516723
5.191999999999979 0.5323821263482281
0.20400000000000773 0.5349449029416524
2.408999999999992 0.5375076795350768
0.34600000000000364 0.5406826787188492
2.136000000000024 0.5438576779026217
0.20299999999997453 0.5586376575869182
2.404000000000025 0.5734176372712146
0.18799999999998818 0.611029206985122
2.0600000000000023 0.6486407766990293
0.13100000000000023 0.6654036565617227
11.516999999999996 0.6821665364244162
0.16300000000001091 0.8128053951418823
1.1659999999999968 0.9434442538593484
0.1279999999999859 0.9454061269296743
1.0 0.9473680000000001
0.28300000000001546 0.9431090343878954
2.180999999999983 0.9388500687757908
