0.511 2.8461996086105676
0.09899999999999998 2.857016854996528
0.43399999999999994 2.8678341013824884
0.9979999999999998 2.812120240480962
0.10200000000000031 2.813070239835697
1.0869999999999997 2.814020239190432
0.11100000000000021 2.815259905737218
1.169 2.816499572284003
2.2640000000000002 2.830593639575972
2.545 2.8464125736738697
3.045 2.786172742200328
2.7669999999999995 2.4657260571015542
4.116999999999999 1.7758328880252612
5.506 1.365519796585543
0.09299999999999997 1.517734187257504
4.395 1.6699485779294654
0.09799999999999898 1.9978247648627985
3.2570000000000014 2.3257009517961316
0.22500000000000142 2.563937329564845
2.958999999999996 2.8021737073335586
2.3419999999999987 2.8065960717335607
2.631999999999998 2.805987841945289
2.7760000000000034 2.7858760806916427
0.12299999999999756 2.7415699398509603
2.6270000000000024 2.697263799010278
2.932000000000002 2.694974079126876
2.780999999999999 2.6573318950017977
0.12700000000000244 2.5833317940332687
6.503 2.5093316930647394
0.09100000000000108 2.5492198985769794
6.724999999999994 2.5891081040892194
4.477999999999994 2.6900580616346583
0.12099999999999511 2.6940645246444896
2.592000000000013 2.698070987654321
0.10499999999998977 2.693310942928957
2.6720000000000113 2.688550898203593
2.7049999999999983 2.679290203327172
0.09600000000000364 2.6812014879564208
3.2099999999999937 2.68311277258567
2.2420000000000044 2.70543086529884
2.8760000000000048 2.705974965229485
0.11899999999999977 2.6649850576374767
6.597999999999999 2.623995150045468
0.10799999999998988 2.5790897650991846
6.6710000000000065 2.5341843801529014
0.12300000000000466 2.4015709963619387
7.572999999999993 2.268957612570976
0.1280000000000001 2.4508344686465575
6.658000000000001 2.632711324722139
4.680999999999997 2.712741721854305
0.1110000000000042 2.7194475796252595
3.0109999999999957 2.726153437396214
0.09000000000000341 2.7281410715542167
2.7660000000000053 2.73012870571222
2.1350000000000193 2.7314735362997657
2.745999999999981 2.7344122359796064
2.6260000000000048 2.7682102056359477
2.6899999999999977 2.767515241635688
0.10999999999998522 2.767238684476184
2.4819999999999993 2.7669621273166802
0.12000000000000455 2.453702937842626
3.830999999999989 2.140443748368572
0.26400000000001 1.9724921719699822
3.929000000000002 1.8045405955713925
4.6270000000000095 1.6839801167062893
4.810000000000002 1.5950004158004156
0.09000000000000341 1.586465060280204
4.978999999999985 1.577929704759992
0.11899999999999977 1.9782705073549423
2.794000000000011 2.3786113099498927
0.09200000000001296 2.50969567057557
2.563999999999993 2.6407800312012477
1.7749999999999773 2.6990422535211267
