0.293 4.963849829351536
0.10999999999999999 4.932708324814016
0.651 4.901566820276497
0.5699999999999998 4.923677192982456
0.6239999999999999 4.90198717948718
0.6720000000000002 4.899535714285714
3.184 4.878454773869345
0.11299999999999955 4.68783082622597
3.838 4.497206878582595
4.098000000000001 4.4708091752074175
0.10199999999999854 4.135098672631435
4.327999999999999 3.799388170055453
3.8069999999999986 4.558342001576044
0.0940000000000012 4.602551011477493
3.742000000000001 4.646760021378942
3.748000000000001 4.487624332977588
4.042999999999999 4.371927776403661
0.2469999999999999 4.20314119316637
4.5120000000000005 4.034354609929078
0.09499999999999886 3.9202843037782995
4.215000000000003 3.8062139976275207
4.158999999999999 4.140385669632122
4.062999999999995 4.508371154319469
3.770000000000003 4.37031724137931
4.106000000000002 4.32679201169021
0.0940000000000012 4.37656070569118
3.897999999999996 4.4263293996921504
0.09900000000000375 4.564488042785557
3.469999999999999 4.702646685878963
3.997 4.3562051538654
0.29599999999999227 4.280308396663005
4.227000000000004 4.204411639460611
3.5819999999999936 4.565214963707426
0.11899999999999977 4.604040602872821
3.7680000000000007 4.642866242038216
4.116 4.091799805636541
4.481999999999999 4.275926818384651
0.11700000000000443 4.421748006760362
3.4539999999999935 4.567569195136074
3.5990000000000038 4.744904695748819
0.09799999999999898 4.608134166056227
3.872 4.471363636363636
4.0449999999999875 4.179368108776267
0.25 4.158905634349598
4.152000000000001 4.138443159922927
4.346000000000004 4.033270133456052
4.236999999999995 4.317698371489262
4.291000000000011 4.302562572826847
0.10899999999999466 4.4074749196678304
3.8009999999999877 4.512387266508814
0.09700000000000841 4.152741916781204
4.049000000000007 3.7930965670535937
4.898000000000025 3.507500204164965
0.10699999999999932 3.695838839283847
4.394999999999982 3.8841774744027293
0.10300000000000864 3.9729569652590886
4.227000000000004 4.061736456115448
0.26300000000000523 4.11024791247587
4.055999999999983 4.158759368836292
3.8430000000000177 4.547636742128546
3.7290000000000134 4.5522724591043175
4.119 4.3099820344743875
4.334000000000003 3.922381172127365
4.061000000000007 4.425522777640975
3.3830000000000098 4.6376352349985215
0.11699999999999022 4.601669312414515
3.7760000000000105 4.565703389830508
0.12399999999999523 4.597069612590799
2.4780000000000086 4.62843583535109
