1.1740000000000002 1.2388483816013631
0.127 1.248030251406742
0.9899999999999998 1.2572121212121212
0.1080000000000001 1.2550651871458143
0.8930000000000002 1.2529182530795073
0.10699999999999976 1.253833495863669
0.9909999999999997 1.2547487386478307
0.1070000000000002 1.250010559800106
1.0499999999999998 1.245272380952381
0.16500000000000004 1.2613610025062658
1.995 1.2774496240601505
0.0940000000000003 1.4139945038108972
4.672 1.550539383561644
0.11899999999999977 1.5197323102434406
5.698000000000002 1.4889252369252373
0.10499999999999687 1.4791884422834243
4.643000000000001 1.469451647641611
5.245000000000001 1.3939187797902763
0.14599999999999724 1.3872414317607276
5.445999999999998 1.380564083731179
5.393000000000001 1.3609167439273133
0.10099999999999909 1.3710963955941615
0.9309999999999974 1.3812760472610095
1.044000000000004 1.3777854406130268
1.9650000000000034 1.3722503816793894
0.1319999999999979 1.3762167625085417
5.350999999999999 1.380183143337694
0.15100000000000335 1.3875655976428731
5.543999999999997 1.3949480519480522
5.073999999999998 1.3964745762711865
0.1280000000000001 1.3815358007609824
5.782000000000004 1.3665970252507782
0.11199999999999477 1.3624052944669622
5.4410000000000025 1.3582135636831465
5.247 1.359411473222794
3.656000000000006 1.3483719912472647
0.14100000000000534 1.3629549031866577
0.9519999999999982 1.3775378151260504
0.14099999999999113 1.3866345602879935
0.7890000000000015 1.3957313054499365
0.11400000000000432 1.3807935464631087
2.108000000000004 1.3658557874762807
2.240000000000009 1.3560714285714286
2.5190000000000055 1.352222310440651
4.456000000000003 1.3612154398563734
0.1460000000000008 1.358515733865469
5.739999999999995 1.3558160278745646
5.700000000000003 1.369559298245614
0.10199999999998965 1.3659486879217932
5.129000000000005 1.3623380775979725
5.543000000000006 1.3775255276925853
5.158000000000001 1.3727212097712294
0.14400000000000546 1.3579979710873662
6.165999999999997 1.3432747324035028
0.14099999999999113 1.3330755612057805
6.2050000000000125 1.322876390008058
2.09699999999998 1.3930796375774914
0.10300000000000864 1.392236460175528
1.8460000000000036 1.3913932827735644
2.078000000000003 1.3919730510105872
0.12999999999999545 1.3936850040668427
2.169000000000011 1.3953969571230982
0.12700000000000955 1.3978418477371763
2.2319999999999993 1.4002867383512545
4.971000000000004 1.3815328907664457
0.12899999999999068 1.371719775394849
6.021000000000015 1.3619066600232521
5.0989999999999895 1.3904765640321635
0.09200000000001296 1.3954338247910636
5.563999999999993 1.400391085549964
0.14300000000000068 1.3737646384729625
5.694999999999993 1.3471381913959612
0.10300000000000864 1.3292619683402773
5.991000000000014 1.3113857452845934
0.11899999999999977 1.2567877432732546
2.2029999999999745 1.2021897412619156
0.09000000000000341 1.1711117178030395
0.8310000000000173 1.1400336943441634
2.100999999999999 0.9745987624940504
