0.765 1.9011869281045752
0.65 1.9148307692307687
0.583 1.9191355060034305
0.11399999999999988 1.9175461813530252
0.649 1.9159568567026197
0.6510000000000002 2.008503840245776
2.272 2.82062676056338
0.12199999999999989 2.5893693698650235
3.072 2.3581119791666665
3.0120000000000005 2.816698539176627
2.578000000000001 2.646494957331265
0.12199999999999989 3.3803954809166177
1.777000000000001 4.11429600450197
0.12199999999999989 3.8478973328380084
4.855 3.5814986611740474
4.274000000000001 3.9353336452971455
0.12899999999999778 3.832192561045197
4.740000000000002 3.729051476793249
4.079999999999998 4.461521568627451
0.12199999999999989 4.424251623799643
3.6570000000000036 4.386981678971834
3.8560000000000016 4.465732365145228
3.6679999999999993 4.993869138495093
3.0180000000000007 5.45927634194831
0.27599999999999625 5.627812396096504
3.065000000000005 5.7963484502446985
3.4769999999999968 4.96227552487777
0.12600000000000477 4.758941224192095
3.5820000000000007 4.555606923506421
0.11899999999999977 4.571841933426464
3.7950000000000017 4.5880769433465085
0.10199999999999676 4.61414917663409
3.8299999999999983 4.640221409921671
4.201999999999998 3.891623036649215
0.10099999999999909 3.749721602878124
4.849000000000004 3.607820169107033
4.016999999999996 4.192643266118995
5.825000000000003 3.2900779399141635
0.2669999999999959 3.5769988034128746
4.082999999999998 3.863919666911585
0.12399999999999523 3.6910154576832337
4.853999999999999 3.518111248454882
4.850999999999999 3.5689795918367344
4.299999999999997 3.931521860465116
0.0969999999999942 4.447392357153413
3.4620000000000033 4.9632628538417105
5.075999999999993 3.453229314420804
0.13100000000000023 3.4900702191922797
5.186999999999998 3.5269111239637554
0.10699999999999932 3.6238239618206523
4.962000000000003 3.7207367996775487
4.716000000000008 3.636892281594572
0.2820000000000107 3.389140352292479
4.888999999999982 3.1413884229903863
0.11199999999999477 3.3745304147711277
4.7620000000000005 3.6076724065518686
5.445999999999998 3.1345868527359526
3.179000000000002 5.400742371815036
0.1150000000000091 5.396651237058413
3.1280000000000143 5.392560102301791
3.336999999999989 5.237209469583458
4.930999999999983 3.442592577570473
4.342000000000013 4.088626439428834
3.451999999999998 4.924565469293163
0.2400000000000091 4.804222791983042
3.836999999999989 4.683880114672922
3.953000000000003 3.968914748292436
5.9809999999999945 2.8824771777294766
0.12000000000000455 2.85754681311764
4.049000000000007 2.832616448505804
