0.605 2.4039801652892563
0.10099999999999998 2.412729382255523
0.514 2.42147859922179
1.93 2.3670507772020724
2.8609999999999998 2.609649772806711
2.624999999999999 3.037711238095238
2.4000000000000004 2.670193333333333
0.10099999999999909 3.1616523903177005
1.9830000000000005 3.653111447302068
0.1120000000000001 3.8436493993524135
2.1029999999999998 4.034187351402759
0.09500000000000064 3.669870807484325
2.064 3.3055542635658917
1.3739999999999988 5.321036390101892
0.12300000000000111 6.369600106313745
2.3439999999999976 7.418163822525597
4.176000000000002 4.02768582375479
0.13299999999999912 3.4480934798747986
6.162000000000003 2.868501135994807
0.14000000000000057 3.27368144916151
4.948 3.678861762328213
4.162999999999997 3.8537573865001202
4.570999999999998 3.76719842485233
0.12400000000000233 4.516939062914952
3.4780000000000015 5.266679700977574
0.12399999999999523 5.279677145702407
3.1129999999999995 5.29267459042724
0.277000000000001 5.097469745544746
3.6240000000000023 4.902264900662251
4.106000000000002 4.202102289332683
0.09600000000000364 4.504318302251026
3.395000000000003 4.806534315169367
0.10099999999999909 5.561002377026106
2.756999999999991 6.315470438882844
2.9939999999999998 5.935887775551102
0.10899999999999466 5.469106322770962
3.2690000000000055 5.002324869990822
0.12999999999999545 4.724074760281307
3.9350000000000023 4.445824650571792
5.054000000000002 3.3323798971111986
5.689999999999998 3.3681377855887518
0.29700000000001125 3.970501356562492
3.4499999999999886 4.572864927536232
4.548000000000002 3.7548179419525067
4.858000000000004 3.56383696994648
4.173000000000002 4.051172777378385
0.125 4.102812694298477
4.135999999999996 4.154452611218568
3.7560000000000002 4.666824281150159
4.025000000000006 4.545115031055901
4.206000000000003 4.389514027579647
0.09499999999999886 4.398764209883373
3.8910000000000053 4.4080143921870985
0.29599999999999227 4.415736458766361
3.471999999999994 4.423458525345623
0.13599999999999568 4.355979886736716
4.006 4.288501248127808
0.09700000000000841 4.064925691570655
4.444000000000017 3.841350135013501
4.463999999999999 3.846093189964158
3.158999999999992 5.33964165875277
3.2750000000000057 5.336356641221374
0.12299999999999045 5.469403403118937
3.030000000000001 5.602450165016501
3.1469999999999914 5.641187162376867
4.025000000000006 4.223503105590063
0.26599999999999113 4.108645775017254
4.5 3.993788444444445
0.11200000000002319 3.9319114891191145
4.054000000000002 3.8700345337937843
4.518000000000001 3.815868968570164
3.0790000000000077 3.7249964274114973
