0.31 4.691638709677419
0.26400000000000007 4.714545454545455
0.6050000000000001 4.638836363636364
0.09199999999999986 4.636721212121213
0.6600000000000001 4.634606060606061
0.7089999999999996 4.643847672778561
0.09200000000000008 4.630448332066514
1.3880000000000003 4.6170489913544674
0.10999999999999943 3.575799091859319
6.81 2.5345491923641705
0.0990000000000002 2.6198049372421766
6.7730000000000015 2.705060682120183
0.13100000000000023 2.7237571589386773
5.995999999999999 2.7424536357571716
0.09700000000000131 3.250950388069227
4.616 3.7594471403812824
6.547999999999998 2.655494196701283
1.4329999999999998 3.316555478018144
1.6099999999999994 3.102022360248447
0.28300000000000125 2.924707667864449
3.0180000000000007 2.747392975480451
0.09199999999999875 2.494611903838452
2.932000000000002 2.241830832196453
2.618000000000002 2.8209931245225364
2.763999999999996 2.797971056439942
2.478999999999999 2.858294473578056
0.134999999999998 2.6986947946296453
3.112000000000002 2.5390951156812345
1.391999999999996 5.308936781609195
0.10600000000000165 4.4185963908045975
4.625 3.528256
5.434000000000005 3.2042237762237766
3.566999999999993 4.982351555929353
3.1159999999999997 5.247946084724005
3.3160000000000025 5.275729794933654
3.218999999999994 5.232012426219323
3.6670000000000016 5.226262339787292
3.021000000000001 5.2222389937106914
0.2669999999999959 5.249702933196508
3.236000000000004 5.277166872682325
3.3329999999999984 5.194455445544554
3.263999999999996 5.179394607843137
3.328000000000003 5.1631057692307705
3.3569999999999993 5.221504915102771
3.477000000000004 5.26145757837216
0.12199999999999989 5.245784879837638
3.530000000000001 5.230112181303116
3.3220000000000027 5.163029500301024
3.0020000000000095 5.116005329780147
0.2890000000000015 5.12981943135714
3.339999999999989 5.143633532934132
3.2220000000000084 5.298249534450651
3.2650000000000006 5.258486983154671
3.212999999999994 5.249899782135077
3.3610000000000184 5.199811960725974
3.5700000000000216 4.755020728291316
4.998999999999995 3.551273454690939
0.10200000000000387 4.091027629007142
3.6709999999999923 4.6307818033233445
0.1220000000000141 4.8459524336244995
3.5509999999999877 5.061123063925654
0.24399999999999977 5.109312353790572
3.0420000000000016 5.15750164365549
3.4139999999999873 5.049823081429408
2.223000000000013 5.159363022941971
