0.32 4.545025
0.2720000000000001 4.575882352941177
0.245 4.56675918367347
0.6820000000000002 4.485102639296188
0.11699999999999999 4.476162524129887
1.7850000000000001 4.467222408963585
0.11599999999999966 4.466525490196078
1.435 4.465828571428571
3.814 4.525506030414263
3.4369999999999994 5.330630200756474
2.8040000000000003 5.864390870185451
0.09299999999999997 3.6618291384226955
11.892000000000001 1.4592674066599396
0.1269999999999989 2.4540722354400617
2.1799999999999997 3.448877064220184
0.10200000000000031 3.328333637005197
2.288000000000004 3.2077902097902093
0.3149999999999977 2.8252443470750466
3.100999999999999 2.442698484359884
0.10099999999999909 2.212459928290389
4.183 1.9822213722208943
0.14699999999999847 2.8680518625810354
1.7510000000000048 3.7538823529411767
0.11399999999999721 4.728431523960936
1.2950000000000017 5.7029806949806945
0.10600000000000165 4.099447289853067
7.338999999999999 2.4959138847254394
2.011000000000003 8.192986573843857
2.173000000000002 8.175705476300045
2.1090000000000018 8.181048838311996
2.047000000000004 7.971755740107476
3.683 4.727600325821341
0.12199999999999989 5.033077423349241
3.3289999999999935 5.33855452087714
3.6099999999999994 4.529806094182824
0.2810000000000059 5.6266094267993285
2.602000000000004 6.723412759415834
0.10299999999999443 5.550665048800717
3.846999999999994 4.377917338185599
5.561000000000007 3.446269376011509
2.5959999999999894 6.077189522342064
0.1039999999999992 5.9477790882579145
2.9350000000000023 5.8183686541737645
2.926000000000002 5.916992481203008
3.402000000000001 4.969295708406818
0.12600000000000477 3.6902902903527215
7.126000000000005 2.411284872298625
2.184999999999988 8.022238901601831
0.30800000000000693 8.01770902592137
2.2830000000000013 8.01317915024091
0.12300000000000466 8.011426017636724
2.3049999999999926 8.009672885032538
0.09499999999999886 8.01034414919539
2.1410000000000053 8.011015413358244
1.9209999999999923 7.994923477355544
8.86 1.9390221218961623
5.248000000000005 3.2528506097560976
5.984999999999999 2.8686649958228903
0.09200000000001296 3.0716774794684243
5.150999999999982 3.2746899631139588
4.987000000000023 3.5044251052737123
0.2869999999999777 2.786920830096322
8.203000000000003 2.069416554918932
0.12700000000000955 5.2777331340560245
2.092000000000013 8.486049713193117
5.557000000000016 3.059132625517365
2.1430000000000007 8.386396640223985
4.139999999999986 3.789642512077295
7.381 2.335739872645983
0.09799999999998477 2.667904464180695
3.8230000000000075 3.000069055715407
