0.38 3.8273894736842093
0.125 3.7896692716119382
2.042 3.7519490695396667
1.3570000000000002 5.174773765659543
1.362 5.481797356828194
0.6349999999999998 5.185020472440945
1.2399999999999993 5.168116129032258
1.4079999999999995 5.144971590909091
0.1120000000000001 4.908800001014352
3.921000000000001 4.672628411119613
3.866999999999999 4.252327902767004
3.992000000000001 4.347096192384771
0.1039999999999992 5.07641554193529
2.995000000000001 5.80573489148581
0.10900000000000176 5.927978237109811
2.7799999999999976 6.050221582733813
0.11899999999999977 6.135935148987462
2.841000000000001 6.221648715241112
2.8160000000000025 6.464136363636364
3.091000000000001 5.19029181494662
0.29999999999999716 5.447061111183148
3.0189999999999984 5.703830407419677
3.0519999999999996 6.001806028833552
2.638999999999996 6.243310344827585
3.817999999999998 4.653171293871137
4.527000000000001 3.811316986967087
4.5120000000000005 3.6166187943262407
4.942 3.5232197490894372
5.2180000000000035 3.4059118436182447
5.716000000000008 2.8608467459762075
0.27599999999999625 2.952992563588626
5.7450000000000045 3.0451383812010446
6.786000000000001 2.481852048334807
0.11899999999999977 2.60224893935422
7.0390000000000015 2.722645830373633
5.088000000000008 3.1007044025157233
0.10299999999999443 3.1424566204262376
5.3629999999999995 3.184208838336752
5.419000000000011 3.1948920465030453
1.656000000000006 4.219463768115942
1.6949999999999932 4.504792920353983
0.10500000000000398 4.50303091662963
1.5730000000000075 4.501268912905277
1.8250000000000028 4.538428493150684
1.813999999999993 4.525054024255788
1.5769999999999982 4.788545339251744
0.12000000000000455 4.848451001361251
3.129000000000005 4.908356663470758
3.3769999999999953 5.087277465205804
0.12199999999999989 4.441677425064543
4.497 3.7960773849232816
0.10499999999998977 3.6060530179690025
5.0260000000000105 3.4160286510147233
5.1510000000000105 3.2746899631139588
5.038000000000011 3.468949583167924
4.331000000000017 3.919516047102286
4.905000000000001 3.6193304791029575
0.2849999999999966 4.095786810288434
3.7179999999999893 4.57224314147391
0.09200000000001296 4.341009290837572
4.3729999999999905 4.109775440201235
0.12800000000001432 4.351977031960061
3.414999999999992 4.5941786237188875
3.358000000000004 5.134036926742108
0.13800000000000523 4.6470445787138175
2.757000000000005 4.160052230685526
