0.389 3.7388380462724933
0.11299999999999999 3.743876854461547
0.33199999999999996 3.748915662650601
0.29800000000000004 3.7545503355704706
0.10699999999999998 3.72440077164997
0.8280000000000001 3.694251207729469
2.167 3.6797378864790034
2.6640000000000006 3.676456456456457
4.3549999999999995 3.963324913892078
4.8740000000000006 3.7590020517029132
0.12300000000000111 4.086123677488601
3.725999999999999 4.413245303274289
3.1140000000000008 5.572770712909443
3.7940000000000005 4.583072219293622
0.10899999999999821 4.471937457844892
3.8569999999999993 4.360802696396163
4.324999999999999 4.086867976878613
4.872 3.7362495894909693
0.31700000000000017 4.398596719035705
3.1699999999999946 5.060943848580441
3.0620000000000047 5.623730894839974
3.780999999999999 4.84462099973552
0.1180000000000021 4.9617827563412495
3.2439999999999998 5.078944512946979
3.186 5.576210922787193
0.11299999999999955 5.489926945890934
3.193000000000005 5.403642968994676
0.10899999999999466 5.237275803950414
3.2179999999999964 5.070908638906153
3.4299999999999926 5.076312536443149
3.503 5.073379389095061
0.2909999999999968 5.073549762806916
3.222999999999999 5.073720136518771
3.4950000000000045 5.005527896995708
0.10699999999999932 4.013785660322724
5.572999999999993 3.0220434236497398
0.1389999999999958 3.182459353548226
5.733000000000004 3.3428752834467117
3.6370000000000005 4.337746494363487
3.3930000000000007 5.0329832007073385
0.10900000000000887 5.283049606106307
3.1289999999999907 5.533116011505274
2.9849999999999994 5.663498827470687
0.11599999999999966 4.924662446622067
4.105000000000004 4.185826065773448
0.2879999999999967 3.8124139157590013
5.096999999999994 3.4390017657445555
0.11299999999999955 3.759885446780375
4.483000000000004 4.080769127816195
0.11499999999999488 3.59001491475584
5.957000000000008 3.099260701695485
4.932000000000002 3.4776123276561237
7.097999999999985 2.163743026204565
0.11099999999999 2.7576781089658935
3.578000000000003 3.3516131917272225
0.11700000000001864 4.17729317535432
1.453000000000003 5.002973158981417
1.445999999999998 5.148420470262794
2.9939999999999998 5.63391048764195
0.2980000000000018 5.606956520960183
3.132000000000005 5.5800025542784155
3.032999999999987 5.596908671282558
3.2369999999999948 5.484342292245906
2.983000000000004 5.698826684545759
0.11599999999998545 5.649670120085283
3.209000000000003 5.600513555624805
0.09199999999998454 5.449550935191667
2.9610000000000127 5.298588314758527
3.341000000000008 5.1601604310086815
2.026999999999987 5.658245683275778
