0.304 4.784236842105264
0.09599999999999997 4.794898343832555
0.25900000000000006 4.805559845559847
0.5950000000000001 4.7168
0.10899999999999999 4.7062641509433965
1.59 4.695728301886793
0.10599999999999987 4.406199721413195
1.9370000000000003 4.116671140939598
1.6679999999999993 3.842004796163069
1.7679999999999998 4.09735294117647
1.8539999999999992 4.575995685005394
3.4110000000000014 4.820800938141308
3.7860000000000014 4.583625990491284
0.11199999999999832 4.540671763998875
3.8659999999999997 4.497717537506467
3.9800000000000004 4.226034170854271
0.12199999999999989 4.3142255536712195
4.015000000000001 4.402416936488169
3.776 4.820711864406779
0.12199999999999989 4.820691268741851
3.327999999999996 4.820670673076923
4.313000000000002 3.9925490377927204
0.28000000000000114 3.947021270760045
4.694999999999993 3.9014935037273695
0.11500000000000199 4.473885496120959
3.2650000000000006 5.046277488514548
3.5090000000000003 5.062926189797663
0.09700000000000131 4.673731781265854
4.027000000000001 4.284537372734045
4.111000000000004 3.969395280953539
4.6640000000000015 3.7332229845626066
0.13599999999999568 3.684166002406073
4.88900000000001 3.6351090202495397
0.11099999999999 3.714167824900924
4.311000000000007 3.793226629552308
0.09099999999999397 3.703504452970742
4.841000000000008 3.613782276389176
0.24899999999999523 3.5067143113879666
4.954000000000008 3.3996463463867577
5.271999999999991 3.635186646433991
0.125 3.750026444236104
4.082000000000008 3.864866242038217
0.11499999999999488 3.9419544201483157
4.249000000000009 4.019042598258414
4.13300000000001 4.1889958867650625
3.763999999999996 4.491377258235919
0.13299999999999557 4.462254160593709
3.8760000000000048 4.433131062951498
0.125 4.430330623670748
3.959000000000003 4.4275301843899975
4.0930000000000035 4.469603713657464
0.2980000000000018 4.507364141417605
4.061999999999998 4.545124569177745
3.659000000000006 4.687505875922383
3.1570000000000107 4.864823566677225
3.6429999999999723 4.715821026626407
3.6430000000000007 4.685962119132583
3.694999999999993 4.646538565629228
0.10500000000001819 4.386372022540642
4.087999999999994 4.1262054794520555
0.11599999999998545 4.042329013791712
4.4150000000000205 3.9584525481313695
3.955999999999989 4.291057633973711
0.23699999999999477 4.497518218152727
3.774000000000001 4.7039788023317435
3.694999999999993 4.600703653585927
0.10900000000000887 4.522415130452707
4.044000000000011 4.444126607319487
3.723000000000013 4.214106903035186
3.990000000000009 4.320826065162907
0.11199999999999477 4.322793123079191
2.6520000000000152 4.324760180995475
