1.775 0.8193847887323942
0.135 0.822645280895726
1.507 0.8259057730590578
1.3610000000000002 0.8220837619397502
0.13400000000000034 0.8233283531184162
1.508 0.8245729442970823
1.5290000000000008 0.8551576193590582
1.0549999999999997 0.9576417061611373
0.15700000000000003 0.9002504063451735
1.455 0.8428591065292096
0.15399999999999991 0.9427915091381884
3.354000000000001 1.0427239117471674
0.13100000000000023 1.062070784531057
6.309000000000001 1.0814176573149468
5.344000000000001 1.3680958083832335
4.308 1.7452534818941503
0.11899999999999977 1.5718858872885384
5.2479999999999976 1.3985182926829265
5.229999999999997 1.4483380497131935
4.458999999999996 1.859527248261942
0.13799999999999812 1.5066504066480855
5.697000000000003 1.1537735650342287
0.11500000000000199 0.9840179842811716
9.07 0.8142624035281146
0.11499999999999488 1.682766757319613
0.45000000000000284 2.5512711111111113
0.472999999999999 2.547416490486258
0.14699999999999847 1.8499591163232685
1.1480000000000032 1.1525017421602788
2.4819999999999993 1.1304206285253826
0.11899999999999977 1.1516625145661816
2.6359999999999957 1.1729044006069804
2.2180000000000035 1.4423588818755635
8.679000000000002 0.8922926604447518
0.12699999999999534 1.1008364631562833
5.341000000000008 1.3093802658678149
6.766999999999996 1.0615942071819122
0.1490000000000009 1.023793100388394
1.2489999999999952 0.9859919935948759
0.15000000000000568 0.9826352969320273
1.4860000000000042 0.9792786002691789
0.11499999999999488 0.9847617945666607
0.8979999999999961 0.9902449888641426
0.1150000000000091 0.8122678409667248
5.049999999999997 0.6342906930693069
0.13100000000000023 0.8430915054315674
3.0459999999999923 1.051892317793828
0.14400000000000546 1.3141045747384983
1.8179999999999978 1.5763168316831686
3.757000000000005 0.8524290657439445
6.012999999999991 1.177531348744387
6.263000000000005 1.322470381606259
0.1799999999999926 1.1452809509163504
8.479 0.9680915202264418
0.09399999999999409 1.0229303430955292
1.1870000000000118 1.0777691659646167
0.2909999999999968 1.013480296212168
2.7060000000000173 0.9491914264597192
0.1349999999999909 0.8576094844163002
3.7760000000000105 0.7660275423728813
0.09499999999999886 1.0748794786204934
0.8339999999999748 1.3837314148681055
2.2830000000000155 1.369005694261936
0.13100000000000023 1.4011956410627
3.1639999999999873 1.433385587863464
0.117999999999995 1.4036934641730188
5.968000000000018 1.3740013404825735
0.13599999999999568 1.1759689461033558
7.25 0.977936551724138
6.068000000000012 1.284076466710613
0.13599999999999568 1.2255453827316374
6.574000000000012 1.167014298752662
0.16899999999998272 0.9471335494503845
10.802999999999997 0.727252800148107
0.6270000000000095 1.7544752791068579
0.554000000000002 1.7100505415162455
1.225999999999999 1.6701729200652526
