2.487 0.5848041817450744
0.12300000000000022 0.5880410457418959
2.1049999999999995 0.5912779097387173
0.18700000000000028 0.5905403781693059
1.8970000000000002 0.5898028465998947
0.10199999999999942 0.5902591430149118
2.1050000000000004 0.5907154394299288
0.10200000000000031 0.5715588181518043
2.366999999999999 0.5524021968736798
0.14000000000000057 0.4761836795928177
2.526 0.3999651623119557
0.24799999999999933 0.3836243900808057
3.3390000000000004 0.36728361784965563
0.23600000000000065 0.39404907064948735
3.3049999999999997 0.42081452344931913
0.1509999999999998 0.4495345921490943
2.521000000000001 0.4782546608488695
0.2010000000000005 0.47896353732098645
2.3200000000000003 0.47967241379310344
0.1839999999999975 0.46897998718734335
2.4760000000000026 0.4582875605815832
0.37299999999999756 0.5351663182623742
2.0410000000000004 0.6120450759431652
0.17800000000000082 0.5774383252235877
2.368999999999996 0.5428315745040102
0.16600000000000392 0.4704805140248313
8.729 0.39812945354565243
0.18599999999999994 0.4449839541652758
2.2779999999999987 0.4918384547848991
0.16600000000000392 0.5539659979937859
1.7959999999999994 0.6160935412026727
0.10099999999999909 0.5187202489256686
6.850999999999999 0.4213469566486645
0.20900000000000318 0.42723135035883986
2.7819999999999965 0.43311574406901515
0.22100000000000364 0.46723464353886524
2.638999999999996 0.5013535430087154
0.11299999999999955 0.46374663784700654
6.583999999999996 0.4261397326852977
0.2950000000000017 0.39280312368092185
3.5090000000000003 0.359466514676546
0.20199999999999818 0.36749617150974245
4.132000000000005 0.39445885769603095
0.22400000000000375 0.35460075669760416
3.4039999999999964 0.3852573443008226
0.1490000000000009 0.4495656763501314
2.1430000000000007 0.5138740083994402
0.1490000000000009 0.4563016351372634
7.221000000000004 0.3987292618750866
0.25199999999999534 0.3633465217497936
3.7549999999999955 0.3720362183754994
0.2980000000000018 0.35667278012686726
4.057000000000002 0.3586906581217648
0.1490000000000009 0.37461102954397424
2.277000000000001 0.39053140096618366
0.2530000000000001 0.40368496778295615
2.9479999999999933 0.41683853459972864
0.362000000000009 0.45094001587594246
2.4579999999999984 0.4850414971521562
0.19299999999999784 0.5103472906321529
5.349999999999994 0.5356530841121495
0.12600000000000477 0.5554758571245679
2.1899999999999977 0.5752986301369862
0.27299999999999613 0.5929188156875604
4.846000000000004 0.6105390012381345
0.18099999999999739 0.6521002698498366
1.8850000000000051 0.6936615384615386
0.1110000000000042 0.6412072829922371
5.449999999999989 0.5887530275229357
0.16200000000000614 0.682517290460497
1.6479999999999961 0.7762815533980584
0.12400000000000944 0.8125479148351825
3.0259999999999962 0.8488142762723067
0.09899999999998954 0.662657423705388
15.75800000000001 0.4765005711384694
0.3640000000000043 0.3774244293222496
4.145999999999987 0.42165171249397004
0.17500000000001137 0.3505034850703802
2.8389999999999986 0.42265868263473055
0.16100000000000136 0.43914766310335446
2.5979999999999848 0.45563664357197836
0.1880000000000166 0.45363904030709135
2.8669999999999902 0.4516414370422044
0.13500000000001933 0.4443459254436003
2.657999999999987 0.43705041384499616
0.14099999999999113 0.41744237863966976
3.4650000000000034 0.3978343434343434
0.15500000000000114 0.37729517551732816
8.947000000000003 0.35675600760031295
0.19900000000001228 0.35893525140308935
3.5459999999999923 0.3611144952058658
0.1939999999999884 0.39574817092061676
2.5560000000000116 0.43038184663536777
0.3050000000000068 0.43089401985684594
2.195999999999998 0.4314061930783242
0.16799999999997794 0.40696374389861695
2.348000000000013 0.3825212947189097
