1.095 1.3282264840182647
0.10899999999999999 1.3339948351200044
0.9289999999999998 1.3397631862217438
0.835 1.3399473053892217
0.9279999999999999 1.3399310344827584
0.9829999999999997 1.330148524923703
0.12700000000000067 1.3026055000265153
5.026 1.2750624751293276
6.258999999999999 1.1573925547212016
0.12199999999999989 1.3928897514488927
5.210000000000001 1.6283869481765836
4.450000000000003 1.5331829213483146
6.472999999999999 1.129476904063031
0.09000000000000341 1.3775751282492805
0.6980000000000004 1.62567335243553
0.29299999999999926 1.5572848287803396
0.8389999999999986 1.488896305125149
0.8149999999999977 1.5778748466257666
0.09000000000000341 1.5941440961581104
2.1580000000000013 1.6104133456904541
0.13400000000000034 1.6537798719157148
3.8729999999999976 1.6971463981409758
0.12299999999999756 1.6124705925334584
4.834000000000003 1.5277947869259412
7.887999999999998 0.9804249492900606
0.1700000000000017 0.7443628333250878
13.939999999999998 0.5083007173601148
0.10899999999999466 0.7919845050215208
1.230000000000004 1.0756682926829269
0.9299999999999926 1.2118795698924731
0.25199999999999534 1.242994330400782
0.9900000000000091 1.2741090909090909
0.125 1.3172786833855799
0.9279999999999973 1.3604482758620688
2.709000000000003 1.1867198228128462
0.09900000000000375 1.1328655999117192
2.5489999999999924 1.0790113770105922
0.1629999999999967 1.0784843481833193
2.6710000000000065 1.0779573193560463
0.12199999999999989 1.0051744656731345
7.772999999999996 0.9323916119902226
0.13500000000000512 0.8950342843858702
10.042000000000002 0.8576769567815178
0.17199999999999704 0.8078836616814664
1.1730000000000018 0.7580903665814152
0.1280000000000001 0.764987394345984
1.5919999999999987 0.7718844221105529
0.26600000000000534 0.8351630098495493
1.3269999999999982 0.8984415975885457
0.09399999999999409 0.896122147268368
1.409000000000006 0.8938026969481903
0.1039999999999992 0.8885141449440345
3.6259999999999906 0.8832255929398787
0.16200000000000614 0.7210766423808961
12.667999999999992 0.5589276918219135
0.11899999999999977 0.8035349344542762
3.1510000000000105 1.0481421770866388
0.15399999999999636 0.9761285695238773
3.5490000000000066 0.9041149619611157
0.17300000000000182 0.790327325094516
11.161999999999978 0.6765396882279161
0.160000000000025 0.5509728744169884
2.4749999999999943 0.4254060606060606
0.17199999999999704 0.42414548554599707
2.3460000000000036 0.4228849104859335
0.25199999999998113 0.6407698361953477
1.3440000000000225 0.8586547619047619
1.217000000000013 0.9859720624486442
1.125 1.0522168888888892
0.8530000000000086 1.5180023446658855
2.0079999999999814 1.4824422310756973
0.4300000000000068 0.8847636526588095
27.14099999999999 0.41291492575807814
0.15900000000002024 0.5231448098482336
1.759999999999991 0.7592045454545455
0.14300000000000068 0.7593507899277472
1.686000000000007 0.759497034400949
0.11499999999998067 0.7513890577410149
1.4800000000000182 0.743281081081081
0.26599999999999113 1.00745799020497
0.7450000000000045 1.2716348993288589
0.710000000000008 1.2650140845070426
