0.361 4.028831024930748
0.311 4.002057877813505
0.09100000000000008 4.013359874158551
0.278 4.024661870503596
0.11999999999999988 3.9908820348636995
0.7730000000000001 3.957102199223803
0.1280000000000001 3.950359210393306
2.022 3.9436162215628086
1.625 3.9436701538461545
4.504999999999999 3.831360710321865
0.09600000000000009 3.665573000815183
5.235000000000001 3.4997852913085
5.069000000000001 3.243983428684159
0.12899999999999778 3.364671770578272
4.978999999999999 3.4853601124723843
0.12199999999999989 3.4714706706724616
5.029 3.4575812288725394
4.898000000000003 3.433976316864026
0.10600000000000165 3.4380876443709303
3.306999999999995 3.442198971877835
0.09199999999999875 3.438504622641486
2.4140000000000015 3.434810273405137
1.902000000000001 3.455861198738171
0.09899999999999665 3.4591448515959957
2.1330000000000027 3.462428504453821
2.2319999999999993 3.4648709677419363
2.0619999999999976 3.4363297769156156
2.311 3.4191536131544784
2.166000000000004 3.411837488457987
2.067999999999998 3.4491450676982596
5.055 3.444461325420376
5.202999999999996 3.415730924466654
0.09700000000000841 3.4187463996679366
4.778999999999996 3.4217618748692193
0.12099999999999511 3.420646379185978
5.116 3.4195308835027363
4.920999999999992 3.422444218654745
5.6059999999999945 3.4186057795219407
0.09700000000000841 3.4215216872430627
4.606999999999999 3.424437594964185
0.09000000000000341 3.36663770854584
5.160999999999987 3.308837822127495
0.23100000000000875 3.26344493336858
5.3799999999999955 3.218052044609665
0.13299999999999557 3.3111548986640753
4.966000000000008 3.4042577527184856
0.1319999999999908 3.4098227741926754
5.031000000000006 3.4153877956668652
5.181999999999988 3.3825920494017754
0.11800000000000921 3.388020936591075
5.390999999999991 3.3934498237803745
0.1150000000000091 3.4039728320232987
2.4039999999999964 3.4144958402662233
2.214000000000013 3.4108112014453478
1.7199999999999989 3.390520930232558
2.218999999999994 3.3838197386210003
2.1500000000000057 3.3810790697674418
2.2009999999999934 3.3823789186733304
0.10099999999999909 3.3902493306874817
2.021000000000015 3.398119742701633
2.3980000000000246 3.4195329441201
0.10299999999998022 3.4185870881260865
4.967000000000013 3.4176412321320724
0.132000000000005 3.4250634621603906
5.171999999999997 3.4324856921887084
0.12999999999999545 3.433374159225667
4.949999999999989 3.434262626262626
5.234999999999985 3.4330559694364853
4.648000000000025 3.3754561101549045
5.168999999999983 3.3352865157670726
0.13100000000000023 3.3683051795917214
3.372000000000014 3.4013238434163697
