1.146 1.2691169284467714
0.9719999999999998 1.2804938271604938
0.1280000000000001 1.28179278513988
0.8719999999999999 1.283091743119266
0.1280000000000001 1.2811837316419377
0.9720000000000004 1.279275720164609
0.125 1.2743640736745374
1.0299999999999994 1.2694524271844658
2.0300000000000002 1.255424630541872
5.927999999999999 1.222017543859649
6.605 1.2844657077971233
0.09600000000000009 1.2575524787181864
5.5440000000000005 1.2306392496392495
5.872 1.2450790190735694
0.12599999999999767 1.2728207757537022
5.781000000000002 1.300562532433835
0.11599999999999966 1.2662114441289685
5.957999999999998 1.2318603558241021
0.1670000000000016 1.1983432213903118
1.1039999999999992 1.1648260869565215
1.0940000000000012 1.3148153564899452
0.10099999999999909 1.3219438585533951
0.8430000000000035 1.3290723606168449
0.8430000000000035 1.3125788849347568
2.2269999999999968 1.296204759766502
5.778999999999996 1.2261138605295034
0.11900000000000688 1.213578590091473
6.5789999999999935 1.2010433196534427
0.12000000000000455 1.2367165634079886
5.807999999999993 1.2723898071625344
0.09199999999999875 1.268314010281019
5.64200000000001 1.2642382133995038
6.379000000000005 1.1979695877096725
0.12099999999999511 1.1989006218511769
1.0930000000000035 1.199831655992681
0.12099999999999511 1.205654001813722
0.909000000000006 1.2114763476347634
0.9810000000000088 1.1967706422018347
0.1110000000000042 1.1991764603414237
2.5279999999999916 1.2015822784810128
2.6629999999999967 1.2791017649267744
0.14000000000000057 1.2792446179622272
4.741 1.27938747099768
5.878 1.3239850289214021
0.125 1.3208790775937194
5.924000000000007 1.3177731262660366
5.313000000000002 1.3151575381140599
5.672999999999988 1.3459587519830776
0.13100000000000023 1.3132846753223402
5.529000000000011 1.2806105986616025
6.581999999999994 1.2583761774536615
0.11199999999999477 1.3110206429129763
2.3530000000000086 1.3636651083722908
2.132000000000005 1.3702101313320825
0.7549999999999955 1.3945430463576156
2.1670000000000016 1.3348038763267187
0.13900000000001 1.3086341415531897
2.359999999999985 1.282464406779661
0.14300000000000068 1.2832700012534295
2.4339999999999975 1.284075595727198
5.302999999999997 1.2950405430888174
0.09000000000000341 1.2988340126087454
6.295000000000016 1.3026274821286736
0.10699999999999932 1.3073130008718867
5.403999999999996 1.3119985196150998
0.09899999999998954 1.2766600850425345
6.277000000000015 1.2413216504699693
0.12299999999999045 1.2541828731292868
6.055000000000007 1.2670440957886044
0.14599999999998658 1.2834651319446
6.044000000000011 1.2998861681005955
0.8060000000000116 1.364833746898263
0.09799999999998477 1.3639765856793473
0.6949999999999932 1.3631194244604314
0.10699999999999932 1.367178032840903
0.6550000000000011 1.3712366412213741
