2.906 0.5004845147969719
0.21799999999999997 0.5025000603980806
2.467 0.5045156059991893
0.12099999999999955 0.5041389376236378
2.221000000000001 0.5037622692480864
0.19299999999999962 0.5076310317857051
2.430999999999999 0.5114997943233237
0.15300000000000047 0.5529171698889346
2.1999999999999993 0.5943345454545454
0.17800000000000082 0.5974978315857744
1.6820000000000004 0.6006611177170035
0.11999999999999922 0.7988508840617538
1.2299999999999986 0.997040650406504
0.142000000000003 1.0638829268292682
1.2300000000000004 1.1307252032520325
1.0839999999999996 1.1122509225092254
0.13200000000000145 1.2146648235316801
5.550999999999998 1.3170787245541347
0.11200000000000188 1.8109844879668282
3.2620000000000005 2.304890251379522
3.847999999999999 1.9073347193347192
4.959999999999997 1.5271790322580645
0.13800000000000523 1.2221974807308023
9.04 0.91721592920354
0.10099999999999909 0.7704223858541419
10.54 0.6236288425047437
0.15800000000000125 0.6936308463731446
1.448999999999998 0.7636328502415457
0.14399999999999835 0.7637432381613584
1.5030000000000001 0.763853626081171
0.09700000000000131 0.8856592545121573
1.195999999999998 1.0074648829431436
1.149000000000001 1.1514986945169712
0.16400000000000148 1.1389175527984294
2.4909999999999997 1.1263364110798875
0.1110000000000042 1.0755036674386238
4.697999999999993 1.0246709237973604
0.1039999999999992 0.9729101811615654
3.472999999999999 0.9211494385257704
0.1110000000000042 1.053715678672479
2.7099999999999937 1.186281918819188
0.09000000000000341 1.4063270059212218
4.299999999999997 1.6263720930232555
2.4480000000000075 2.9345620915032677
5.698999999999998 1.2717108264607826
0.12199999999999989 1.2508791207425307
7.0020000000000095 1.2300474150242788
5.367999999999995 1.129950819672131
0.16600000000001103 1.0052053000951446
8.838999999999999 0.8804597805181581
0.125 1.4990504941667169
0.5629999999999882 2.1176412078152755
1.3790000000000049 2.078131979695432
0.12299999999999045 2.050618737794652
1.5829999999999984 2.0231054958938723
0.11899999999999977 2.4152989810952312
2.5220000000000056 2.80749246629659
1.9869999999999948 2.6980533467539005
0.125 1.7497124099775556
10.242999999999995 0.8013714732012106
0.10099999999999909 0.9008537058680579
7.549000000000007 1.0003359385349053
0.09999999999999432 2.0771544484453868
1.849000000000018 3.153972958355868
1.5319999999999823 4.901237597911228
1.6520000000000152 4.400314769975786
6.319999999999993 1.177945569620253
0.28999999999999204 1.4395549002423782
4.037000000000006 1.7011642308645034
4.525000000000006 1.812163535911602
4.664999999999992 1.5198370846730975
0.14300000000000068 1.3746058253911402
6.337999999999994 1.2293745661091828
6.596000000000004 1.1631218920557915
0.09699999999997999 1.2463134831083016
3.8430000000000177 1.3295050741608119
1.2139999999999986 0.9061416803953873
0.10900000000000887 0.9020604136574093
1.0549999999999784 0.8979791469194313
0.13700000000000045 0.8939335108782294
2.301000000000016 0.8898878748370275
