0.634 2.2940189274447946
0.537 2.3177653631284922
0.488 2.292737704918033
0.1120000000000001 2.3019971052471204
0.538 2.311256505576208
0.5699999999999998 2.293922807017544
0.1280000000000001 2.273625257235917
2.844 2.25332770745429
2.6690000000000005 2.7141701011614843
0.125 3.5641339579688784
1.9219999999999988 4.414097814776273
3.430999999999999 4.792699504517635
4.177999999999999 4.153568214456678
0.12300000000000111 4.493150977711941
3.597999999999999 4.832733740967203
0.10200000000000031 4.810277488189266
3.5130000000000017 4.787821235411329
3.686 4.795361909929463
0.11499999999999844 4.4448028622971645
4.4460000000000015 4.094243814664867
4.898000000000003 3.2754577378521845
0.10199999999999676 3.6048140871120644
4.3770000000000024 3.9341704363719443
0.3129999999999953 3.9568214771475185
4.6030000000000015 3.979472517923093
0.10800000000000409 4.017313910942841
4.062999999999995 4.055155303962589
4.039999999999999 4.3974772277227725
3.6910000000000025 4.674568409645081
0.10799999999999699 3.8459920450592273
5.408000000000001 3.017415680473373
0.09799999999999898 2.6721283934907287
7.483000000000004 2.326841106508085
0.11899999999999977 2.5781461652379667
2.7369999999999948 2.829451223967848
1.9749999999999943 3.5409620253164564
0.12399999999999523 3.580916496529196
1.9840000000000089 3.620870967741936
0.11499999999999488 4.174258053994908
1.5330000000000013 4.72764514024788
4.228999999999999 4.531734216126743
6.346000000000004 2.486035928143713
8.438000000000002 2.0238103816070163
3.6230000000000047 2.1547027325420918
0.25799999999999557 2.153997283066115
3.2450000000000045 2.1532918335901385
3.543999999999997 2.15452144469526
3.290999999999997 2.151472500759648
0.10500000000000398 2.33679471566606
3.284000000000006 2.5221169305724724
0.11099999999999 3.279860236068332
2.0330000000000013 4.0376035415641915
0.9660000000000082 4.9584016563147
1.183000000000007 4.929582417582417
0.11999999999999034 3.2491107851242984
10.951999999999998 1.5686391526661796
0.11899999999999977 2.2874874836945454
2.4180000000000064 3.0063358147229113
0.3019999999999925 3.547268950744212
1.820999999999998 4.088202086765513
1.4190000000000111 4.8397463002114165
4.146999999999991 4.214267663371111
3.592000000000013 4.725897550111358
0.10800000000000409 4.782247766606511
3.6689999999999827 4.838597983101663
0.12899999999999068 4.696234432215176
3.733000000000004 4.553870881328689
0.2600000000000193 4.670655206247723
3.7539999999999907 4.787439531166756
3.343999999999994 4.691722488038278
4.623000000000019 3.729200951762925
4.158999999999992 2.757697523443135
