1.631 0.8917277743715512
1.387 0.8973612112472963
0.12299999999999978 0.8972996914295823
1.2470000000000003 0.8972381716118685
0.14900000000000002 0.8971962863831349
1.3860000000000001 0.8971544011544013
0.10899999999999999 0.8945308158568732
1.4659999999999993 0.8919072305593453
0.13600000000000012 0.8953806615430178
1.1239999999999997 0.8988540925266904
1.3719999999999999 0.8938483965014579
0.13599999999999923 1.0240357494058445
3.030000000000001 1.1542231023102312
0.14899999999999913 1.1967903885756423
5.504999999999999 1.2393576748410535
5.122 1.4273924248340493
3.5059999999999967 2.14448146035368
0.10700000000000287 1.9385561220559713
4.235999999999997 1.7326307837582626
4.061999999999998 1.864797636632201
6.963000000000001 1.1908131552491745
5.3189999999999955 1.235767625493514
6.402000000000001 1.1536019993751954
0.11399999999999721 1.0980447700017906
2.7690000000000055 1.0424875406283856
0.12699999999999534 0.9325342277091312
8.613999999999997 0.8225809147898768
0.1110000000000042 0.7906115583123696
1.7439999999999998 0.7586422018348624
0.14400000000000546 0.7582881486645731
1.4869999999999948 0.7579340954942837
0.11299999999999955 0.7598148738340984
1.656000000000006 0.761695652173913
0.14799999999999613 0.7918165760869564
1.5360000000000014 0.8219375
0.1629999999999967 0.8153491273584905
3.9749999999999943 0.8087607547169812
0.12100000000000932 0.7888443685624489
9.094999999999999 0.7689279824079166
0.11400000000000432 0.7513489912039584
1.5999999999999943 0.73377
0.09900000000000375 0.7358196914319952
1.668999999999997 0.7378693828639904
0.2980000000000018 0.7354858249332547
1.9849999999999994 0.7331022670025189
0.15099999999999625 0.7707511335012595
1.1000000000000085 0.8084
1.0010000000000048 1.2276123876123874
0.09999999999999432 1.2041334775327515
6.612000000000009 1.1806545674531155
0.09499999999999886 1.1082217397004683
6.745999999999995 1.0357889119478212
0.1490000000000009 1.0117260430907131
7.731000000000009 0.987663174233605
10.233999999999995 0.6918600742622631
0.09099999999999397 0.6752882235291164
1.9850000000000136 0.6587163727959697
0.12899999999999068 0.659916711743607
2.170000000000016 0.6611170506912443
0.2949999999999875 0.6772555443158117
1.8449999999999989 0.6933940379403792
0.17500000000001137 0.6988307982344037
1.4949999999999761 0.7042675585284282
0.10500000000001819 0.6970562691282731
4.192999999999984 0.6898449797281182
0.10500000000001819 0.6899539536123491
4.385999999999996 0.6900629274965802
0.11400000000000432 0.8962554496389428
2.8349999999999795 1.1024479717813054
0.15400000000002478 1.0998850069407373
4.132999999999981 1.0973220421001693
0.15200000000001523 1.522306235963407
4.210999999999984 1.9472904298266447
4.444999999999993 1.5950596175478062
5.212999999999994 1.4946817571455975
5.067000000000007 1.5141014406946909
0.12399999999999523 1.7558445164317595
3.9329999999999927 1.9975875921688282
3.1850000000000023 2.0866059654631086
0.10900000000000887 2.119083090770957
3.1469999999999914 2.1515602160788054
2.670000000000016 1.794307116104869
