1.167 1.246279348757498
0.133 1.2504783840561684
0.992 1.2546774193548387
0.10599999999999987 1.253797836217173
0.8930000000000002 1.2529182530795073
0.10599999999999987 1.2532010620236247
0.9920000000000004 1.253483870967742
0.11699999999999999 1.2499716780958825
1.0489999999999995 1.246459485224023
0.15600000000000058 1.3526246891178162
4.392999999999999 1.4587898930116097
3.26 2.222122699386503
4.066000000000001 2.0865459911460893
10.786000000000001 0.6325481179306507
0.2129999999999974 0.5572528376573997
2.309000000000001 0.4819575573841489
0.15899999999999892 0.5064724614248775
2.1370000000000005 0.530987365465606
0.34600000000000364 0.4676924525612264
3.0889999999999986 0.4043975396568468
0.14799999999999613 0.38190363288040774
3.578000000000003 0.35940972610396865
0.30400000000000205 0.4093382712718865
7.567 0.4592668164398044
0.16599999999999682 0.45114546832270963
2.5290000000000035 0.4430241202056148
0.16599999999999682 0.4313156247596144
2.6370000000000005 0.419607129313614
0.1739999999999995 0.4193057544378289
2.740000000000002 0.41900437956204384
0.14399999999999835 0.40328282664174886
3.1090000000000018 0.3875612737214538
0.2629999999999981 0.3669486262971678
4.749999999999993 0.42145852631578945
0.21100000000001273 0.3899126520636237
3.2989999999999924 0.358366777811458
0.3170000000000073 0.5598875549560847
1.6209999999999951 0.7781418877236272
1.2849999999999966 0.9824871595330741
0.11200000000000898 0.7458874632616828
2.575000000000003 0.5092877669902913
0.20199999999999818 0.4643224821242393
2.6259999999999906 0.4193571972581874
0.17600000000000193 0.41322090098693004
2.8840000000000003 0.4070846047156727
0.2079999999999984 0.40669373752774723
3.031000000000006 0.40630287033982176
0.17799999999999727 0.4309331658105422
7.477000000000004 0.45556346128126257
0.2560000000000002 0.4014614181406313
2.5600000000000023 0.35264062499999993
0.242999999999995 0.3815348972428958
2.956000000000003 0.4157104194857916
0.32399999999999807 0.46748761392408045
2.2959999999999923 0.5192648083623693
0.17300000000000182 0.4841149359060789
6.38300000000001 0.4489650634497885
0.2639999999999958 0.42800159629022216
7.867999999999995 0.40703812913065585
0.1740000000000066 0.4688597745699383
2.168999999999997 0.5306814200092208
0.12999999999999545 0.4789968104056972
7.728999999999999 0.4273122008021736
0.2259999999999991 0.44029496296032844
3.1650000000000063 0.45327772511848335
0.18199999999998795 0.4718117257252057
2.609000000000009 0.490345726331928
0.19200000000000728 0.474159379042432
2.2990000000000066 0.457973031752936
0.23599999999999 0.4404289711194348
2.3460000000000036 0.4228849104859335
0.13399999999998613 0.446063850591804
6.450000000000017 0.46924279069767444
0.13399999999998613 0.50378424864628
2.2290000000000134 0.5383257065948857
0.15799999999998704 0.43083234250804103
3.6610000000000014 0.3766610215788036
0.2330000000000041 0.40915725679469606
2.616000000000014 0.49497553516819576
0.2039999999999793 0.43534029022316645
3.092000000000013 0.3757050452781371
0.25 0.38671230336613144
3.466000000000008 0.3977195614541258
0.22399999999998954 0.4114616761989911
18.043000000000006 0.42520379094385635
0.16399999999998727 0.3935162780658813
3.5390000000000157 0.3618287651879062
0.1670000000000016 0.36548753695636915
2.9799999999999898 0.3691463087248322
0.34899999999998954 0.37091619134117293
2.5420000000000016 0.3726860739575137
0.2330000000000041 0.3601253390896192
2.9250000000000114 0.39293675213675217
