1.242 1.1710209339774558
1.0519999999999998 1.1831178707224335
0.14500000000000002 1.1810510323053685
0.9490000000000003 1.1789841938883034
0.1459999999999999 1.179366859752501
1.0539999999999998 1.1797495256166985
0.15500000000000025 0.9813715523446157
4.205 0.7829935790725329
0.11100000000000065 0.7284232834548281
3.782 0.6738529878371232
0.13099999999999845 0.6570735660928694
4.406000000000002 0.6402941443486155
0.09199999999999875 0.6350485668618641
5.553000000000001 0.6298029893751126
0.15399999999999991 0.6250043753459925
1.943999999999999 0.6202057613168724
0.15700000000000003 0.6212997486673848
1.7880000000000003 0.6223937360178972
0.13599999999999923 0.6217387399301308
1.8270000000000017 0.6210837438423646
0.3119999999999976 0.6415392222126501
1.8870000000000005 0.6619947005829357
0.31400000000000006 0.6617065306894991
4.672999999999998 0.6614183607960624
0.16900000000000404 0.6261752575957867
5.881 0.5909321543955111
0.11399999999999721 0.606047970770665
4.341000000000001 0.6211637871458189
0.17199999999999704 0.5884904498240953
5.271000000000001 0.5558171125023715
0.1290000000000049 0.5809898656492851
1.8939999999999984 0.6061626187961987
0.1909999999999954 0.6238821613682803
1.8780000000000001 0.6416017039403621
0.11400000000000432 0.6393063888021502
2.076999999999998 0.6370110736639384
0.13300000000000267 0.636829112960855
4.4069999999999965 0.6366471522577717
0.19299999999999784 0.6377219232363238
4.840000000000003 0.6387966942148761
0.3199999999999932 0.6282564278179998
5.179000000000002 0.6177161614211237
0.15500000000000114 0.6532425344920745
1.9040000000000106 0.6887689075630252
1.5390000000000015 0.7155503573749188
0.17099999999999227 0.7131117404308007
1.652000000000001 0.7106731234866827
0.1490000000000009 0.6576454789407935
5.024000000000001 0.6046178343949045
0.19899999999999807 0.558470771161035
10.87400000000001 0.5123237079271656
0.1280000000000001 0.49041896671384627
1.8979999999999961 0.4685142255005269
0.20600000000000307 0.4685896833070903
2.622 0.4686651411136537
0.17300000000000182 0.468654897600852
2.543999999999997 0.4686446540880503
0.32800000000000296 0.4890488642608536
2.471999999999994 0.509453074433657
0.15699999999999648 0.5203241487610315
6.029000000000011 0.531195223088406
0.1559999999999917 0.5226427209680529
2.2390000000000043 0.5140902188476998
0.16499999999999204 0.4999975884587183
6.797000000000011 0.48590495806973677
0.1349999999999909 0.4609350877305206
7.360000000000014 0.4359652173913044
0.13599999999999568 0.44991009237948104
2.7579999999999814 0.4638549673676577
0.1290000000000191 0.46747110784490264
2.234999999999985 0.47108724832214766
0.17900000000000205 0.46864700761972045
2.1280000000000143 0.46620676691729324
0.15399999999999636 0.47164499758222794
6.343999999999994 0.47708322824716265
0.32200000000000273 0.44651606182121245
7.51400000000001 0.41594889539526225
0.117999999999995 0.46665976238294576
2.2879999999999825 0.5173706293706293
0.11800000000002342 0.49292120469978645
2.7639999999999816 0.46847178002894363
0.13599999999999568 0.45609990834907843
2.6180000000000234 0.4437280366692132
0.19199999999997885 0.4412300272461279
3.141999999999996 0.4387320178230426
0.1640000000000157 0.4097621331634449
3.508999999999986 0.38079224850384724
0.2190000000000225 0.37341180915955696
8.607 0.3660313698152667
0.1939999999999884 0.4075169093974293
2.4499999999999886 0.4490024489795919
0.22800000000000864 0.4581884469860959
2.0270000000000152 0.4673744449925999
0.3089999999999975 0.46697553418461163
1.924999999999983 0.46657662337662337
