0.323 4.502811145510837
0.2730000000000001 4.559120879120879
0.246 4.548195121951219
0.687 4.452459970887919
0.1140000000000001 4.4506729155972815
1.1740000000000002 4.448885860306644
0.1259999999999999 4.4480598628389565
1.4409999999999998 4.4472338653712695
3.7760000000000007 4.571048728813559
0.12299999999999933 4.726421779807792
3.753 4.881794830802025
2.4540000000000006 6.70079543602282
2.557999999999998 6.784053166536358
3.4819999999999993 4.993732337736933
0.12199999999999989 4.772862921236531
3.6950000000000003 4.55199350473613
0.10500000000000043 4.554968387231396
3.878 4.557943269726663
0.12299999999999756 4.667817829089054
3.8099999999999987 4.777692388451444
0.2810000000000059 5.57328287544843
2.5189999999999984 6.368873362445416
5.293999999999997 3.2527132602946724
0.11200000000000188 4.132857998510774
3.6539999999999964 5.013002736726875
3.8290000000000006 4.302976234003656
4.189 4.241061828598711
0.132000000000005 3.7681466515033275
5.235999999999997 3.2952314744079447
4.075000000000003 4.0044623312883445
0.12899999999999778 2.9863907858114795
8.846000000000004 1.9683192403346146
6.209000000000003 2.862304396843292
0.27299999999999613 3.483951595860762
3.983000000000004 4.105598794878232
0.12699999999999534 3.789035999265238
5.038000000000011 3.4724732036522434
4.501000000000005 3.7418013774716727
3.4240000000000066 5.597168224299066
4.0 3.9440959999999996
0.10499999999998977 3.762080704402516
4.77000000000001 3.580065408805032
0.13100000000000023 3.9311556329209427
4.042999999999992 4.282245857036854
2.9609999999999985 5.709403579871665
3.5630000000000024 4.822569744597249
0.23099999999999454 4.451866013160091
4.295000000000002 4.081162281722933
0.11400000000000432 4.473952782255454
3.7590000000000003 4.866743282787976
2.933000000000007 6.294679849982953
2.499999999999986 6.8606336
0.09700000000000841 7.382516491199176
1.943000000000012 7.904399382398353
2.373000000000019 7.239669616519174
5.404999999999973 3.1583644773358
0.09900000000001796 3.1583728199776866
5.436000000000007 3.158381162619573
3.9369999999999834 4.284462280924562
0.24600000000000932 4.39262619583184
3.8830000000000098 4.500790110739119
0.12600000000000477 4.855585970041137
3.2579999999999814 5.210381829343155
3.3419999999999845 5.312033512866547
3.473000000000013 4.894788367405702
3.7609999999999957 4.77852911459718
3.8060000000000116 4.1222070415134
0.09799999999998477 3.9212778841576497
4.6340000000000146 3.720348726801899
3.1100000000000136 3.687866237942122
