0.76 1.9136947368421047
0.641 1.9417160686427453
0.5780000000000003 1.9357370242214533
0.121 1.9302957566927699
0.6459999999999999 1.9248544891640866
0.6839999999999997 1.9116023391812866
0.1200000000000001 2.022101335979994
3.005 2.132600332778702
3.208 2.258142144638404
0.09799999999999898 2.1586701014454155
4.120000000000001 2.059198058252427
3.2159999999999993 2.1214751243781094
3.1159999999999997 2.346310654685494
1.9780000000000015 3.801087967644085
0.14099999999999824 2.779938184636804
4.173000000000002 1.7587884016295234
0.12099999999999866 1.7643016774502758
4.280000000000001 1.7698149532710281
0.3059999999999974 1.9342154999207581
3.951000000000004 2.098616046570488
2.634999999999998 2.4945153700189753
3.0829999999999984 2.3955108660395723
0.12100000000000222 2.3117848193637793
3.4709999999999965 2.2280587726879864
0.12700000000000244 2.2267354164947473
3.1839999999999975 2.225412060301508
0.1180000000000021 2.114946517213159
3.942 2.0044809741248097
4.0760000000000005 1.8130618253189403
0.12400000000000233 1.8135543104214236
3.931999999999995 1.8140467955239066
3.6239999999999952 2.1086777041942604
0.26300000000000523 2.2337796075037706
3.2830000000000013 2.358881510813281
0.125 2.3088658200061234
3.0960000000000036 2.2588501291989664
0.10799999999998988 2.21295568300069
3.315000000000012 2.167061236802413
3.182000000000002 2.277649277184161
0.11299999999999955 2.3173676052040126
3.6539999999999964 2.357085933223864
2.466000000000008 2.4596820762368212
3.088000000000008 2.52020207253886
0.11599999999999966 2.5922894019203992
6.498000000000005 2.664376731301939
0.0969999999999942 2.490102338253709
7.299999999999997 2.3158279452054793
0.10000000000000853 2.4245228477317387
6.782999999999987 2.533217750257998
0.11899999999999977 2.5419720881674155
6.872 2.550726426076833
0.12600000000000477 2.4718372483556172
7.644999999999996 2.3929480706344015
5.8629999999999995 2.0367347774177036
0.12899999999999068 1.8069571965618176
4.788000000000011 1.5771796157059315
0.12100000000000932 1.5653207615024063
3.7539999999999907 1.5534619072988811
3.698999999999984 2.0299259259259257
0.09100000000000819 2.2961261635269388
2.836999999999989 2.562326401127952
2.6799999999999784 2.777841791044776
0.11899999999999977 2.6774011957100052
2.6650000000000205 2.576960600375235
3.4420000000000073 2.3823474723997675
2.420000000000016 2.9297685950413226
0.26599999999999113 3.4060342726078563
2.007000000000005 3.8822999501743896
0.10300000000000864 3.6362343763244906
2.262999999999977 3.3901688024745917
2.8859999999999957 2.7222841302841307
0.11400000000000432 2.719990065142065
3.625 2.717696
6.148000000000025 2.804179570592062
3.9410000000000025 2.910242070540472
