0.538 2.703360594795539
0.09499999999999997 3.3621585170947395
4.224 4.02095643939394
3.173 3.279843681058934
0.125 3.903086708411864
2.6869999999999994 4.526329735764794
0.12300000000000111 3.878190223479181
1.616999999999999 3.2300507111935683
2.1189999999999998 4.622029259084473
2.609 4.25727251820621
3.195999999999998 4.102050062578223
0.10000000000000142 5.2692627671381675
1.0599999999999987 6.436475471698112
1.2550000000000026 5.825580876494024
3.998000000000001 4.349218609304652
0.29299999999999926 4.461125889752924
3.678000000000001 4.573033170201196
0.13100000000000023 4.7091733833462115
3.647999999999996 4.845313596491228
3.521000000000001 5.169840386253905
2.988999999999997 5.367411174305788
0.11200000000000188 5.494653024306013
3.0629999999999953 5.6218948743062365
3.418999999999997 5.357564200058497
3.1709999999999994 5.195867549668874
0.12700000000000244 5.231465942044635
3.3729999999999976 5.267064334420397
0.1280000000000001 5.224197632675663
3.3299999999999983 5.181330930930931
0.26200000000000045 5.353649549447856
2.953000000000003 5.525968167964781
3.2790000000000035 5.310079902409271
0.12299999999999045 4.192414345668303
5.780000000000001 3.0747487889273355
0.1290000000000049 3.372271162865822
4.456000000000003 3.669793536804309
3.640999999999991 4.804811864872288
3.3200000000000074 5.0728457831325295
3.7250000000000085 5.144886979865772
2.740000000000009 5.757804379562043
6.295999999999992 2.712343074968234
0.29999999999999716 2.9278055244122214
5.50800000000001 3.1432679738562093
0.09899999999998954 3.9261665774573524
3.5900000000000034 4.709065181058496
0.10599999999999454 4.698709398169084
3.6650000000000063 4.688353615279673
3.9129999999999967 4.479578839764887
3.816999999999993 4.7927922452187595
3.323999999999998 5.554240673886884
2.8290000000000077 6.0627727112053735
2.850999999999999 5.386968782883199
3.0730000000000075 5.590542141230069
0.31799999999998363 5.07748497435835
3.740000000000009 4.564427807486631
3.664999999999992 4.684572987721692
3.522999999999996 4.787944365597502
3.2339999999999804 5.4040098948670385
3.694000000000017 4.595404439631835
0.11099999999999 4.420229240380241
4.182000000000016 4.245054041128647
0.11599999999998545 4.456354587835054
3.641999999999996 4.6676551345414605
3.4669999999999845 5.1837461782520915
0.12999999999999545 4.783703209271337
3.5790000000000077 4.383660240290584
0.3120000000000118 4.00352579059506
4.757999999999981 3.6233913408995373
2.7849999999999966 4.118227648114901
