0.534 2.723610486891386
1.8179999999999998 2.6890517051705167
2.6169999999999995 2.683289262514329
2.59 2.882705791505792
0.1070000000000002 3.3909841915964165
2.045000000000001 3.8992625916870414
1.6679999999999993 3.842004796163069
1.427999999999999 5.072913165266106
1.6110000000000007 5.266229671011794
1.7470000000000017 3.905360045792788
2.099999999999998 3.4814780952380953
0.09600000000000009 3.55769216506709
2.0690000000000026 3.6339062348960853
5.385999999999999 3.1228399554400297
0.11499999999999844 3.055562327677749
5.914999999999999 2.9882846999154684
3.5549999999999997 5.120396061884669
3.0859999999999985 5.198701231367466
0.1180000000000021 4.99099839346151
3.5999999999999943 4.783295555555554
0.09800000000000608 5.319638826371127
3.128 5.8559820971867005
2.407999999999994 6.842232558139536
0.09100000000000108 6.957304177158939
2.5120000000000005 7.072375796178343
0.28000000000000114 7.669832363829469
2.0870000000000033 8.267288931480595
0.12099999999999511 8.81202290610727
1.7439999999999998 9.356756880733945
1.7849999999999966 9.754482913165266
0.11600000000000676 9.344825166989873
1.9889999999999972 8.93516742081448
0.11200000000000188 8.798251083288596
1.8879999999999981 8.661334745762712
0.11200000000000188 9.005792974164091
1.8709999999999951 9.350251202565472
1.7919999999999945 9.39835267857143
0.10999999999999943 9.18319692889732
2.1370000000000005 8.96804117922321
2.2010000000000076 7.16782553384825
0.2920000000000016 7.278614627590502
2.310999999999993 7.389403721332755
0.09799999999999898 7.089431272431083
2.549999999999997 6.789458823529411
3.421999999999997 4.940252483927528
2.3830000000000098 7.210581619806967
0.11399999999999011 7.353920407850446
2.338000000000008 7.497259195893926
2.402000000000001 7.6161898417985014
0.09599999999998943 7.379138634632326
2.585000000000008 7.1420874274661506
0.11599999999999966 4.690891193492804
7.658000000000001 2.239694959519457
12.238 1.2549638829874166
0.2819999999999965 1.5695600287935547
9.11800000000001 1.8841561745996926
10.299999999999983 1.6573747572815536
3.3710000000000093 5.0931355680806885
4.257999999999981 3.961467355565993
0.1360000000000241 4.78956813615651
3.11099999999999 5.617668916747028
2.5609999999999786 6.6284357672784076
4.100999999999999 4.328899292855401
0.10300000000000864 4.743272461961681
3.2959999999999923 5.15764563106796
0.10300000000000864 6.0283521821366675
2.6049999999999898 6.899058733205375
0.2839999999999918 7.311941971230949
2.031000000000006 7.724825209256523
2.3029999999999973 7.485929656969169
0.09600000000000364 6.807973914534825
1.8710000000000093 6.130018172100481
