0.666 2.183795795795796
0.1329999999999999 2.1914031982512547
0.566 2.1990106007067136
1.3080000000000003 2.145639143730887
0.09499999999999975 3.154305671275721
1.1870000000000003 4.1629721988205555
0.09100000000000019 5.569671576225676
1.1429999999999998 6.976370953630796
0.9010000000000007 7.112612652608214
0.09899999999999931 6.615478623601405
1.1840000000000002 6.118344594594595
0.11699999999999999 6.654043483737976
1.1799999999999997 7.189742372881357
0.11899999999999977 7.431490878461211
2.1430000000000007 7.673239384041064
2.2070000000000007 7.862985047575895
0.09299999999999997 6.000035945153639
4.202999999999999 4.1370868427313825
0.0990000000000002 5.296876626739971
2.6050000000000004 6.45666641074856
0.09600000000000009 5.702535892944269
3.571999999999999 4.948405375139978
2.465 7.384587423935091
2.1779999999999973 7.366020202020201
2.4480000000000004 7.03425816993464
0.24599999999999866 7.000870431486909
2.6290000000000013 6.967482693039178
2.977000000000004 5.53446288209607
3.3530000000000015 5.298481359976141
3.0529999999999973 5.651435309531608
2.798000000000002 5.832088634739101
0.10299999999999443 5.701924637369551
3.125 5.57176064
3.4840000000000018 5.101047072330655
0.11599999999999966 4.999250699986831
3.3389999999999986 4.897454327643007
4.369 4.004193179217212
0.22299999999999898 4.079285538794595
4.053999999999995 4.154377898371979
4.0589999999999975 4.721533382606554
3.394999999999996 4.646946686303387
0.10500000000000398 4.344888115878966
4.2239999999999895 4.042829545454546
4.283000000000001 4.042288115806677
0.11499999999999488 3.46754583750635
5.844000000000008 2.8928035592060226
6.359999999999999 2.701700628930817
6.061999999999998 2.891552622896733
6.048000000000002 3.024816137566137
0.2430000000000092 2.931274960882669
6.506 2.837733784199201
0.10699999999999932 2.749891570044657
6.442999999999998 2.662049355890113
6.012999999999991 2.55417395642774
0.09000000000000341 2.4414990698500363
7.376999999999995 2.328824183272333
0.12399999999999523 2.3573512949904645
7.155000000000001 2.3858784067085956
5.951999999999998 2.884569892473118
5.8160000000000025 2.9002627235213208
2.600999999999999 3.1526489811610916
0.09600000000000364 3.163173192460582
2.2339999999999804 3.1736974037600723
2.454999999999984 3.173839511201629
2.4139999999999873 3.1781077050538524
2.7630000000000052 2.8434715888526956
3.0490000000000066 2.179678583142014
3.1129999999999995 2.1750594282043045
2.203000000000003 2.174670903313663
