0.266 5.467699248120301
0.591 5.399187817258883
0.133 4.2246443189459715
3.412 3.05010082063306
2.3840000000000003 3.1317986577181207
0.10799999999999965 4.050008986179932
1.6049999999999995 4.968219314641745
0.10100000000000087 4.355740498442368
1.7119999999999997 3.743261682242991
2.8629999999999995 2.530254977296542
2.667 3.181063367079116
0.120000000000001 3.334566448365734
1.9559999999999995 3.488069529652352
1.934000000000001 3.780301964839711
5.667000000000002 3.068321157578966
0.1339999999999968 3.602994035124046
4.065000000000001 4.137666912669126
0.1269999999999989 4.331468376969484
3.905999999999999 4.525269841269841
0.09500000000000597 4.229252033858775
4.628 3.933234226447709
5.592000000000006 2.868954220314736
0.10299999999999443 3.1516554109152457
5.014000000000003 3.434356601515756
4.963999999999999 3.6900709105560026
0.13000000000000256 3.757302864748753
4.308 3.824534818941504
0.2839999999999989 3.7525209831189805
4.826999999999998 3.680507147296457
4.103999999999999 4.204150097465886
0.09600000000000364 4.0236699615921045
4.245999999999995 3.843189825718323
1.4429999999999978 3.4162494802494807
0.9419999999999931 3.412764331210191
2.0529999999999973 3.4064296151972715
2.274000000000001 3.159106420404573
0.13100000000000023 3.090704169334897
2.397999999999996 3.022301918265221
0.10099999999999909 3.020578228673445
2.8530000000000086 3.018854539081669
1.9279999999999973 3.1460456431535273
5.233000000000004 3.263312058092872
3.637999999999991 4.758966465090709
3.622 4.667461071231364
3.5289999999999964 4.869032587135166
3.3149999999999977 5.287659728506787
3.0960000000000036 5.90894315245478
0.09999999999999432 6.5062791945421266
2.5990000000000038 7.103615236629473
0.1039999999999992 5.2022679724332885
5.195999999999998 3.300920708237105
0.2960000000000065 2.8445396574928337
6.430999999999997 2.388158606748562
7.0789999999999935 2.4268591608984322
0.11800000000002342 2.822986435059814
5.302999999999997 3.219113709221196
0.09299999999998931 3.7375885849031114
4.033999999999992 4.256063460585026
3.299999999999983 5.111493333333333
0.09499999999999886 5.105581507635444
3.427000000000021 5.099669681937555
3.4979999999999905 4.852894225271584
0.10600000000002296 4.985227164523945
3.468999999999994 5.117560103776305
0.12700000000000955 5.06019264753265
3.397999999999996 5.002825191288995
0.2909999999999968 5.060804221961787
3.5109999999999957 5.118783252634578
0.10099999999999909 5.638104342172862
2.548000000000002 6.157425431711146
3.5120000000000005 4.908911161731208
0.09200000000001296 4.5958416899021985
2.6779999999999973 4.282772218073189
