0.9849999999999999 1.476556345177665
0.123 1.4826800864644305
0.8360000000000001 1.4888038277511961
3.128 1.4604884910485934
2.0839999999999996 1.4677735124760074
0.1070000000000002 1.3395212645867978
4.312 1.2112690166975881
0.12299999999999933 1.2087234680706138
3.4510000000000005 1.2061779194436395
0.11800000000000033 1.3491593448479815
3.0119999999999987 1.4921407702523237
0.09600000000000009 1.436604000623476
6.143000000000001 1.3810672309946281
4.952999999999999 1.3774811225519885
0.14099999999999824 1.392513597163482
2.062000000000001 1.4075460717749757
0.137000000000004 1.4063488688064338
2.0109999999999957 1.4051516658378918
0.2749999999999986 1.41552611888463
2.2730000000000032 1.4259005719313682
0.14000000000000057 1.3718584279281059
5.7479999999999976 1.3178162839248435
7.913000000000004 1.0478493618096802
0.09499999999999886 1.2236317279561495
4.696999999999996 1.3994140941026187
3.0859999999999985 1.5239818535320804
0.11700000000000443 1.5505019157770292
0.7280000000000015 1.577021978021978
0.7739999999999938 1.5567545219638246
0.125 1.5450993781841809
2.1159999999999997 1.5334442344045371
4.8289999999999935 1.5303458272934354
4.631 1.5402358022025477
5.425999999999988 1.4083759675635827
6.343999999999994 1.2207137452711223
5.320000000000007 1.314548872180451
2.2210000000000036 1.2963638000900495
5.164999999999992 1.4031907066795741
0.132000000000005 1.4615792890827588
2.2409999999999997 1.5199678714859435
0.5750000000000028 1.5465043478260871
0.12600000000000477 1.4828596174221262
2.256999999999991 1.4192148870181656
0.14500000000001023 1.3301124011874381
4.134999999999991 1.241009915356711
5.423999999999992 1.2882433628318586
5.664999999999992 1.3478594880847306
0.1290000000000049 1.306342748686881
5.597999999999999 1.2648260092890315
0.10600000000000875 1.301446284127553
6.189999999999998 1.3380665589660745
0.10499999999998977 1.3689350530164615
5.864000000000004 1.3998035470668486
0.13900000000001 1.409641326497467
2.0579999999999927 1.4194791059280856
0.13599999999999568 1.4269602614109091
0.7340000000000089 1.4344414168937327
0.6920000000000073 1.4336531791907516
0.2909999999999968 1.4031294596860102
5.295999999999992 1.3726057401812688
0.12700000000000955 1.2913048058242773
2.5829999999999984 1.210003871467286
0.117999999999995 1.2015859925607937
3.801000000000016 1.1931681136543013
0.09999999999999432 1.205618519096907
6.731999999999999 1.2180689245395129
7.0660000000000025 1.0034022077554487
0.14599999999998658 0.9915717506438936
1.4070000000000107 0.9797412935323384
0.2750000000000057 0.980039392180696
1.3629999999999995 0.9803374908290536
0.14999999999997726 0.9830525021504777
1.2990000000000066 0.9857675134719016
0.11299999999999955 0.8958697579532362
3.2860000000000014 0.8059720024345709
0.30100000000001614 0.7624551029373958
9.417999999999978 0.7189382034402209
3.2439999999999998 1.4768187422934647
