0.87 1.671733333333333
0.1319999999999999 1.6711955257270692
0.7450000000000001 1.6706577181208053
2.9050000000000002 1.5726017211703962
1.782 2.772978675645342
0.15700000000000003 3.0903337822671157
2.339999999999999 3.4076888888888894
0.10500000000000043 2.543527882599581
3.8160000000000007 1.6793668763102725
0.09999999999999964 2.807125045976972
1.8409999999999993 3.934883215643672
4.120999999999999 2.058698374181024
0.10500000000000043 1.772073332529223
4.593 1.4854482908774218
2.599 2.813045017314352
0.10999999999999943 2.44356416382959
3.625 2.074083310344828
4.241999999999997 1.7301801037246582
0.24900000000000233 1.9021667221799636
3.652000000000001 2.074153340635269
3.299999999999997 2.512615757575757
0.09799999999999898 2.5145483075780777
2.612000000000002 2.5164808575803983
2.9369999999999976 2.5145931222335722
2.9990000000000023 2.5787235745248416
0.09900000000000375 2.570220789431618
2.7659999999999982 2.5617180043383945
0.14099999999999824 2.079652370547685
4.945999999999998 1.5975867367569754
4.314999999999998 1.7126396292004635
2.8909999999999982 2.4672542372881363
0.2950000000000017 2.987954024061883
2.1779999999999973 3.5086538108356295
0.12400000000000944 4.544027193602253
1.387999999999991 5.579400576368877
0.11400000000000432 4.878154949742548
3.9150000000000063 4.176909323116219
0.09099999999999397 4.1845869404941265
4.173000000000002 4.192264557872035
0.125 3.3990758036149593
6.462999999999994 2.6058870493578836
7.665999999999997 2.4999613879467777
0.1290000000000049 2.9229800577061567
4.714999999999989 3.3459987274655356
5.108999999999995 3.3425155607751025
0.09600000000000364 3.2802838026923835
5.3799999999999955 3.218052044609665
0.12100000000000932 3.8824988571622825
3.7179999999999893 4.5469456697149
0.26500000000000057 4.567573769436889
3.7450000000000045 4.588201869158878
2.959000000000003 5.923822913146333
3.819999999999993 4.78902827225131
3.7970000000000113 4.862337634974981
0.09999999999999432 5.138173867992541
3.167999999999992 5.414010101010101
0.12999999999999545 5.367824177324177
2.886000000000024 5.321638253638254
0.11599999999998545 5.286886995972291
3.271000000000015 5.252135738306329
0.12599999999997635 5.539200974955213
2.930000000000007 5.8262662116040955
3.823999999999984 4.48979079497908
0.27000000000001023 3.3697238850862323
7.4979999999999905 2.249656975193385
0.12399999999999523 2.155165004516867
8.481000000000023 2.060673033840349
0.11899999999999977 2.1964615169201744
3.039999999999992 2.33225
1.447999999999979 5.381060773480662
1.0160000000000196 7.5511338582677165
2.0789999999999793 3.778986050986051
0.13500000000001933 3.1553673112073115
2.625 2.5317485714285715
1.2590000000000146 5.378046068308181
1.8499999999999943 6.199602162162162
