1.2550000000000001 1.1588908366533865
0.15700000000000003 1.1637834464957075
1.0649999999999997 1.1686760563380285
0.13600000000000012 1.1616631055683948
0.9690000000000003 1.1546501547987613
0.1259999999999999 1.1605595989753654
1.0660000000000003 1.1664690431519698
0.13599999999999923 1.158734521575985
1.1360000000000001 1.151
0.8630000000000004 1.1706975666280417
0.14699999999999935 1.1580519907845852
2.463 1.1454064149411287
0.136000000000001 1.1441632640514616
7.423 1.1429201131617945
5.962999999999997 1.14416635921516
0.13400000000000034 1.1437991633423314
6.394000000000002 1.1434319674695028
0.11299999999999955 1.14521346657228
6.555000000000003 1.1469949656750573
0.14399999999999835 1.1514959077863394
6.348999999999997 1.1559968498976214
0.14399999999999835 1.165735170835465
1.0940000000000012 1.175473491773309
0.10600000000000165 1.1729312129330336
1.2289999999999992 1.1703889340927585
0.25 1.1680894086806206
2.3130000000000024 1.1657898832684825
0.11399999999999721 1.1607474071174761
2.5350000000000037 1.1557049309664698
2.511000000000003 1.1496009557945042
0.09299999999999642 1.151250246057994
2.588000000000001 1.1528995363214838
0.11399999999999721 1.1481227532569651
6.911000000000001 1.1433459701924467
0.09000000000000341 1.13735271565348
6.5319999999999965 1.1313594611145132
6.23599999999999 1.1438152661962795
1.132000000000005 1.1152791519434628
1.191999999999993 1.1001812080536912
0.1110000000000042 1.106830745583974
0.9889999999999901 1.1134802831142567
0.10000000000000853 1.1006056496795313
2.6470000000000056 1.0877310162448057
2.7299999999999898 1.1126739926739926
0.24800000000000466 1.1168466930700434
7.683000000000007 1.121019393466094
0.12399999999999523 1.1264339363299867
5.358999999999995 1.1318484791938794
0.14700000000000557 1.1370664676902906
6.813000000000002 1.1422844561867018
6.819000000000003 1.1448141956298574
1.0900000000000034 1.1553834862385322
0.11700000000000443 1.1467540737425723
1.1069999999999993 1.1381246612466125
0.2680000000000007 1.1321898525113916
2.6269999999999953 1.1262550437761705
0.09499999999999886 1.1253842464369446
2.9369999999999976 1.1245134490977187
2.850999999999999 1.1254661522272886
0.14800000000001035 1.1293133709158165
2.5779999999999887 1.1331605896043446
0.12700000000000955 1.1326544551593845
5.1510000000000105 1.1321483207144245
0.14599999999998658 1.1384705622477442
6.5589999999999975 1.1447928037810642
0.14799999999999613 1.1459580241092477
6.3370000000000175 1.147123244437431
0.15399999999999636 1.1510217525320883
6.445999999999998 1.1549202606267455
0.15399999999999636 1.1669740745364803
1.0039999999999907 1.1790278884462153
0.09499999999999886 1.1624590769664702
1.1299999999999955 1.1458902654867253
2.6200000000000045 1.1361618320610687
1.203000000000003 1.1458819617622609
0.09399999999999409 1.1457866377368378
2.7860000000000014 1.1456913137114144
0.11299999999999955 1.1498515322963652
6.807999999999993 1.1540117508813161
0.09299999999998931 1.1491339746142117
5.808000000000021 1.1442561983471073
0.09399999999999409 1.1318966176920722
6.048000000000002 1.119537037037037
0.14699999999999136 1.0952927751695356
4.473000000000013 1.0710485133020342
