1.722 0.8446039488966318
0.17799999999999994 0.8479654491405184
1.4620000000000002 0.8513269493844049
0.129 0.8481921755985469
1.3240000000000003 0.8450574018126888
1.463 0.8499357484620642
0.12900000000000045 0.8453974562246012
1.5549999999999988 0.8408591639871382
0.14400000000000013 0.8452874457446204
1.189 0.8497157275021027
0.11500000000000021 0.8468674989884911
1.4530000000000012 0.8440192704748796
0.14399999999999835 0.8437173368747958
1.649000000000001 0.843415403274712
0.15199999999999925 0.9579120398957655
6.362000000000002 1.0724086765168188
0.1319999999999979 1.221663179435983
5.333000000000002 1.3709176823551472
0.15199999999999747 1.2468799881309787
6.6960000000000015 1.1228422939068101
0.10999999999999943 1.1908743201952574
5.829999999999998 1.258906346483705
6.331000000000003 1.1964631179908387
1.267000000000003 1.135286503551697
0.1280000000000001 1.1398638850751335
0.9789999999999992 1.14444126659857
0.1280000000000001 1.2270512099644615
2.237000000000002 1.309661153330353
0.15500000000000114 1.3246536911524256
3.686 1.3396462289744984
0.10599999999999454 1.373468794725581
5.035000000000004 1.4072913604766637
5.098999999999997 1.5496497352422045
0.09499999999999886 1.5110312832417438
5.018999999999998 1.4724128312412834
5.423999999999992 1.3150501474926255
5.551000000000002 1.3766615024319941
0.14400000000000546 1.3001341956779975
6.3289999999999935 1.2236068889240008
4.287000000000006 1.001477956613016
0.117999999999995 1.0021712318766927
2.870999999999995 1.0028645071403692
0.13000000000000966 0.8831755889700605
1.6129999999999995 0.763486670799752
0.1349999999999909 0.6504301891664934
2.7079999999999984 0.5373737075332349
0.1810000000000116 0.5555384666698433
1.5499999999999972 0.5737032258064517
0.13299999999999557 0.6045001650650663
5.042000000000002 0.635297104323681
0.16899999999999693 0.6428618636730244
1.8329999999999984 0.6504266230223679
0.16900000000001114 0.6487919343272168
1.945999999999998 0.6471572456320657
0.15099999999999625 0.6415755940426859
1.9809999999999945 0.6359939424533063
0.11400000000000432 0.6491385132289547
1.7379999999999995 0.662283084004603
0.15699999999999648 0.6756748196989424
4.793000000000006 0.6890665553932819
0.1039999999999992 0.6894068804481457
4.652000000000001 0.6897472055030095
0.15699999999999648 0.6719215022751082
11.544999999999987 0.6540957990472067
0.16300000000001091 0.6627876954419707
1.568000000000012 0.6714795918367348
0.12699999999998113 0.6504885268828344
1.5760000000000218 0.6294974619289341
0.13599999999999568 0.6232093913802844
4.906000000000006 0.6169213208316348
0.1939999999999884 0.6206167478247664
1.921999999999997 0.624312174817898
0.17500000000001137 0.6130206223698088
7.536999999999978 0.6017290699217196
0.16200000000000614 0.5997694287743409
2.165999999999997 0.5978097876269621
0.1419999999999959 0.595098326649302
5.025000000000006 0.5923868656716418
0.16300000000001091 0.5949571952978928
2.306999999999988 0.5975275249241438
0.34600000000000364 0.6856195818019677
1.7270000000000039 0.7737116386797915
0.10400000000001342 0.7915688408316783
1.5819999999999936 0.809426042983565
0.11899999999999977 0.80302102666834
5.408999999999992 0.796616010353115
0.09000000000000341 0.8382337754846809
2.8559999999999945 0.8798515406162467
0.12600000000000477 0.9101652677561013
5.093999999999994 0.9404789948959559
