0.645 2.254896124031008
0.547 2.275393053016453
0.4930000000000001 2.2694847870182557
0.11299999999999999 2.2519228171760384
1.369 2.2343608473338206
0.12299999999999978 2.2463134115771
0.5790000000000002 2.25826597582038
0.129 2.2420999903415897
2.8789999999999996 2.2259340048628
0.1120000000000001 2.2288203604104515
3.2460000000000004 2.2317067159581025
3.4639999999999986 2.449161662817552
1.2140000000000004 5.619986820428337
1.3779999999999983 5.305590711175617
3.9190000000000005 4.4368910436335804
3.5790000000000006 4.699529477507683
0.11799999999999855 4.742253098255737
3.6940000000000026 4.78497671900379
0.10699999999999932 4.427253394154254
4.4730000000000025 4.069530069304717
0.12999999999999545 3.895060953019706
4.312000000000005 3.7205918367346946
4.728999999999999 3.641333051385071
5.032000000000004 3.640205087440381
3.7989999999999995 4.336956041063439
0.2920000000000016 4.415039477284375
3.9540000000000006 4.493122913505311
2.628 6.565385083713852
2.425999999999995 6.726374278647981
2.6270000000000024 6.627998477350589
2.783999999999999 6.383637931034483
0.11700000000000443 6.087109333789196
2.823999999999998 5.79058073654391
3.070999999999998 5.696619993487463
2.8799999999999955 5.847863888888889
0.12000000000000455 6.68171704248366
2.549999999999997 7.515570196078432
0.242999999999995 7.519440796656289
2.0970000000000084 7.523311397234145
0.1110000000000042 6.573132814191653
3.036999999999992 5.622954231149161
5.131 3.3742194503995324
5.009 3.3750337392693157
5.088999999999999 3.3764621733149935
0.11599999999999966 3.17043910289291
5.912999999999997 2.964416032470827
6.010999999999996 3.0434350357677586
5.971999999999994 3.091476222371065
0.1280000000000001 3.119277927699294
5.450000000000003 3.1470796330275235
0.24200000000000443 3.1526317350825463
4.8629999999999995 3.158183837137569
5.405000000000015 3.178489546716004
0.09699999999997999 3.3726714344528625
4.786000000000001 3.5668533221897207
0.11199999999999477 4.0068092044774035
3.8610000000000184 4.446765086765087
2.419000000000011 6.973099627945432
4.332999999999998 4.033364412647127
4.881999999999977 3.4771454321999182
0.11200000000002319 3.490380097193308
5.066999999999979 3.503614762186698
4.735000000000014 3.5902006335797245
0.2539999999999907 3.2747683556503926
6.0730000000000075 2.959336077721061
6.219999999999999 2.5223665594855307
7.185999999999979 2.3991227386585035
0.11200000000002319 2.642573417522023
1.6599999999999966 2.886024096385542
