0.367 3.9629645776566758
0.8180000000000001 3.900880195599022
1.802 3.896874583795783
0.09299999999999997 3.8806857391028604
1.9320000000000004 3.8644968944099376
2.058 3.8746316812439265
1.5309999999999997 4.185802743305029
1.6440000000000001 4.4063990267639905
1.700000000000001 4.99052705882353
0.10299999999999976 4.924178152750022
3.385 4.8578292466765145
0.11800000000000033 4.708085624126279
3.8069999999999986 4.558342001576044
5.143999999999998 3.3802830482115085
4.504999999999999 3.733544062153163
0.09700000000000131 4.304127795003774
3.6259999999999977 4.8747115278543856
3.888999999999996 4.680639753149911
0.11500000000000199 4.966046881484939
3.0549999999999997 5.251454009819967
3.1509999999999962 5.464888606791495
0.24099999999999966 5.508666188815571
3.2989999999999995 5.552443770839648
0.10900000000000176 5.5518445269292584
2.9680000000000035 5.5512452830188685
3.9909999999999997 4.451467802555751
0.11400000000000432 4.602294782820575
3.6299999999999955 4.7531217630853995
3.3999999999999986 4.7994658823529415
0.09499999999999886 4.8935387274841196
3.4910000000000068 4.987611572615298
0.10999999999999943 4.921681196143714
3.6599999999999966 4.855750819672131
3.4380000000000024 4.756428155904596
3.527000000000001 4.9601134108307345
0.26600000000000534 4.9744062314817175
3.3759999999999906 4.988699052132701
3.7890000000000015 5.057984692531011
0.1150000000000091 5.254697944054033
2.8939999999999912 5.451411195577056
0.10300000000000864 5.452775543492776
3.1310000000000002 5.454139891408496
3.385000000000005 5.114658788774003
0.11499999999999488 5.034695162265079
3.412000000000006 4.954731535756155
3.4919999999999902 4.9206231386025205
0.11299999999999955 4.655226670728759
3.993000000000009 4.389830202854996
0.1039999999999992 4.368642287739285
4.207999999999998 4.347454372623575
0.28300000000000125 4.61647606167564
3.7789999999999964 4.885497750727706
3.1499999999999915 5.444947301587302
2.8500000000000085 5.388858947368423
3.269999999999996 5.253741896024465
3.2489999999999952 5.254219759926131
3.432000000000002 5.002610722610722
3.3940000000000055 4.969925751325869
0.10299999999998022 4.910242920070372
3.6030000000000086 4.850560088814876
0.10200000000000387 4.840679019933903
3.51400000000001 4.830797951052931
0.27599999999998204 4.836677753486095
3.665999999999997 4.8425575559192575
3.4819999999999993 4.882136703044227
0.11599999999998545 4.883586427086126
3.679000000000002 4.885036151128024
0.11899999999999977 5.01113628119597
3.054000000000002 5.137236411263916
3.2959999999999923 5.230611650485437
0.10400000000001342 5.233859249900252
2.1899999999999977 5.237106849315069
