0.568 2.5605774647887323
0.138 2.57409330619894
0.4810000000000001 2.5876091476091476
0.11399999999999988 2.5798459531149183
0.43500000000000005 2.5720827586206894
1.2069999999999999 2.5342502071251043
0.5150000000000001 2.5389048543689317
2.5410000000000004 2.5220243998425813
2.8499999999999996 2.54179649122807
3.2840000000000007 2.583403166869671
0.11500000000000021 2.614949062100468
2.5779999999999994 2.646494957331265
0.11899999999999977 2.6458060893747497
2.7639999999999993 2.645117221418235
3.019000000000002 2.4904113945014905
2.6769999999999996 2.741660067239447
0.12299999999999756 2.759174608399782
2.7280000000000015 2.776689149560117
0.2560000000000002 2.321246464969077
4.443999999999999 1.8658037803780374
0.13100000000000023 1.634101804846582
4.687000000000001 1.402399829315127
2.746000000000002 2.689497450837582
2.8930000000000007 2.6732084341514
0.10600000000000165 2.649745803435967
2.6980000000000004 2.626283172720534
0.09999999999999432 2.602998589298563
3.0630000000000024 2.579714005876592
2.8430000000000035 2.5993809356313755
6.015000000000001 2.712915045719036
6.356999999999999 2.73898883120969
6.411999999999992 2.771685589519651
6.741 2.425841863225041
6.97999999999999 2.506349570200573
0.11599999999999966 2.638195179837129
6.0800000000000125 2.770040789473684
0.12099999999999511 2.734141948621554
3.191999999999993 2.698243107769424
0.10900000000000887 2.69583025725949
2.2519999999999953 2.693417406749556
3.007000000000005 2.588089125374127
0.09299999999998931 2.491358673116512
3.260000000000005 2.394628220858896
2.9180000000000064 2.394596298834818
3.299999999999997 2.313825454545455
0.10500000000000398 2.2754744966250184
3.164999999999992 2.2371235387045814
0.12700000000000955 2.2369295792361683
3.703000000000003 2.2367356197677557
0.28599999999998715 2.279064642463063
3.5360000000000014 2.3213936651583706
3.2519999999999953 2.322120541205412
2.512999999999991 2.320611221647433
0.09199999999999875 2.526019688670206
2.7490000000000094 2.731428155692979
2.605000000000018 2.7905259117082535
0.09600000000000364 2.720871217962389
2.8079999999999927 2.651216524216524
0.09800000000001319 2.4607487579760305
3.0249999999999773 2.270280991735537
3.89700000000002 2.1041929689504744
0.10599999999999454 2.1040312025761274
3.3700000000000045 2.1038694362017805
0.3160000000000025 1.9925160797619235
4.141999999999996 1.8811627233220665
3.7439999999999998 2.0491324786324787
3.4240000000000066 2.294542056074766
3.725999999999999 1.7836392914653785
3.1769999999999925 2.1312433112999685
0.12000000000000455 2.195821103817111
5.074000000000012 2.260398896334253
