0.438 3.320566210045662
0.973 3.2794655704008226
0.121 3.30966711355862
0.33499999999999996 3.3398686567164173
0.935 3.2714866310160433
1.004 3.2793705179282866
0.09799999999999986 3.2251538388750784
2.021 3.1709371598218707
2.2010000000000005 3.291285779191277
0.09600000000000009 3.6122390880193755
2.157 3.933192396847474
4.234999999999999 3.882822195985832
4.038 4.297575037147102
3.971 4.37879022916142
0.13000000000000256 4.422482740709229
3.7659999999999982 4.466175252257037
0.13299999999999912 4.788857435266749
3.458000000000002 5.111539618276462
3.5260000000000034 5.162509359047079
3.243000000000002 4.947021893308664
3.5090000000000003 4.907342262752921
0.2809999999999988 4.1246720436187525
5.481000000000002 3.342001824484584
0.12999999999999545 4.314790385926503
3.1160000000000068 5.287578947368421
3.615000000000002 4.914469709543568
4.253999999999998 4.055907851433944
3.8230000000000004 4.268423750980905
3.952999999999996 4.404693144447256
4.316999999999993 4.116758860319666
4.015999999999991 4.071862549800797
4.227000000000004 4.138708303761533
0.25799999999999557 4.174058975674818
4.001000000000005 4.209409647588103
0.11199999999999477 4.003328164392427
5.046999999999997 3.797246681196751
5.072999999999993 3.10987265917603
0.12400000000000944 3.324197829795226
4.825999999999993 3.538523000414422
4.859999999999999 3.5623703703703704
4.545000000000002 3.7195916391639163
5.0660000000000025 3.391791551519937
0.14000000000000057 3.184649979938667
5.8870000000000005 2.977508408357397
0.11099999999999 3.124345041461479
2.5320000000000107 3.271181674565561
2.1640000000000015 3.793182994454714
1.9860000000000042 3.8023846928499494
0.117999999999995 3.6693535253335634
4.342999999999989 3.536322357817177
5.104000000000013 3.365935736677116
0.09399999999999409 3.4882724368664766
4.728000000000009 3.610609137055837
4.169000000000011 4.118244183257376
0.13300000000000978 4.16498076828287
4.0049999999999955 4.211717353308364
0.09299999999998931 4.360899708912246
3.875 4.510082064516129
0.12600000000000477 4.346125535830373
4.0589999999999975 4.1821690071446165
4.393000000000001 4.041160027316185
0.2949999999999875 3.777463023166154
4.838000000000022 3.5137660190161224
4.300000000000011 4.179546046511628
0.09599999999997522 4.320876549990739
3.5160000000000196 4.462207053469852
3.711999999999989 4.644422413793103
2.415999999999997 4.747211920529801
