0.5479999999999999 2.654029197080292
0.4630000000000001 2.6882073434125267
0.41999999999999993 2.663942857142857
1.161 2.634659776055125
1.249 2.636099279423539
1.585 2.6261955835962145
0.11699999999999999 2.6254383715082525
2.76 2.62468115942029
0.1349999999999998 2.8753280520756572
2.7140000000000004 3.1259749447310243
1.6449999999999996 4.147516109422492
1.6660000000000004 4.388417767106843
3.9000000000000004 4.4585066666666675
0.10000000000000142 4.598213333333334
3.549999999999997 4.73792
5.308 3.330012057272042
0.10300000000000153 3.3340880018617685
5.452999999999999 3.3381639464514947
4.841000000000001 3.314024375129105
6.415999999999997 2.6838940149625934
3.942999999999998 4.645577479076845
3.6779999999999973 4.47963458401305
0.3130000000000024 4.400056591617419
4.112000000000002 4.320478599221789
0.09899999999999665 3.980263772184734
4.740000000000002 3.640048945147679
4.491 3.6335301714540194
0.10699999999999932 3.844688682279537
4.293000000000006 4.055847193105055
0.10800000000000409 4.092040669723259
4.304999999999993 4.128234146341463
0.09600000000000364 4.193361864837398
3.8400000000000034 4.258489583333333
3.872 4.518161157024793
0.13100000000000023 4.597576551853136
3.600999999999999 4.676991946681477
0.09799999999999898 4.682515542812363
4.088000000000008 4.688039138943249
0.30399999999998784 4.809079569471624
3.200000000000003 4.93012
0.11400000000000432 5.020718784794972
3.340999999999994 5.111317569589944
3.8810000000000002 4.460994589023447
0.12000000000000455 4.4051234843753715
3.8870000000000005 4.349252379727296
0.11199999999999477 4.562454983637966
3.597999999999999 4.775657587548638
0.1039999999999992 4.855254469449995
3.5520000000000067 4.934851351351352
3.5670000000000073 5.12870423324923
3.5419999999999874 5.212392998306042
3.1269999999999953 5.4849964822513595
0.26200000000000045 5.485042526839965
2.799999999999997 5.485088571428571
0.10600000000000875 6.09665127517153
2.560999999999993 6.708213978914488
2.545000000000016 6.707646365422397
3.882000000000005 4.422709943328181
0.11899999999999977 4.180527047312001
4.282999999999987 3.938344151295821
0.11899999999999977 4.004170678349355
4.294000000000011 4.069997205402888
0.10499999999998977 4.099632998225648
4.111000000000018 4.129268791048407
4.300000000000011 4.128561860465116
0.09999999999999432 4.129344098356951
4.1159999999999854 4.130126336248784
0.27600000000001046 4.219468346738633
4.170999999999992 4.3088103572284835
3.4070000000000107 4.604966245964191
0.09199999999998454 4.741659127509544
3.533999999999992 4.878352009054896
2.415999999999997 4.747211920529801
