0.39799999999999996 3.654291457286432
0.10600000000000004 3.662897941032597
0.33899999999999997 3.671504424778761
0.775 3.6212851612903227
0.123 3.6140744647031324
2.0700000000000003 3.6068637681159417
0.12799999999999967 3.608319163369877
2.2090000000000005 3.6097745586238124
0.0909999999999993 3.6203161744960424
1.7649999999999997 3.630857790368272
1.9809999999999999 3.6567995961635544
0.11900000000000155 3.6466372605764192
2.3329999999999984 3.636474924989284
4.539 3.62276977307777
4.833000000000002 3.5906492861576664
4.7570000000000014 3.655281900357368
4.664999999999999 3.6054911039657016
5.093999999999998 3.4699065567334118
0.10699999999999932 3.402811808694725
5.457000000000001 3.3357170606560382
4.469999999999999 3.589080984340045
0.12899999999999778 3.473871875044998
5.1270000000000024 3.3586627657499513
2.2979999999999947 3.3653577023498693
0.1010000000000062 3.3925514380475215
2.0719999999999956 3.4197451737451736
0.12300000000000466 3.4991986738291083
2.2079999999999984 3.578652173913043
0.09299999999999642 3.6331484422459432
2.004000000000005 3.687644710578843
0.0969999999999942 3.688838392537223
1.9329999999999998 3.6900320744956026
1.9779999999999944 3.8634216380182003
0.12300000000000466 3.7437059250449893
4.903999999999996 3.623990212071778
0.09799999999999898 3.676601719490849
4.385000000000005 3.7292132269099203
0.11499999999999488 3.700702331339091
4.76400000000001 3.6721914357682617
0.13700000000000045 3.492779566005319
5.082999999999998 3.3133676962423766
0.11699999999999022 3.263921687772312
5.962000000000003 3.2144756793022475
4.3559999999999945 3.621759412304867
4.787000000000006 3.5673515771882176
0.11499999999999488 3.612655294193095
4.733000000000004 3.657959011197972
0.257000000000005 3.62859032101308
4.697000000000003 3.599221630828188
0.11199999999999477 3.6240763070259012
4.709000000000003 3.648930983223615
0.09299999999998931 3.6591516963428106
4.777000000000001 3.6693724094620057
0.125 3.6644609596819935
4.999000000000009 3.6595495099019812
0.09599999999998943 3.627816827409113
5.134 3.5960841449162446
2.1990000000000123 3.4340773078672124
0.09899999999998954 3.4536961881801815
1.679000000000002 3.4733150684931506
0.117999999999995 3.621370385652198
1.9920000000000186 3.7694257028112452
0.10800000000000409 3.7325318651321098
1.9669999999999845 3.6956380274529743
2.179000000000002 3.4165286828820562
0.12000000000000455 3.420029047323381
2.0060000000000002 3.4235294117647057
0.09399999999999409 3.511988026854747
4.854000000000013 3.6004466419447883
4.711000000000013 3.60335894714498
5.092000000000013 3.4864131971720345
0.10699999999999932 3.5055536854614058
4.822999999999979 3.5246941737507775
5.235000000000014 3.4330559694364853
4.484000000000009 3.498911685994647
0.11699999999999022 3.2169478416353896
5.873999999999995 2.9349839972761322
0.12700000000000955 3.1384220685681363
3.431999999999988 3.34186013986014
