1.457 0.9982210020590254
0.14500000000000002 1.0046507122399109
1.2309999999999999 1.011080422420796
1.1140000000000003 1.004359066427289
1.2320000000000002 1.0092987012987014
1.3040000000000003 1.0027116564417176
0.09699999999999953 1.005000893026442
1.0030000000000001 1.0072901296111665
0.09600000000000009 1.005018736105665
1.2230000000000008 1.0027473426001636
1.3890000000000011 1.0012901367890565
0.12199999999999989 1.1486944604917926
5.263999999999999 1.2960987841945288
0.11500000000000199 1.4056767496102178
4.824999999999999 1.5152547150259068
5.205000000000002 1.444486455331412
0.10099999999999909 1.5072083613555456
4.675000000000001 1.5699302673796791
0.12399999999999878 1.5957987881535518
4.671000000000003 1.6216673089274245
0.13299999999999557 1.5767335251454044
5.413000000000004 1.5317997413633844
4.198 1.5657570271557886
0.10199999999999676 1.5752991144362634
4.660000000000004 1.5848412017167381
0.32399999999999807 1.5130311114808066
5.366 1.441221021244875
4.397000000000006 1.6114878326131454
0.0969999999999942 1.647959222211497
4.690999999999995 1.6844306118098487
0.11000000000001364 1.7395003957543658
4.117999999999995 1.794570179698883
4.359999999999999 1.6359706422018345
7.331999999999994 1.0422596835788325
2.2560000000000002 1.4250106382978727
0.13400000000000034 1.4408333614769788
0.7560000000000002 1.456656084656085
1.7860000000000014 1.6121075027995522
0.25 1.1276971228525503
4.721999999999994 0.6432867429055485
0.14400000000000546 0.6940737235192515
4.572999999999993 0.7448607041329544
0.13299999999999557 1.0168071636606801
0.6900000000000119 1.2887536231884058
0.11399999999999011 1.072842641440786
1.4339999999999975 0.856931659693166
8.798999999999992 0.8872017274690304
0.11599999999999966 0.7883187719732918
10.135000000000005 0.6894358164775531
0.3269999999999982 1.0400291665169221
0.9059999999999917 1.3906225165562913
0.7329999999999899 1.570324693042292
0.8130000000000024 1.6083050430504306
0.8689999999999998 1.6508906789413116
0.13299999999999557 1.6726866387746
1.7240000000000038 1.6944825986078886
3.5389999999999873 1.647837242158802
0.25200000000000955 1.595465682320667
4.8659999999999854 1.543094122482532
4.858000000000004 1.496360642239605
0.13399999999998613 1.5530036724711538
4.625 1.6096467027027026
4.454000000000008 1.5418949259092953
0.14500000000001023 1.5054548079922685
5.581999999999994 1.4690146900752419
0.11899999999999977 1.4908589558761105
4.686999999999983 1.512703221676979
0.10900000000000887 1.5178621659596776
5.116000000000014 1.5230211102423765
4.707999999999998 1.629556499575191
4.856999999999999 1.6175647519044678
0.3329999999999984 1.6083300179156603
4.156000000000006 1.5990952839268529
4.317000000000007 1.568441047023396
2.9250000000000114 1.6378803418803418
