1.6700000000000002 0.870902994011976
0.1379999999999999 0.8703361930227594
1.4309999999999998 0.8697693920335429
0.16600000000000037 0.8722795357353016
1.279 0.8747896794370603
0.1120000000000001 0.8715624374838933
1.4319999999999995 0.8683351955307264
1.5019999999999998 0.8705299600532623
0.10799999999999965 0.8730084808931823
1.154 0.8754870017331022
0.13900000000000112 0.8744813926044428
1.404 0.8734757834757835
0.09799999999999898 0.8678575445587224
1.6130000000000013 0.8622393056416615
0.09599999999999831 0.8586048658534121
7.980000000000002 0.8549704260651627
0.10899999999999821 0.8354709273182956
8.96 0.8159714285714286
0.15500000000000114 0.7395812724388412
1.7109999999999985 0.6631911163062538
0.26599999999999824 0.6496159247519049
1.9639999999999986 0.636040733197556
0.1700000000000017 0.6607623708631704
1.8760000000000048 0.6854840085287847
0.10999999999999943 0.7263174709310589
1.875 0.7671509333333332
0.1419999999999959 0.7142686233995585
4.076999999999998 0.6613863134657838
0.1290000000000049 0.6077082853259328
5.287999999999997 0.5540302571860817
0.27600000000000335 0.5851509163052091
12.549 0.6162715754243366
0.15699999999999648 0.7504735263318454
1.3620000000000019 0.884675477239354
0.1319999999999979 0.9001481192425145
1.4450000000000003 0.9156207612456748
0.15899999999999892 0.9178299724595722
1.2250000000000014 0.9200391836734695
0.25199999999999534 0.9063635408813209
1.413000000000011 0.8926878980891721
0.12299999999999045 0.840037279096272
4.063000000000002 0.7873866601033719
0.3059999999999974 0.791174042217858
4.044000000000011 0.7949614243323442
3.4819999999999993 0.7898908673176337
0.13100000000000023 0.7581308734970372
9.89 0.7263708796764408
0.2750000000000057 0.7339763945092528
9.772999999999996 0.7415819093420648
0.15800000000000125 0.7059378915664722
2.1709999999999923 0.6702938737908797
0.15000000000000568 0.6615933392449259
1.3619999999999948 0.6528928046989722
0.13100000000000023 0.6517084457586972
1.88900000000001 0.6505240868184224
0.28300000000000125 0.6502980303230608
1.833999999999989 0.650071973827699
0.09300000000000352 0.6467405221630637
4.454000000000008 0.6434090704984283
0.1519999999999868 0.614297196651908
2.153000000000006 0.5851853228053877
0.15800000000000125 0.6375870643877685
4.287999999999997 0.6899888059701492
4.1299999999999955 0.7996842615012109
0.20300000000000296 0.7126689951204266
2.292999999999992 0.6256537287396423
0.09799999999999898 0.5521295205613663
2.673000000000002 0.47860531238309023
0.1629999999999967 0.46255965364701584
2.3580000000000183 0.44651399491094146
0.13700000000000045 0.44480411670513575
2.238999999999976 0.44309423849933005
0.1640000000000157 0.4987058808784587
13.114000000000004 0.5543175232575873
0.17199999999999704 0.5221420201016398
2.448999999999984 0.48996651694569215
0.1570000000000107 0.4766357046567991
2.555000000000007 0.46330489236790606
0.16499999999999204 0.4144384427960366
3.5420000000000016 0.36557199322416717
0.16399999999998727 0.36818018748345294
3.1330000000000098 0.37078838174273865
0.16499999999999204 0.45771659308393353
2.531000000000006 0.5446448044251284
0.12700000000000955 0.5209511605861427
6.418999999999983 0.4972575167471569
0.21700000000001296 0.47146310552310455
7.068999999999988 0.4456686942990522
0.21800000000001774 0.45900556170276313
5.606999999999999 0.47234242910647406
0.32800000000000296 0.5062305075977068
1.7539999999999907 0.5401185860889396
0.2009999999999934 0.5445580705505823
1.6359999999999957 0.5489975550122249
