0.572 2.5426713286713287
0.133 2.559782869304608
0.483 2.576894409937888
0.1140000000000001 2.5686028113762664
0.43699999999999983 2.560311212814645
1.2119999999999997 2.523795379537954
0.0900000000000003 2.51922850023886
3.171 2.5146616209397665
0.12199999999999989 2.513892379097334
2.5500000000000007 2.513123137254902
2.878 2.517067407922168
0.12199999999999989 2.5154071854425655
3.375 2.513746962962963
0.1269999999999989 2.695040429204922
2.372 2.8763338954468805
0.12399999999999878 2.9163521478851875
2.4730000000000025 2.9563704003234945
0.12399999999999878 2.9928008327161386
2.4819999999999993 3.0292312651087827
0.1180000000000021 3.043025461792209
2.401 3.056819658475635
0.28699999999999903 3.1588032859747956
2.3230000000000004 3.2607869134739564
2.8859999999999992 2.873053361053361
0.12100000000000222 2.701060732084972
2.599 2.529068103116583
0.10199999999999676 2.724668492048604
2.5290000000000035 2.9202688809806245
5.1469999999999985 3.558871575675151
4.591000000000001 3.588781529078632
0.10900000000000176 3.5889168251453767
4.949999999999996 3.5890521212121214
4.765000000000001 3.62095110178384
4.349999999999994 3.751306666666667
4.846000000000004 3.593015270326042
5.1910000000000025 3.4236270468117898
0.10999999999999943 3.632936643706647
4.256 3.842246240601504
0.23299999999998988 3.8083205313039885
4.635000000000005 3.7743948220064727
5.006 3.364332401118658
0.09499999999999886 3.134477810137989
6.597999999999999 2.9046232191573202
0.10500000000000398 3.128866763670052
4.704999999999998 3.3531103081827838
0.09000000000000341 3.4955700667458443
4.694000000000003 3.6380298253089047
0.1039999999999992 3.679440444569346
4.653000000000006 3.720851063829787
5.212999999999994 3.242958756953769
5.304000000000002 3.2395957767722474
0.09799999999999898 3.2753128109399583
5.293999999999997 3.311029845107669
0.10299999999999443 3.347228974841417
2.4480000000000075 3.383428104575164
2.320999999999998 3.5365997414907375
1.88600000000001 4.003995758218452
0.11599999999998545 4.0073954031807535
1.4540000000000077 4.010795048143054
1.877999999999986 3.9982406815761453
0.13500000000001933 3.1413767832770736
3.181999999999988 2.2845128849780014
0.11899999999999977 2.2851204277515125
3.257000000000005 2.285727970525023
3.0120000000000005 2.2800796812749002
0.271000000000015 2.7218376801436226
2.5919999999999845 3.163595679012345
0.11899999999999977 3.162279337499931
2.242999999999995 3.160962995987517
2.462999999999994 3.163530653674381
2.6510000000000105 2.893984156921916
6.146000000000015 2.924186137325089
3.5800000000000125 4.3824357541899435
0.117999999999995 4.176946511050282
4.34099999999998 3.97145726791062
3.0 3.823088
