0.42 3.462876190476191
1.435 3.406756794425087
3.0960000000000005 2.268142118863049
0.10599999999999987 2.649129500989966
2.4639999999999995 3.0301168831168828
1.883 4.234727562400425
0.11500000000000021 3.5885446811083854
2.177999999999999 2.9423617998163456
0.13000000000000078 3.37252473192917
1.9049999999999994 3.8026876640419944
1.862 4.556335123523094
1.4920000000000009 4.572831099195711
0.10899999999999821 4.371727586106697
1.7530000000000001 4.1706240730176845
1.815999999999999 4.140171806167401
4.577999999999999 3.6740096111839224
0.12400000000000233 3.7011372670979723
4.741 3.7282649230120226
3.692999999999998 4.929057135120498
0.10500000000000398 5.211650485368468
2.9199999999999946 5.494243835616437
3.882000000000005 4.435822771767131
0.12399999999999523 3.939482062575295
5.32 3.4431413533834587
2.661999999999999 6.189367392937642
3.338000000000001 5.322291192330737
0.2560000000000002 5.482243045478645
3.058 5.642194898626553
2.551000000000002 6.3967793022344175
3.8000000000000043 4.58204
0.10499999999999687 4.09712243902439
4.919999999999995 3.6122048780487797
4.872 3.3564449917898203
0.12699999999999534 3.5298651715934706
4.724000000000004 3.703285351397121
3.846999999999994 4.377917338185599
4.0930000000000035 4.682312240410457
0.10499999999998977 5.244428847477956
2.717000000000013 5.806545454545455
0.27599999999999625 5.817421532733478
2.9299999999999926 5.828297610921502
3.581000000000003 4.834716559620218
0.12199999999999989 4.681089399253066
3.7339999999999947 4.527462238885914
4.376999999999995 3.925706191455335
0.125 3.802159706430711
4.765000000000001 3.6786132214060863
4.198999999999998 4.356772564896405
0.09100000000000819 5.591010312023063
2.7049999999999983 6.825248059149722
0.09600000000000364 6.5459057248616705
2.7369999999999948 6.26656339057362
3.207000000000008 4.788976613657623
0.28699999999999193 5.0085686476687385
3.2860000000000014 5.228160681679854
0.12199999999999989 5.6766852924007445
2.787000000000006 6.125209903121636
0.10900000000000887 6.977096515628306
2.1929999999999836 7.8289831281349755
0.10599999999999454 8.171919125904942
1.981000000000023 8.514855123674911
0.11899999999999977 7.788047359817254
2.4749999999999943 7.061239595959596
2.765000000000015 6.139393851717902
3.0740000000000123 5.775151594014313
3.0970000000000084 5.489053923151436
0.10499999999998977 5.156882397817329
3.7249999999999943 4.824710872483222
0.2680000000000007 5.0842082972770335
2.936000000000007 5.343705722070845
5.676000000000016 3.0373671599718115
0.12999999999999545 3.343256281226758
3.1430000000000007 3.6491454024817047
