0.46299999999999997 3.1412699784017275
0.394 3.158984771573604
0.10799999999999998 3.159797470532564
0.3540000000000001 3.160610169491525
0.986 3.102271805273834
0.10400000000000009 3.1056628148182197
1.0589999999999997 3.109053824362606
2.0759999999999996 3.086928709055877
0.12199999999999989 3.0913532434168274
2.3400000000000007 3.0957777777777777
2.8660000000000014 2.960187020237264
2.545 2.6808110019646363
2.8160000000000007 2.5962727272727273
3.0380000000000003 2.4748360763660306
2.9869999999999983 2.4571221961834615
0.11400000000000077 2.5098209086465344
2.9559999999999995 2.5625196211096077
0.23600000000000065 2.765619280658635
2.7929999999999993 2.968718940207662
0.10999999999999943 3.0478818297613
2.1020000000000003 3.1270447193149375
0.10099999999999909 2.910718729552634
6.391000000000002 2.6943927397903304
0.11200000000000188 2.5899041039521533
7.369999999999997 2.485415468113976
0.12899999999999778 2.506212028535516
6.520000000000003 2.527008588957055
6.506999999999998 2.7302609497464267
0.1039999999999992 2.5435648739911847
4.534999999999997 2.3568687982359426
2.7210000000000036 2.621400955531055
2.970000000000013 2.5730127946127945
0.22299999999999898 2.556465072281799
3.0489999999999924 2.5399173499508034
2.418999999999997 2.8910293509714755
2.653000000000006 2.7078055032039203
2.859000000000009 2.534970269324939
3.688999999999993 2.33472268907563
0.1110000000000042 2.5540956838153646
2.1869999999999976 2.7734686785550986
0.10699999999999932 2.7331675572706287
2.8900000000000006 2.692866435986159
0.1110000000000042 2.6745189614432325
2.938999999999993 2.6561714869003064
2.728999999999999 2.5604367900329787
0.26300000000000523 2.5669767367758425
2.9669999999999987 2.5735166835187058
6.797000000000011 2.5788718552302483
0.10599999999999454 2.46228424150152
7.799000000000007 2.3456966277727918
0.10099999999999909 2.075297038101862
10.229 1.804897448430932
4.054999999999993 1.862277681874229
3.0279999999999916 1.925923381770145
3.7179999999999893 2.019552447552448
3.6769999999999925 1.9769703562686973
0.1220000000000141 1.903281934094044
4.068999999999988 1.8295935119193905
0.3189999999999884 1.8527372093877204
3.6610000000000014 1.8758809068560505
4.293000000000006 1.9100955043093408
0.10299999999998022 1.9763730186484763
3.4710000000000036 2.0426505329876115
0.12600000000000477 2.022581498824826
3.890999999999991 2.0025124646620407
0.11200000000002319 2.002555109908676
3.830999999999989 2.002597755155312
3.9090000000000202 2.0098521360961885
0.09299999999998931 1.9857170952027579
3.3880000000000052 1.961582054309327
0.10800000000000409 2.071474016845385
3.103999999999985 2.1813659793814426
1.8060000000000116 2.652713178294573
