2.5410000000000004 0.5723762298307752
0.1649999999999996 0.5756392777060853
2.15 0.5789023255813953
0.14500000000000046 0.5779648296292742
1.939 0.5770273336771531
0.16800000000000015 0.5780935457393683
2.1469999999999994 0.5791597578015836
0.14700000000000024 0.5750680885077786
2.289999999999999 0.5709764192139737
0.10400000000000098 0.5741487810355582
1.75 0.5773211428571428
0.16799999999999926 0.5769445394586608
2.1270000000000007 0.5765679360601788
0.16800000000000104 0.5739848718920451
2.4339999999999975 0.5714018077239112
0.1680000000000028 0.5746941924525597
2.0859999999999985 0.577986577181208
0.10500000000000043 0.5142645436513328
2.469999999999999 0.4505425101214575
0.33399999999999963 0.375730315345832
5.731000000000002 0.5020031408131216
0.4549999999999983 0.4608013459396696
4.455000000000002 0.41959955106621766
0.14799999999999613 0.47078325788591424
1.9450000000000003 0.6611660668380462
0.15800000000000125 0.6118517076466337
2.557000000000002 0.562537348455221
0.14999999999999858 0.49427399742152683
2.6300000000000026 0.4260106463878327
0.27899999999999636 0.3936956566809304
13.014000000000003 0.36138066697402804
0.16100000000000136 0.5238080860273606
1.6729999999999947 0.6862355050806933
0.13800000000000523 0.6503993179368451
4.854999999999997 0.614563130792997
0.18599999999999994 0.5336799226860262
2.921999999999997 0.4527967145790554
0.1600000000000108 0.4251722549967588
2.8349999999999937 0.39754779541446217
0.3329999999999984 0.40664601372568854
3.034000000000006 0.41574423203691496
0.20699999999999363 0.4469812069275484
2.6400000000000006 0.4782181818181818
0.1530000000000058 0.4848907422852377
6.539999999999992 0.4915633027522936
0.14499999999999602 0.4454248711005848
2.7580000000000098 0.39928643944887604
0.24399999999999977 0.35371276328830237
4.003 0.4067119660254808
0.2849999999999966 0.3668700541832538
2.7960000000000065 0.4404520743919885
0.11399999999999011 0.48261478584366824
2.7730000000000103 0.524777497295348
0.1389999999999958 0.35052457854294533
12.604 0.5237283402094572
0.42099999999999227 0.4849965260824284
4.8430000000000035 0.4462647119553995
0.32900000000000773 0.4664353808568835
5.586999999999989 0.4866060497583676
0.3710000000000093 0.5139877458767905
7.938999999999993 0.5413694419952135
0.4750000000000085 0.4202545587322551
3.1429999999999865 0.40086032453070325
0.15800000000001546 0.5417848479118522
1.686000000000007 0.6827093712930011
0.10599999999999454 0.5015546366389043
4.080999999999989 0.37960009801519234
0.27899999999999636 0.39756090564055274
5.043000000000006 0.41552171326591314
0.13800000000000523 0.35724956353511056
2.9749999999999943 0.4300208403361343
0.15899999999999181 0.4039017011153223
2.787000000000006 0.37778256189451037
0.22700000000000387 0.36330900246624254
2.843999999999994 0.35116455696202525
0.367999999999995 0.36948736316875064
2.9579999999999984 0.39013928329952663
0.20700000000002206 0.39694178162284544
2.97199999999998 0.4037442799461642
0.23600000000001842 0.3516611438675514
4.040999999999997 0.407066567681267
0.21399999999999864 0.4077490010214486
4.4410000000000025 0.4084314343616302
0.19700000000000273 0.3615495131312205
2.691999999999979 0.43153046062407135
0.19900000000001228 0.4099195965092187
3.5500000000000114 0.38830873239436614
0.23799999999999955 0.3643889325536109
4.722999999999985 0.41708659750158794
0.2820000000000107 0.39267386869898047
3.859999999999985 0.368261139896373
0.17300000000000182 0.36089340459385577
3.1750000000000114 0.3535256692913386
0.3470000000000084 0.3900180309505191
3.4639999999999986 0.4265103926096997
0.2699999999999818 0.42790860197091374
3.318000000000012 0.4293068113321277
