0.9179999999999999 1.584322440087146
0.7789999999999999 1.5977406931964055
0.12200000000000011 1.5957763295041856
0.702 1.5938119658119656
0.10000000000000009 1.597070719070719
0.7769999999999997 1.6003294723294723
0.13000000000000034 1.5484574634374635
2.2 1.4965854545454544
0.11699999999999999 1.1332779489476041
8.323 0.7699704433497537
0.11400000000000077 0.820482380765786
1.4079999999999995 0.8709943181818182
0.15399999999999991 0.8676885823351601
1.609 0.8643828464885022
0.09799999999999898 0.6753196393371881
14.031000000000002 0.48625643218587405
0.21199999999999974 0.5026524698242802
2.1439999999999984 0.5190485074626864
0.16600000000000392 0.5187110970387896
2.189 0.5183736866148927
0.3549999999999969 0.547282784266856
2.1679999999999993 0.5761918819188192
0.1670000000000016 0.5764295732464051
2.229999999999997 0.576667264573991
0.16600000000000392 0.5756704281319815
2.503 0.574673591689972
0.2079999999999984 0.5065089398199469
2.5559999999999974 0.43834428794992175
0.16600000000000392 0.43327895512047165
2.583999999999996 0.4282136222910216
0.2220000000000013 0.45519710933954693
2.3810000000000002 0.4821805963880722
0.18500000000000227 0.535837852010083
2.043999999999997 0.5894951076320939
0.15700000000000358 0.5890251338872213
2.2479999999999976 0.5885551601423488
0.14399999999999835 0.5699742532609983
2.044000000000004 0.5513933463796478
0.3119999999999976 0.543389372680486
2.3560000000000016 0.5353853989813243
0.22299999999999898 0.437797875474099
14.490000000000002 0.35978964803312624
0.28300000000000125 0.37887962364806926
4.341999999999999 0.39796959926301234
0.18999999999999773 0.37268025672920235
2.4839999999999947 0.44333011272141715
0.21800000000000352 0.44111029000556845
2.674999999999997 0.4388904672897197
0.21800000000000352 0.4462415504036075
2.7150000000000034 0.45359263351749535
0.10500000000000398 0.8644860625957329
1.1409999999999911 1.2753794916739705
1.8689999999999998 1.1887255216693418
0.1740000000000066 0.9055916764973215
5.146000000000001 0.6224578313253013
0.14099999999999113 0.6567098857458513
11.298000000000002 0.6909619401664012
0.17600000000000193 0.5228067937948311
3.551000000000002 0.354651647423261
0.2389999999999901 0.3650909503882326
3.355000000000004 0.3755302533532042
0.09900000000000375 0.4934071872182909
1.8829999999999956 0.6112841210833776
0.11800000000000921 0.6111448642800066
2.1400000000000006 0.6110056074766356
0.15699999999999648 0.6627399446868816
4.491 0.7144742818971277
0.09300000000000352 0.7458495346302163
1.6459999999999866 0.7772247873633049
0.16100000000000136 0.8002329065021653
3.1200000000000045 0.8232410256410256
0.1599999999999966 0.7806585327235493
3.919000000000011 0.7380760398060731
0.10599999999999454 0.6912310878934629
11.281000000000006 0.6443861359808527
0.11400000000000432 0.6341868277408165
1.9230000000000018 0.6239875195007801
0.19499999999999318 0.5709053957958844
2.2860000000000014 0.5178232720909887
0.14699999999999136 0.4606026017775815
3.210000000000008 0.40338193146417434
0.20699999999999363 0.4051375506707912
2.8549999999999898 0.4068931698774081
0.23500000000001364 0.39125257948911274
3.6699999999999875 0.37561198910081733
0.3650000000000091 0.39202198943204647
7.814999999999998 0.40843198976327566
0.10300000000000864 0.49980971602660546
2.165999999999997 0.5911874422899352
0.15500000000000114 0.5935503842002223
1.8460000000000036 0.5959133261105093
0.2869999999999777 0.6177973112659232
1.481000000000023 0.639681296421337
0.1529999999999916 0.6392432086658606
1.406000000000006 0.6388051209103842
