1.242 1.1710209339774558
1.053 1.181994301994302
0.15600000000000014 1.181111075047784
0.948 1.180227848101266
0.1459999999999999 1.1799886868589824
1.0540000000000003 1.1797495256166985
0.1559999999999997 1.170765376781532
2.8340000000000005 1.1617812279463655
1.8059999999999992 1.4111362126245848
3.7390000000000008 1.9374485156458945
3.9030000000000022 2.1736858826543686
0.09399999999999764 2.43786551558461
2.525000000000002 2.7020451485148516
1.8009999999999984 4.059469183786786
0.09299999999999997 3.7605246471420113
2.1720000000000006 3.461580110497237
1.8230000000000004 4.026014262205156
1.4499999999999993 5.22400551724138
3.396000000000001 5.360131919905773
0.09999999999999787 5.710514014354096
2.647000000000002 6.060896108802418
2.5109999999999957 6.857771405814416
0.09000000000000341 6.049416747256279
3.4949999999999974 5.241062088698141
0.10699999999999932 5.162353938517537
3.2409999999999997 5.083645788336933
2.290999999999997 7.754608467917939
0.10900000000000176 7.362926860221596
2.4750000000000014 6.971245252525253
2.864999999999995 5.695701221640488
0.22700000000000387 5.520824513184383
3.256999999999998 5.345947804728278
3.433 5.176827264782989
3.233000000000004 5.058026600680482
4.645000000000003 3.7662691065661997
3.666000000000011 4.59406655755592
3.4270000000000067 5.592268456375838
4.39800000000001 3.5871723510686673
0.09899999999998954 4.247165485879162
3.480000000000004 4.907158620689655
0.12199999999999989 4.556217153434456
4.117000000000004 4.205275686179257
0.2740000000000009 3.4766254893835167
6.152000000000001 2.7479752925877765
3.3939999999999912 5.062703594578668
0.10600000000000875 5.17279121862749
3.317999999999998 5.282878842676311
3.5049999999999955 5.219425962910128
0.09499999999999886 5.01679199058153
3.835000000000008 4.814158018252932
3.7069999999999936 4.626809819260859
0.09499999999999886 4.360079749715718
3.7519999999999953 4.093349680170576
5.140000000000001 3.342361089494163
3.2139999999999986 5.311437461107654
0.2750000000000057 6.14534474681399
2.460000000000008 6.979252032520325
4.052999999999997 4.161837651122625
7.724999999999994 2.2623388996763762
7.353999999999985 2.3083252651618174
4.957999999999998 3.580640580879387
3.555000000000007 4.781884669479607
3.245999999999981 5.5366752926678995
2.544000000000011 6.167106918238994
2.7399999999999807 6.29200583941606
0.2550000000000239 5.545430534770791
2.3899999999999864 4.798855230125523
