0.34099999999999997 4.265126099706745
0.292 4.2624657534246575
0.1090000000000001 4.231903535394964
0.668 4.20134131736527
1.1840000000000002 4.17352027027027
0.11699999999999999 4.189242893755825
0.7829999999999999 4.20496551724138
0.1160000000000001 4.191291102818864
1.5340000000000003 4.177616688396349
4.442 3.885700135074291
4.470000000000001 4.098741834451902
0.13199999999999967 3.811830938662178
4.665000000000001 3.5249200428724543
0.134999999999998 3.7430133197699407
4.381 3.961106596667427
0.11700000000000088 3.329728965621113
6.443999999999999 2.6983513345747987
4.296999999999997 3.914269490342099
0.10200000000000387 4.038588348562477
4.245999999999995 4.162907206782855
3.978999999999999 4.574769540085448
0.31099999999999994 4.492331444039426
3.637999999999998 4.409893347993403
3.842000000000006 4.482005205622072
4.542000000000002 4.032917657419639
4.286999999999999 3.843269419174248
0.11399999999999721 3.86495214559675
4.570999999999998 3.886634872019252
0.12700000000000955 3.977967436009626
4.239999999999995 4.0693
3.8130000000000024 4.27961814843955
3.7519999999999953 4.6406588486140725
3.807000000000002 4.668255319148936
0.28600000000000136 4.67355541350866
3.4949999999999903 4.678855507868383
0.11599999999999966 4.5617753149098
3.936000000000007 4.444695121951218
3.7210000000000036 4.526161784466542
4.206999999999994 4.555432374613739
0.09100000000000819 4.49661689054175
3.5549999999999926 4.437801406469761
4.125 4.139857454545455
4.063000000000002 4.261166625646074
3.73899999999999 4.521407863064991
3.853999999999999 4.458436948624805
0.23599999999999 4.344154767748696
4.1440000000000055 4.229872586872587
4.326000000000008 4.228869163199261
4.384 4.211290145985401
0.11400000000000432 4.184624951780579
4.125 4.157959757575758
3.8300000000000125 4.0099864229765005
4.199999999999989 4.090413333333333
0.09600000000000364 4.110908505969668
4.132000000000005 4.131403678606002
4.074999999999989 4.213241717791411
0.12300000000001887 4.343746588338677
3.769999999999982 4.4742514588859414
0.3230000000000075 4.421150723194533
4.001000000000005 4.368049987503125
0.10800000000000409 4.319835763756595
3.9739999999999895 4.271621540010066
0.125 4.411812821287084
3.9000000000000057 4.552004102564102
0.09799999999998477 4.545641570641196
3.7450000000000045 4.539279038718291
4.147999999999996 4.332702025072324
3.7609999999999957 4.171528848710449
4.472999999999985 3.8542579923988374
0.12899999999999068 3.9973932561272165
2.7700000000000102 4.140528519855596
