0.97 1.4993896907216495
0.1369999999999999 1.50585523418221
0.8230000000000002 1.5123207776427703
0.7399999999999998 1.5119675675675674
0.823 1.5108821385176183
0.8700000000000001 1.5029149425287354
0.1299999999999999 1.5076790281505952
0.6680000000000001 1.512443113772455
0.1379999999999999 1.3326155734361957
6.284000000000001 1.1527880330999365
0.12199999999999989 1.1872736248448992
6.944000000000001 1.2217592165898619
0.14099999999999824 1.1316141526393058
6.551000000000002 1.0414690886887497
6.194000000000003 1.1803525992896353
0.14699999999999847 1.0073637372211133
9.011 0.8343748751525912
0.23700000000000188 1.0277368021901765
1.0229999999999961 1.2210987292277615
0.09100000000000108 1.2075632921904824
1.0769999999999982 1.1940278551532033
0.12100000000000222 1.194359442526768
1.2040000000000006 1.1946910299003326
0.11200000000000188 0.8899949614446312
4.606999999999999 0.5852988929889299
0.13799999999999812 0.5811204980895812
5.078000000000003 0.5769421031902324
0.695999999999998 1.6495287356321842
0.1110000000000042 1.6523248073765315
0.7280000000000015 1.6551208791208791
5.3969999999999985 0.9474952751528627
0.1280000000000001 0.9584675641145397
7.6229999999999976 0.9694398530762167
8.358999999999995 0.8533116401483432
0.09499999999999886 0.7393096090786293
2.0190000000000055 0.6253075780089153
0.17499999999999716 0.6253423917703136
2.096999999999994 0.6253772055317119
0.11700000000000443 1.049791681748453
0.7469999999999999 1.474206157965194
0.10099999999999909 1.4645082834435634
0.8070000000000022 1.454810408921933
0.09300000000000352 1.3488454663267602
2.4439999999999884 1.2428805237315876
3.164999999999992 1.0762236966824643
0.12600000000000477 1.1797450389898985
3.036999999999992 1.2832663812973328
9.875 0.7880895189873418
0.12099999999999511 0.8416131576131526
8.721000000000004 0.8951367962389634
0.12599999999999056 0.7294323193370287
2.234000000000009 0.563727842435094
0.17099999999999227 0.5612217926144428
2.2550000000000097 0.5587157427937917
0.14999999999999147 0.5610632066881343
2.0430000000000064 0.5634106705824767
0.14799999999999613 0.8362227229078625
1.179000000000002 1.1090347752332483
2.122 1.5121131008482567
2.3360000000000127 1.2505513698630133
0.24899999999999523 1.227848117252234
4.838999999999999 1.2051448646414549
6.094999999999999 1.231943560295324
0.11099999999999 1.2622484515559123
5.624000000000024 1.2925533428165006
6.687999999999988 1.1131303827751196
0.10900000000000887 1.2642272497592955
1.953000000000003 1.4153241167434714
10.214000000000027 0.8028235754846289
0.09699999999997999 0.8961647690029618
1.1740000000000066 0.9895059625212947
0.13599999999999568 1.0053070553347214
1.3499999999999943 1.021108148148148
0.11700000000001864 1.3452549108941578
1.9119999999999777 1.6694016736401676
0.29400000000001114 1.227605017656251
9.99799999999999 0.7858083616723344
0.17500000000001137 0.6430142342376067
8.614000000000004 0.5002201068028791
0.11199999999999477 1.1825588722990774
0.5080000000000098 1.8648976377952757
0.09199999999998454 1.8583869632275345
0.48500000000001364 1.8518762886597933
