0.479 3.0363423799582465
0.121 3.0397359821551624
0.4089999999999999 3.0431295843520783
0.0970000000000002 3.0159716079374874
0.9390000000000001 2.9888136315228966
1.025 2.9842341463414632
2.68 2.975370149253731
0.11799999999999944 2.9787190439149067
2.149 2.9820679385760824
2.433 2.97744348540896
2.9610000000000003 2.8652131036811888
2.456999999999999 2.7768270248270253
2.786999999999999 2.6232881234302123
0.11700000000000088 2.6174016164216014
2.8790000000000013 2.6115151094129905
0.11799999999999855 2.605690958886446
2.8230000000000004 2.599866808359901
0.2710000000000008 2.599660240144261
2.913999999999998 2.599453671928621
0.09600000000000009 2.5872473328587207
3.2200000000000024 2.5750409937888197
2.551000000000002 2.5766554292434343
2.8659999999999997 2.5768876482903003
3.0700000000000003 2.519085342019544
0.13100000000000023 2.5114352505150723
2.8299999999999983 2.5037851590106013
3.128 2.5261074168797952
2.807000000000002 2.632718204488778
2.7070000000000007 2.634958256372368
0.10200000000000387 2.6195844228317116
6.686 2.6042105892910556
0.1109999999999971 2.586212809096395
6.919999999999995 2.5682150289017343
6.513000000000005 2.510763089206203
6.5249999999999915 2.68112183908046
6.5249999999999915 2.5811261302681987
8.021 2.389316045380875
2.706000000000003 2.241528455284553
0.09399999999999409 2.2450612516237847
3.4609999999999985 2.248594047963017
3.3260000000000076 2.347110042092604
2.9769999999999897 2.347138730265368
0.12000000000000455 2.347919411272333
3.2510000000000048 2.3487000922792984
2.6850000000000023 2.6370562383612666
0.11699999999999022 2.634484903419591
3.1470000000000056 2.631913568477916
3.1239999999999952 2.627544174135724
0.2600000000000051 2.6193626818119835
2.891999999999996 2.6111811894882435
0.117999999999995 2.611389072128806
2.233000000000004 2.6115969547693685
2.9839999999999947 2.516319034852547
0.11499999999999488 2.383092974560288
3.2310000000000088 2.2498669142680288
3.3079999999999927 2.2504885126964926
3.051000000000016 2.250934119960669
3.646000000000015 2.2490510148107514
3.26400000000001 2.1721936274509805
4.1510000000000105 1.8770840761262346
0.23900000000000432 2.1137797831611564
3.26400000000001 2.350475490196078
3.056999999999988 2.5700071965979725
5.956999999999994 2.633728386771865
6.543000000000006 2.634891639920526
4.975999999999999 2.304916398713827
