2.166 0.6714718374884578
0.14300000000000024 0.6745056520049801
1.8369999999999997 0.6775394665215025
0.16300000000000026 0.6763847000682347
1.657 0.6752299336149669
0.14400000000000013 0.4519662634784417
5.437 0.47129740665808345
0.3609999999999989 0.4940075482968017
7.134000000000002 0.5167176899355199
0.3829999999999991 0.48604504351497546
4.129999999999999 0.45537239709443095
0.2839999999999989 0.4551482289229149
5.004000000000001 0.45492406075139885
0.28699999999999903 0.4537040663251566
5.619000000000003 0.4524840718989144
0.28299999999999415 0.4472371140577388
4.673000000000002 0.44199015621656323
0.2360000000000042 0.44126320587699225
4.288999999999994 0.44053625553742126
0.3290000000000006 0.46178629220465706
5.230000000000004 0.48303632887189285
0.3889999999999958 0.4845491628945866
5.839000000000006 0.48606199691728036
0.2769999999999939 0.46690624365283395
5.098000000000006 0.44775049038838755
0.16099999999999426 0.3542038951636501
3.274000000000008 0.43934270006108733
0.21399999999999864 0.4422394867011833
2.516999999999996 0.4451362733412793
0.2150000000000034 0.42762818114803036
2.6979999999999933 0.41012008895478136
0.19899999999999807 0.4034138799991599
2.8940000000000055 0.3967076710435384
0.23099999999999454 0.40790653117394315
2.875 0.41910539130434793
0.1950000000000074 0.4238500717454684
3.0870000000000033 0.42859475218658893
0.19499999999999318 0.4216277660859361
2.7180000000000035 0.4146607799852833
0.3930000000000007 0.35842439927938896
4.697999999999993 0.43150957854406125
0.2610000000000099 0.4313609208453753
4.6969999999999885 0.43121226314668937
0.21800000000000352 0.4069926821297065
4.134 0.38277310111272367
0.21300000000000807 0.35603761581151194
2.7889999999999873 0.3948483327357476
0.18300000000000693 0.3930309641019625
3.0010000000000048 0.39121359546817736
0.23999999999999488 0.510569457580636
1.9549999999999983 0.6299253196930946
0.14400000000000546 0.7427133947083933
1.7009999999999934 0.8555014697236919
0.09900000000000375 0.8590019472769769
1.031000000000006 0.8625024248302618
0.1629999999999967 0.9424159378727017
1.2019999999999982 1.0223294509151415
0.10699999999999932 0.9383732587909039
3.75 0.8544170666666665
0.15099999999999625 0.8994599526358474
7.397999999999996 0.9445028386050284
0.09900000000000375 0.8770666032702801
9.430999999999997 0.8096303679355318
0.16499999999999204 0.9182175033254822
1.1210000000000093 1.0268046387154326
1.2860000000000014 1.0167589424572316
0.12800000000001432 0.9262823324443779
9.820999999999998 0.8358057224315242
1.718999999999994 0.7442187318208261
1.4209999999999923 0.7409429978888107
0.1810000000000116 0.7425975304522823
1.3329999999999984 0.744252063015754
0.16399999999998727 0.7033381129261305
4.569000000000017 0.6624241628365068
0.1490000000000009 0.700126151295496
4.23599999999999 0.7378281397544852
0.3079999999999927 0.8125962287977824
1.3340000000000032 0.8873643178410796
0.11000000000001364 0.826083949074692
4.021999999999991 0.7648035803083043
0.17000000000001592 0.7646554024034512
9.274000000000001 0.7645072244985981
0.13299999999998136 0.7296568380557507
1.9840000000000089 0.6948064516129033
0.12000000000000455 0.70296469467287
1.8789999999999907 0.7111229377328366
0.117999999999995 0.7187242595640927
1.7630000000000052 0.7263255813953488
0.3060000000000116 0.7377630735831058
3.5349999999999966 0.7492005657708627
0.11199999999999477 0.8051787612953012
2.9180000000000064 0.8611569568197396
0.15399999999999636 1.1293532742091696
3.4279999999999973 1.3975495915985998
