0.54 2.6933481481481483
0.4600000000000001 2.7057391304347824
0.41500000000000004 2.6960385542168672
1.8669999999999998 2.646731655061596
0.133 2.641381034142368
3.025 2.6360304132231405
2.0389999999999997 3.1429445806768017
2.046000000000001 3.5406256109481915
2.3740000000000006 3.5736714406065713
0.125 3.480645054960684
2.0139999999999993 3.3876186693147967
2.192 3.3353576642335767
0.11200000000000188 3.327403335428047
2.264999999999997 3.3194490066225173
2.378 3.0863851976450802
0.12299999999999756 3.019612912888695
5.986000000000001 2.952840628132309
0.11400000000000077 2.9812986209444614
6.047999999999998 3.009756613756614
4.994 3.2124933920704852
0.10699999999999932 3.1133238884035253
5.713000000000001 3.0141543847365657
5.5419999999999945 3.3052168892096714
4.893000000000001 3.367278969957081
0.10699999999999932 3.3892662130891393
5.2080000000000055 3.411253456221198
0.09399999999999409 3.434121218192747
4.991000000000007 3.4569889801642963
0.2980000000000018 3.4290138731584303
4.797999999999988 3.4010387661525643
0.11299999999999955 3.376660314920718
5.194000000000003 3.352281863688872
0.10800000000000409 3.3486468606981914
5.313000000000002 3.3450118577075103
2.028000000000006 3.4484220907297827
2.0870000000000033 3.442169621466219
0.11299999999999955 3.4615939365736477
2.0819999999999936 3.481018251681076
0.11400000000000432 3.495356721602559
2.4539999999999935 3.5096951915240426
1.7950000000000017 3.3791509749303628
0.10099999999999909 3.3689850688203817
2.316999999999993 3.358819162710401
0.09100000000000819 3.4136645105415377
3.600999999999999 3.4685098583726743
0.09499999999999886 3.388741521474456
5.108999999999995 3.308973184576238
0.09300000000000352 3.2981460527817097
5.227000000000004 3.287318920987182
5.230000000000004 3.3515472275334615
5.390000000000001 3.394079406307978
0.10600000000000875 3.4119102214523354
5.382999999999996 3.429741036596693
0.117999999999995 3.424898833353182
5.015000000000001 3.420056630109671
0.09000000000000341 3.367512450604156
4.63300000000001 3.314968271098641
5.2949999999999875 3.2445204910292733
0.11199999999999477 3.3115833224377136
3.380000000000024 3.378646153846154
0.1209999999999809 3.417414070423541
2.1539999999999964 3.4561819870009285
1.9869999999999948 3.4562657272269757
0.11299999999999955 3.4286803542812603
2.4110000000000014 3.401094981335545
0.09000000000000341 3.4189284892135796
2.062999999999988 3.4367619970916143
2.25 3.463011555555555
2.205999999999989 3.4777660924750675
0.09300000000001774 3.412618027064121
2.34699999999998 3.3474699616531742
4.902000000000015 3.200554875560996
0.09299999999998931 3.147029277005332
5.5730000000000075 3.0935036784496677
0.12899999999999068 3.1383788167435682
3.6030000000000086 3.183253955037469
