0.39999999999999997 3.63602
0.10700000000000004 3.6591934319526622
0.33799999999999997 3.682366863905325
0.30500000000000005 3.6683803278688534
0.09699999999999998 3.635627148622295
0.8489999999999998 3.6028739693757363
0.9129999999999998 3.606230010952902
0.0900000000000003 3.5961939086661543
1.7869999999999995 3.586157806379407
0.10900000000000087 3.587066025527494
2.0189999999999992 3.5879742446755816
2.811 3.01810601209534
0.0990000000000002 2.790317771514399
6.417 2.5625295309334577
6.606999999999999 2.6265488118662024
0.09700000000000131 2.3463171815985007
8.415999999999997 2.066085551330799
0.09800000000000253 2.0214680723651233
6.150999999999996 1.9768505933994471
0.13500000000000512 2.426862060847084
2.6329999999999956 2.876873528294721
0.25200000000000244 3.2655923392905954
2.2689999999999984 3.6543111502864702
1.649000000000001 3.986081261370528
0.9420000000000002 4.992577494692145
1.1910000000000025 6.493360201511336
0.10899999999999466 6.4810923504612035
2.547000000000004 6.468824499411072
3.807000000000002 4.666616233254531
0.1039999999999992 3.8818480555969295
5.570999999999998 3.0970798779393287
0.12700000000000244 2.824195348600684
6.396000000000001 2.551310819262039
0.125 2.2807207525079534
8.661999999999992 2.0101306857538677
0.12100000000000932 2.0686429519180782
5.662999999999997 2.127155218082289
3.024000000000001 2.312632275132275
3.8500000000000085 1.865924155844156
0.1280000000000001 1.7576639441032342
4.393999999999991 1.6494037323623123
0.1150000000000091 2.7454850954407455
2.2419999999999902 3.841566458519179
2.570999999999998 2.359228315830416
0.125 2.5828568553548044
2.7730000000000103 2.8064853948791924
0.12199999999999989 3.470638883880275
1.887999999999991 4.134792372881357
0.1110000000000042 3.8310085034522885
1.9809999999999945 3.52722463402322
0.3120000000000118 3.271436961561373
2.5319999999999965 3.015649289099526
2.5449999999999875 2.7821202357563846
2.9819999999999993 2.7775425888665333
0.12399999999999523 2.7772097247444982
2.956000000000003 2.7768768606224628
2.7180000000000035 2.778342899190581
3.1710000000000065 4.843345316934721
0.11399999999999011 5.541857184439028
2.753 6.240369051943335
3.7649999999999864 4.534119521912351
4.455999999999989 3.852998204667864
5.784999999999997 2.915804321521176
0.11400000000000432 2.915740665932426
5.994 2.9156770103436767
0.10999999999998522 3.031969068970058
5.392000000000024 3.148261127596439
0.10499999999998977 2.7989695316469847
7.246999999999986 2.4496779356975305
0.24800000000001887 2.414953781626419
7.141999999999996 2.380229627555307
5.693999999999988 3.156313312258517
0.10400000000001342 2.991590890363493
5.549999999999983 2.826868468468469
2.4250000000000114 2.7921484536082484
2.0740000000000123 2.3099324975892
