1.284 1.1327165109034267
0.119 1.1388697549917317
1.087 1.1450229990800367
0.1160000000000001 1.1427744964819144
0.9809999999999999 1.140525993883792
0.1160000000000001 1.141179434040151
1.089 1.1418328741965105
0.10599999999999987 1.1384233815426996
1.1520000000000001 1.135013888888889
0.15399999999999991 1.1428554638066313
0.8780000000000001 1.1506970387243733
0.12300000000000022 1.1452184078380232
1.0760000000000005 1.1397397769516728
0.12799999999999834 1.1296600265428975
5.07 1.1195802761341225
0.13700000000000045 1.1201271945716602
6.088000000000001 1.1206741130091982
0.09299999999999997 1.1368316157223881
6.3409999999999975 1.1529891184355778
6.381999999999998 1.1780871200250707
0.12199999999999989 1.1447237538344615
6.603999999999999 1.1113603876438523
0.10300000000000153 1.0739347094212692
7.308 1.0365090311986864
1.1920000000000002 1.2067181208053692
0.10099999999999909 1.2122764517070324
0.9200000000000017 1.2178347826086957
0.9099999999999966 1.2159384615384616
0.1010000000000062 1.2076052922565594
2.4069999999999965 1.1992721229746572
0.1109999999999971 1.164945648452088
2.639000000000003 1.1306191739295186
0.13799999999999812 1.1205356455966813
4.605000000000004 1.1104521172638437
0.09599999999999653 1.142856465756604
6.288000000000004 1.1752608142493641
0.10899999999999466 1.0033935220698906
8.578000000000003 0.8315262298904172
0.3100000000000023 0.7969515207423101
1.6559999999999917 0.7623768115942029
1.465999999999994 0.8945538881309686
0.1110000000000042 1.053015117882866
0.9089999999999918 1.2114763476347634
0.09100000000000819 1.195832473143815
6.086999999999989 1.1801885986528668
0.10900000000000887 1.174285819558579
6.203000000000003 1.1683830404642914
0.09799999999999898 1.1785871033929463
7.24499999999999 1.188791166321601
0.23900000000000432 1.1903452785822979
5.088999999999999 1.1918993908429947
0.12700000000000955 1.1877659691857558
6.574999999999989 1.183632547528517
0.1290000000000049 1.1927396608610328
0.9920000000000044 1.2018467741935486
0.2819999999999965 1.2000518361928734
1.051000000000002 1.198256898192198
1.0529999999999973 1.1964900284900286
0.1490000000000009 1.1991126015723905
2.4620000000000033 1.2017351746547522
0.1389999999999958 1.2107332589691673
1.0720000000000027 1.2197313432835823
0.12999999999999545 1.2093993039287867
2.676000000000002 1.199067264573991
0.12199999999999989 1.182934126724573
6.472000000000008 1.1668009888751547
0.3059999999999832 1.1882227304881892
4.820999999999998 1.2096444721012238
0.09700000000000841 1.1620952062153735
6.736999999999995 1.1145459403295235
6.615000000000009 1.0989145880574451
6.35499999999999 1.171458064516129
0.13999999999998636 1.1890644043273815
0.981000000000023 1.206670744138634
0.12199999999998568 1.201697664121073
1.0819999999999936 1.196724584103512
0.11200000000002319 1.2034039587184227
0.9599999999999795 1.2100833333333332
0.1419999999999959 1.1905874248496993
2.9939999999999998 1.1710915163660653
0.11200000000002319 1.1690733633018626
2.734999999999985 1.16705521023766
0.2470000000000141 1.1674812248601707
6.726999999999975 1.1679072394826815
0.09000000000000341 1.1684602160474094
5.685000000000002 1.1690131926121374
0.11000000000001364 1.1707368993363716
5.775000000000006 1.1724606060606058
0.12999999999999545 1.1831403453926255
4.013000000000005 1.193820084724645
