0.489 2.9742494887525566
0.12 2.9794988450957027
0.4169999999999999 2.984748201438849
0.375 2.983616
0.127 2.9791955598086126
0.4179999999999999 2.9747751196172247
0.43999999999999995 2.9716727272727272
2.0709999999999997 3.0943814582327374
0.11899999999999977 2.6872788625756066
3.1770000000000005 2.280176266918476
0.14700000000000024 1.9711907980360408
5.103999999999999 1.6622053291536052
2.0619999999999994 3.3087604267701263
6.316000000000001 1.1575528815706146
0.11400000000000077 1.5711935474378946
3.7880000000000003 1.9848342133051746
0.09099999999999753 1.8009017949099126
4.5390000000000015 1.6169693765146507
4.956000000000003 1.528411622276029
0.3260000000000005 1.5650201823954992
5.177 1.6016287425149698
0.13799999999999812 1.6472022157076525
3.8830000000000027 1.6927756889003351
0.12399999999999523 1.4660689990063012
5.959000000000003 1.2393623091122672
0.1419999999999959 1.2695628352284025
5.950000000000003 1.2997633613445378
5.203000000000003 1.3618512396694216
0.09700000000000131 1.415008117047643
5.381999999999998 1.4681649944258641
0.12000000000000455 1.6075893465280005
1.6059999999999945 1.747013698630137
1.5300000000000011 2.0207686274509804
1.5849999999999937 2.018392429022082
0.11199999999999477 1.9464626868142478
1.7150000000000034 1.8745329446064138
0.09000000000000341 1.7972517157857448
4.0660000000000025 1.7199704869650758
0.12899999999999068 1.7211465956762564
4.1710000000000065 1.7223227043874372
0.12999999999999545 1.7441389350397225
4.103999999999999 1.7659551656920078
0.09499999999999886 1.8078908130865539
4.656000000000006 1.8498264604810999
3.2479999999999905 1.8674802955665024
4.067999999999998 1.9130737463126846
0.1290000000000049 2.004950518066361
3.722999999999999 2.096827289820037
5.040000000000006 1.386395238095238
0.26500000000000057 1.2675637992793023
6.646999999999991 1.1487323604633666
5.124000000000009 1.3818298204527715
0.10500000000000398 1.1302652178860506
9.426000000000002 0.8787006153193295
1.5979999999999848 0.8977622027534418
0.8070000000000164 1.585268897149938
0.09399999999999409 1.5830848990254194
0.6659999999999968 1.580900900900901
0.132000000000005 1.5642653247147629
1.8689999999999998 1.547629748528625
0.132000000000005 1.5486781615146965
1.9529999999999745 1.549726574500768
4.960999999999984 1.5006280991735534
0.3259999999999934 1.4261258976481819
5.081000000000017 1.3516236961228105
0.13899999999998158 1.3655864106455238
5.944000000000017 1.379549125168237
0.15099999999998204 1.6580946936958365
3.6610000000000014 1.936640262223436
0.13700000000000045 2.0424552289887514
3.6270000000000095 2.148270195754067
3.3619999999999948 2.2819607376561573
3.444000000000017 2.2812171893147504
2.561000000000007 2.5950175712612262
2.568000000000012 2.6366666666666667
1.8149999999999977 2.6395592286501377
