0.606 2.4000132013201325
0.09999999999999998 2.5594264914742126
4.213 2.718839781628293
2.548 4.084357927786499
3.7169999999999996 3.272060263653484
2.558 4.605341673182174
0.7599999999999998 3.353305263157895
3.3339999999999996 3.331500899820036
3.7300000000000004 3.514786058981233
1.7929999999999993 3.805166759620747
0.10100000000000264 3.552945456559809
2.215 3.3007241534988707
2.350999999999999 3.198022968949383
1.093 6.7149350411710875
0.10699999999999932 6.703230771468935
1.1320000000000014 6.691526501766783
2.689 6.7694339903309775
0.10799999999999699 7.161362946201271
2.1240000000000023 7.553291902071563
2.7779999999999987 6.198655147588194
0.11899999999999977 5.780462234215642
3.416000000000004 5.362269320843091
2.929000000000002 5.625160805735746
3.585000000000001 4.955594979079499
0.11899999999999977 4.281459626274017
4.783000000000001 3.607324273468535
0.1180000000000021 3.5444541145452337
4.686999999999998 3.481583955621933
0.3019999999999996 3.577087274161947
4.741 3.6725905927019618
5.024999999999999 3.536725970149254
5.322999999999993 3.072064625211347
3.8259999999999934 4.572483010977522
3.7099999999999937 4.53958167115903
0.0940000000000083 4.319491798146359
4.674999999999997 4.099401925133689
0.125 3.924716888404733
4.206999999999994 3.7500318516757774
0.09300000000000352 3.6979143032930555
4.6839999999999975 3.645796754910333
0.11599999999999966 4.497152316287419
3.237000000000009 5.348507877664504
0.24799999999999045 6.416074213289978
2.2590000000000003 7.48364054891545
2.243000000000009 7.660640213999109
2.3870000000000005 7.343356514453289
0.1110000000000042 7.619474545530485
2.316999999999993 7.895592576607681
3.9819999999999993 4.6364379708689105
0.12199999999999989 4.232458271148741
4.480000000000004 3.828478571428571
0.117999999999995 4.099533537279454
3.513999999999996 4.370588503130336
3.8289999999999935 4.48674223034735
5.2520000000000095 3.2503731911652705
0.23599999999999 3.390813909445243
4.861999999999995 3.531254627725216
3.686000000000007 4.576214867064567
0.09199999999998454 3.9534941306925653
5.247000000000014 3.330773394320564
4.590000000000003 3.698349455337689
0.10599999999999454 3.658102382040151
4.906999999999982 3.617855308742613
0.09200000000001296 5.153988653977761
2.540999999999997 6.690121999212908
2.531000000000006 7.100769656262348
2.2409999999999854 7.000946006247211
2.7789999999999964 6.2037049298308755
0.3130000000000166 5.69436241066589
2.211999999999989 5.185019891500904
