0.452 3.217716814159292
0.386 3.224455958549223
0.11399999999999999 3.1960293336764174
0.8859999999999999 3.1676027088036123
0.10999999999999988 2.3379532281690643
2.028 1.5083037475345165
0.11600000000000055 1.159830533205405
4.057999999999999 0.8113573188762938
0.16800000000000104 0.9734022597216339
5.644 1.1354472005669738
0.09799999999999898 1.1671047023850922
6.043000000000001 1.1987622042032107
1.1999999999999993 1.1589933333333333
0.10400000000000276 1.1630784672474992
1.0329999999999977 1.167163601161665
2.4529999999999994 1.1831879331430901
0.13500000000000156 1.3263209556511084
1.9229999999999983 1.4694539781591265
3.7089999999999996 1.9788147748719327
4.355999999999998 1.7389366391184575
0.24199999999999733 1.9129659284190323
3.973000000000006 2.086995217719607
3.396000000000001 1.9355265017667844
0.1110000000000042 1.8281267177985832
4.2919999999999945 1.7207269338303819
0.09800000000000608 1.727552522757308
4.458999999999996 1.7343781116842343
3.7079999999999984 1.910925566343042
0.09299999999999642 1.8927894735629802
4.215000000000003 1.8746533807829184
0.09299999999999642 1.8787330598182108
3.9250000000000043 1.8828127388535032
3.218999999999994 2.2158533706119914
3.8700000000000045 1.9746377260981915
0.3199999999999932 2.122167632099506
3.412000000000006 2.269697538100821
0.09900000000000375 1.6217187217098368
7.182000000000002 0.9737399053188527
0.11199999999999477 0.9937714485668494
7.0859999999999985 1.0138029918148461
0.15399999999999636 1.7160239516965454
2.997 2.418244911578245
3.6430000000000007 2.3642031292890473
5.268000000000001 1.1514001518602885
0.117999999999995 4.494322432425613
0.9930000000000092 7.8372447129909375
0.11299999999999955 5.388770755742173
2.654999999999987 2.940296798493408
3.3530000000000086 2.083934387116016
2.4470000000000027 1.3087764609726196
5.048000000000002 0.9260681458003168
0.16499999999999204 0.8143847111980308
4.700000000000003 0.7027012765957448
0.10099999999999909 1.2146707897492817
4.754000000000005 1.7266403029028186
0.10899999999999466 1.3644839422663815
7.534000000000006 1.0023275816299444
3.4070000000000107 1.7116806574699148
0.10099999999999909 1.5382009248818131
5.5020000000000095 1.3647211922937112
0.10899999999998045 1.4486501047789937
0.7530000000000143 1.5325790172642761
0.3170000000000073 1.7830234058344803
1.5370000000000061 2.033467794404684
0.26199999999997203 2.2793263248192686
1.7960000000000207 2.5251848552338534
0.1209999999999809 2.095376588603619
3.0810000000000173 1.6655683219733852
0.3079999999999927 1.6626109400129097
4.271999999999991 1.6596535580524343
0.14000000000001478 1.697701138571773
4.489000000000004 1.7357487190911116
0.10899999999998045 1.6638851501660166
4.819000000000017 1.5920215812409213
0.10200000000000387 1.5442500287156988
5.25 1.4964784761904764
0.13700000000000045 1.1859839357635296
7.59099999999998 0.8754893953365828
0.13000000000002387 1.177093900551017
4.578999999999979 1.478698405765451
0.09499999999999886 1.6013139383990982
2.7789999999999964 1.7239294710327453
