1.301 1.1179154496541124
0.10699999999999998 1.125217961405764
1.0990000000000002 1.1325204731574159
0.09599999999999964 1.1319103882470598
0.9890000000000003 1.1313003033367037
0.11899999999999977 1.1318869458395722
1.0979999999999999 1.1324735883424408
0.09700000000000042 1.128859857854525
1.162 1.1252461273666092
0.13699999999999957 1.133420803796299
0.8850000000000007 1.1415954802259887
0.125 1.1491364034996283
2.438999999999999 1.1566773267732677
0.1620000000000008 1.1163838181304189
7.884 1.0760903094875698
0.10999999999999943 1.0676728523062753
6.440999999999999 1.0592553951249806
0.15600000000000236 1.0449296428683827
7.093999999999998 1.030603890611785
0.10699999999999932 1.0885370779682892
6.558 1.1464702653247938
0.3230000000000004 1.1692198654868244
1.0480000000000018 1.191969465648855
1.0399999999999991 1.236507692307692
1.2010000000000005 1.1976752706078266
0.2809999999999988 1.184517913323027
2.3019999999999996 1.1713605560382274
0.11299999999999955 1.1653621141884845
2.527000000000001 1.1593636723387415
0.9789999999999992 1.1726986721144024
0.11500000000000199 1.1762354499433152
6.006 1.1797722277722278
0.09100000000000108 1.1784205992130914
6.713000000000001 1.177068970653955
6.526999999999994 1.1322261375823504
6.116 1.1662576847612818
6.890000000000001 1.1091216255442669
0.10699999999999932 1.1673720277254045
1.0700000000000074 1.2256224299065421
0.13799999999999102 1.1875669560806197
0.9579999999999984 1.1495114822546972
0.14000000000000057 1.1489926777049315
2.507000000000005 1.1484738731551656
2.524000000000001 1.2034865293185422
2.909000000000006 1.1709343416981781
0.09099999999999397 1.1738485267812924
1.8880000000000052 1.1767627118644068
0.12199999999999989 1.168494045105661
4.295000000000002 1.160225378346915
0.09299999999998931 1.1531079915809737
6.812000000000012 1.1459906048150326
0.09099999999999397 1.1513293530613815
6.040999999999997 1.1566681013077305
6.583999999999989 1.1597241798298905
0.12199999999999989 1.152625073250975
6.180999999999997 1.1455259666720594
0.12199999999999989 1.1523867109597572
2.8490000000000038 1.1592474552474552
0.14300000000000068 1.1680667136778704
1.2190000000000083 1.1768859721082856
0.09100000000000819 1.1237199735018417
1.1949999999999932 1.0705539748953976
0.103999999999985 1.0618272129499537
2.4390000000000214 1.0531004510045099
2.585000000000008 1.118963249516441
0.11099999999999 1.1386180173649763
6.2760000000000105 1.1582727852135115
0.12299999999999045 1.1546323728170216
6.468000000000018 1.1509919604205319
0.1419999999999959 1.1583851331554365
5.890999999999991 1.1657783058903413
0.10200000000000387 1.1606008621180606
7.097000000000008 1.1554234183457799
0.28899999999998727 1.1710109941575682
0.9790000000000134 1.1865985699693564
0.13999999999998636 1.1729864170284126
1.188999999999993 1.1593742640874687
0.10500000000001819 1.1626714252374515
1.1459999999999866 1.1659685863874345
2.7420000000000186 1.1489540481400438
2.296999999999997 1.152992599042229
0.10400000000001342 1.152607149194317
3.8249999999999886 1.1522216993464052
4.140000000000015 1.1571980676328506
