1.721 0.8450947123765253
1.466 0.8490040927694406
0.129 0.8489542466882104
1.318 0.8489044006069802
1.4669999999999996 0.8476182685753237
0.12900000000000045 0.8445092629877906
1.5539999999999994 0.8414002574002574
0.1590000000000007 1.0678580888991336
3.2159999999999993 1.29431592039801
3.7609999999999992 1.926115394841797
0.1280000000000001 1.9844754677074388
4.1530000000000005 2.0428355405730803
3.256999999999998 2.094769419711391
3.378 2.164329188869153
0.11999999999999744 2.260621020766865
3.1900000000000013 2.3569128526645766
0.1059999999999981 2.014001052926095
4.3919999999999995 1.6710892531876138
0.11500000000000199 2.3414706703313817
2.5150000000000006 3.011852087475149
2.3729999999999976 3.49415592077539
0.31500000000000483 3.279256981366716
2.144999999999996 3.0643580419580423
3.392000000000003 2.1772877358490565
0.09499999999999886 3.0736520814768897
1.9480000000000004 3.970016427104723
1.7830000000000013 3.974039259674705
0.12100000000000222 3.8543528230263373
4.756999999999998 3.7346663863779694
6.554000000000002 2.632565151052792
3.610999999999997 4.519020769869842
4.311999999999998 4.037975881261596
0.09199999999999875 4.377274564834619
3.7680000000000007 4.716573248407642
0.12600000000000477 4.597142045890568
3.652000000000001 4.477710843373494
2.7079999999999984 6.4602363367799125
0.0940000000000083 6.3617373576796545
2.688999999999993 6.2632383785793975
0.29999999999999716 7.050781561477837
2.4450000000000074 7.838324744376278
1.9959999999999951 7.904
0.10299999999999443 8.023748211731043
2.0970000000000084 8.143496423462087
0.1039999999999992 8.14542350584869
2.125 8.147350588235295
2.6059999999999945 6.487161933998466
0.09600000000000364 6.457725374032529
2.673000000000002 6.428288814066592
0.12600000000000477 5.436328991211795
3.9439999999999884 4.444369168356999
4.464999999999989 4.097220156774916
4.575000000000003 4.035474535519126
0.3160000000000025 4.02800262172112
4.265999999999991 4.020530707923113
3.3059999999999974 4.645568058076226
0.09199999999999875 5.065398332997245
3.132000000000005 5.4852286079182635
2.9510000000000076 5.78480515079634
2.7510000000000048 6.240988731370411
2.7860000000000156 6.054532663316583
0.11599999999998545 5.205846236918825
4.010999999999996 4.3571598105210665
0.09200000000001296 4.3571507471496504
3.8959999999999866 4.357141683778234
0.10200000000000387 4.663567482426631
3.5720000000000027 4.969993281075028
0.31800000000001205 5.191939315696749
3.1399999999999864 5.413885350318471
3.2360000000000184 5.553784919653894
2.5880000000000223 6.062256568778979
0.11099999999999 6.280298280620171
2.6529999999999916 6.498339992461363
1.7659999999999911 6.49448697621744
