0.428 3.398149532710281
0.366 3.400655737704918
0.32799999999999996 3.4111463414634144
0.9119999999999999 3.3539912280701754
1.56 3.348071794871795
2.467 2.5976749087961086
3.0780000000000003 2.353515269655621
0.12299999999999933 2.354422265588499
3.6020000000000003 2.355329261521377
0.10100000000000087 2.4145507801442996
2.758000000000001 2.473772298767223
2.803000000000001 2.608313949339993
0.09499999999999886 2.4866911048996285
3.179000000000002 2.365068260459264
0.129999999999999 2.097674279855567
4.009999999999998 1.8302802992518705
3.472999999999999 2.1810561474229773
0.31099999999999994 2.3930150356970374
3.183 2.604973923971097
0.125 2.7963615074400945
2.200000000000003 2.9877490909090914
0.09599999999999653 3.4012505785123968
1.936 3.814752066115702
4.4069999999999965 4.156458361697299
3.824000000000005 4.308602510460251
7.5589999999999975 2.3502854874983465
6.948 2.483280368451353
6.674999999999997 2.444671760299625
0.1290000000000049 2.317690183119113
7.947999999999993 2.190708605938601
0.2400000000000091 2.142718111462673
3.6969999999999885 2.094727616986746
0.11800000000000921 2.0949072476785133
3.337999999999994 2.095086878370281
3.0120000000000005 2.3850624169986716
2.655000000000001 2.7297476459510364
3.228999999999999 2.6673248683803035
2.1559999999999917 2.8133469387755103
1.7620000000000005 4.416790011350738
1.7689999999999912 4.412938383267383
1.899000000000001 3.6795323854660347
0.10699999999999932 3.431062358689676
5.399000000000001 3.182592331913317
0.10000000000000853 3.1824900657387936
5.507999999999996 3.18238779956427
0.09199999999999875 2.6196449904050274
8.894000000000005 2.056902181245784
0.10799999999998988 2.1281895686507593
3.7319999999999993 2.199476956055735
4.649000000000001 1.6243355560335555
3.1079999999999757 1.8763500643500646
3.0720000000000027 2.4442369791666665
2.8830000000000098 2.5214429413805064
0.12100000000000932 2.5285375469845315
2.9359999999999786 2.535632152588556
3.312000000000012 2.073550724637681
2.8289999999999793 2.898564863909509
0.26700000000002433 2.8985955963047134
2.445999999999998 2.898626328699918
2.3940000000000055 3.2547101086048458
0.10099999999999909 3.6231802364043997
1.921999999999997 3.991650364203953
0.09000000000000341 3.302503093982157
6.8770000000000095 2.613355823760361
0.117999999999995 2.61084416291925
6.015000000000015 2.608332502078138
8.59899999999999 2.0048954529596466
0.09600000000000364 2.4339584603789746
4.006 2.8630214677983026
