0.582 2.498982817869416
0.11599999999999999 2.51180378215986
0.4930000000000001 2.5246247464503044
0.11199999999999988 2.51945394625886
0.44500000000000006 2.514283146067416
0.4929999999999999 2.522223123732252
0.11800000000000033 2.497030480785045
1.3319999999999999 2.471837837837838
2.602 2.462899308224443
0.09100000000000019 2.461768947590482
2.944 2.460638586956521
2.9339999999999993 2.8915800954328557
1.7279999999999998 3.9483009259259263
4.901999999999999 3.5401077111383112
0.09800000000000253 3.6281619983347038
4.6789999999999985 3.7162162855310963
0.12300000000000111 3.8875019651593705
4.143999999999998 4.058787644787645
4.640999999999998 3.8085981469510886
5.162999999999997 3.525664923494092
4.0390000000000015 3.9720703144342657
4.317 3.988849664118601
4.644999999999996 3.94349020452099
0.24799999999999756 3.895623663680392
4.282000000000004 3.847757122839794
0.12700000000000244 3.899613436864737
4.495999999999995 3.95146975088968
0.1039999999999992 3.9644199837897
4.338000000000001 3.977370216689719
4.0859999999999985 3.9936818404307393
0.11299999999999955 4.000033741200183
4.346000000000004 4.0063856419696275
4.4750000000000085 3.971407374301676
0.1280000000000001 3.9857770726694293
4.087999999999994 4.0001467710371825
0.10999999999999943 4.004004656996255
4.365000000000009 4.007862542955326
4.171999999999997 4.03687631831256
0.3190000000000026 4.043021298814002
4.73299999999999 4.049166279315445
3.896000000000001 4.049379876796714
0.10199999999998965 4.047541395399068
4.221000000000004 4.045702914001422
4.284000000000006 4.041344537815126
0.11299999999999955 4.042382864458867
4.180999999999997 4.043421191102607
0.117999999999995 3.9886080314487398
4.368000000000009 3.933794871794872
4.522999999999996 3.8754348883484413
4.6200000000000045 3.959759307359308
4.623999999999995 3.9927110726643606
0.2680000000000007 4.006620890293737
4.265999999999991 4.020530707923113
3.820999999999998 4.019431562418214
4.27200000000002 4.021473782771536
0.13399999999998613 3.99797581976193
1.8290000000000077 3.9744778567523245
1.8810000000000002 3.957796916533759
0.11899999999999977 3.9580339049527584
1.7349999999999852 3.9582708933717576
4.390000000000015 3.9809949886104787
0.11099999999999 4.000374832690274
4.223000000000013 4.019754676770069
4.402999999999992 4.031981830570066
0.28600000000000136 4.030161531398777
4.219999999999999 4.028341232227487
4.826999999999998 3.7232334783509433
4.119 3.808963340616655
4.284999999999997 4.023359626604434
0.1150000000000091 3.93540742148739
2.9809999999999945 3.8474552163703457
