1.146 1.2691169284467714
0.972 1.2804938271604938
0.125 1.2795931992945326
0.875 1.2786925714285715
0.125 1.278326758478931
0.9730000000000003 1.2779609455292908
0.1349999999999998 1.343708212490673
2.3359999999999994 1.4094554794520548
2.2889999999999997 1.1133735255570119
0.14200000000000124 0.9747567094293654
3.3739999999999988 0.8361398933017191
0.12700000000000067 0.9365821089782034
8.181 1.0370243246546877
0.0940000000000012 0.9813166664651813
7.370999999999999 0.9256090082756748
0.12900000000000134 1.0248449081782414
0.9899999999999984 1.1240808080808078
0.10900000000000176 1.176731628309093
0.9229999999999983 1.229382448537378
0.25 1.3564869487342475
0.8420000000000023 1.4835914489311166
0.7880000000000003 1.6319390862944165
0.1180000000000021 1.6534608620628344
3.282999999999994 1.674982637831252
0.12000000000000455 1.5087584757783712
4.896000000000001 1.3425343137254901
0.2890000000000015 1.2401594692953442
6.491 1.1377846248651982
0.10899999999999466 1.5260200352048763
4.039999999999999 1.9142554455445544
5.135000000000005 1.3798854917234664
6.253 1.2636596833519913
0.14000000000000057 1.2011703655588923
6.490000000000002 1.1386810477657934
0.10099999999999909 1.3780516349940077
4.409999999999997 1.6174222222222223
0.10999999999999943 1.5130288991295444
5.424999999999997 1.4086355760368665
5.6710000000000065 1.3655806736025393
0.13400000000000034 1.3050527802401837
2.2099999999999937 1.244524886877828
1.9919999999999902 1.4453935742971886
0.10200000000000387 1.5581203295028299
1.8179999999999978 1.670847084708471
1.3100000000000023 2.6001893129770988
1.4699999999999989 2.6512108843537416
3.3349999999999937 2.3335484257871064
3.421999999999997 2.2812647574517833
3.0659999999999883 2.279005870841487
0.1360000000000099 2.147107052602058
3.7890000000000015 2.0152082343626287
0.11199999999999477 1.996224055745961
3.581000000000003 1.9772398771292934
0.12399999999999523 1.7159321970823846
5.694000000000003 1.4546245170354761
0.11400000000000432 1.519022135060948
5.1839999999999975 1.58341975308642
0.10200000000000387 1.9880875698258464
3.1559999999999917 2.392755386565273
0.2330000000000041 2.231835079646273
2.8160000000000025 2.0709147727272725
0.10599999999999454 1.8381830652176023
4.6769999999999925 1.6054513577079323
0.11400000000000432 1.4793191263595507
5.372000000000014 1.353186895011169
0.15500000000000114 1.6050813497255896
4.008999999999986 1.85697580444001
2.033999999999992 2.2297109144542775
3.413000000000011 2.40259009668913
0.09499999999999886 2.024569549041267
4.305999999999983 1.6465490013934045
0.09000000000000341 1.742983660281216
4.236000000000018 1.8394183191690274
4.085000000000008 1.8780788249694005
0.3060000000000116 1.7446702574395814
4.875999999999976 1.611261689909762
0.14300000000000068 1.5867591947433155
4.254000000000019 1.562256699576869
3.6499999999999773 1.8550575342465756
2.7520000000000095 1.7408430232558139
