0.439 3.313002277904328
0.375 3.3190399999999998
0.857 3.274791131855309
0.909 3.365060506050605
0.7530000000000001 4.372494023904383
1.634 3.921948592411261
2.2039999999999997 3.2868058076225046
0.09200000000000053 3.3338786373414235
5.419 3.380951467060343
4.175999999999998 3.9376800766283533
0.12300000000000111 4.139669160155558
3.997 4.341658243682762
0.10000000000000142 4.393244254765716
3.911999999999999 4.444830265848671
3.5020000000000024 4.8028600799543115
0.09999999999999787 4.248807130278159
4.783999999999999 3.6947541806020068
0.11700000000000443 3.9498266167505296
4.329000000000001 4.204899052899052
3.158999999999999 5.07856663501108
0.23100000000000165 5.721076369981519
2.706000000000003 6.363586104951959
0.09799999999999898 6.525625107970686
2.738999999999997 6.687664110989413
2.363999999999997 6.969583756345178
2.354999999999997 7.5438675159235675
2.2149999999999963 7.7895404063205405
2.0820000000000007 7.837744476464937
0.1180000000000021 7.814118770670947
2.2349999999999994 7.790493064876958
2.270000000000003 7.829096035242292
2.091000000000001 7.820468675274988
0.30299999999999727 7.748391424078916
2.2790000000000035 7.676314172882843
2.1909999999999883 7.686831583751711
0.10900000000000887 7.721340518707098
2.4710000000000036 7.755849453662486
2.0160000000000053 7.825587301587301
2.1779999999999973 7.840639118457299
2.2830000000000013 7.583495400788436
0.11499999999999488 6.903961249731479
2.715999999999994 6.224427098674521
2.840999999999994 6.048157690953891
2.8689999999999998 6.109652143604043
0.22100000000000364 6.455214175891241
2.6899999999999977 6.800776208178439
0.11400000000000432 6.94265518006773
2.6059999999999945 7.084534151957021
0.0940000000000083 7.153126865452195
2.375 7.2217195789473685
2.1030000000000086 7.303018544935806
0.09899999999998954 6.857880306435801
2.679000000000002 6.412742067935797
0.12199999999999989 6.198127080234985
2.8530000000000086 5.983512092534173
2.951999999999998 5.8160433604336035
4.379000000000005 3.852004567252797
0.12300000000000466 4.147223432584203
3.9339999999999975 4.4424422979156075
0.257000000000005 4.716873016055716
3.4009999999999962 4.991303734195825
0.10699999999999932 5.335193773687804
3.1260000000000048 5.6790838131797825
2.444999999999993 6.95280163599182
2.9210000000000065 6.152703868538172
2.813999999999993 5.575380241648898
3.0900000000000034 5.579319093851132
0.10999999999998522 5.811067344607337
1.8979999999999961 6.042815595363542
