0.941 1.5455982996811901
0.7970000000000002 1.5616562107904641
0.10199999999999987 1.5599757377072097
0.7180000000000002 1.5582952646239554
0.7949999999999999 1.5640955974842767
0.10200000000000031 1.557573302893977
0.843 1.5510510083036775
1.9430000000000005 1.3116376737004631
4.424999999999999 1.6370892655367233
12.712 0.667392699811202
0.12199999999999989 0.726425991599412
1.5350000000000001 0.7854592833876222
0.1559999999999988 0.7659154230486065
1.4909999999999997 0.7463715627095909
0.125 0.711302587075892
1.6780000000000008 0.6762336114421932
0.2870000000000026 0.6358250993340613
2.097999999999999 0.5954165872259295
0.19099999999999895 0.5960488341535053
5.18 0.5966810810810812
0.3230000000000004 0.7950918269899403
3.4979999999999976 0.9935025728987993
0.11899999999999977 0.9951749463384938
2.7050000000000054 0.9968473197781883
0.09599999999999653 0.9939771104980251
2.956000000000003 0.9911069012178619
0.15099999999999625 0.8854693525954188
9.917000000000002 0.7798318039729757
2.7010000000000005 1.104666419844502
1.1439999999999984 1.1565314685314685
2.334000000000003 1.202101113967438
8.804000000000002 0.8101808268968649
1.8669999999999902 4.093116229244777
1.972999999999999 3.92509275215408
2.3549999999999898 2.9695966029723992
0.23799999999999955 3.3526630960779835
1.9230000000000018 3.735729589183568
1.7609999999999957 4.115547984099943
2.1980000000000075 3.918467697907188
0.10999999999999943 3.5053318497376003
5.102000000000004 3.0921960015680128
0.09299999999998931 3.593689367690481
4.170000000000002 4.095182733812949
4.838000000000008 3.5785696568830088
3.038000000000011 5.564695194206715
2.560999999999993 6.709416634127294
2.3190000000000026 7.558685640362225
3.284000000000006 5.5706723507917175
0.12099999999999511 5.379083857328986
3.5590000000000117 5.187495363866255
0.23399999999999466 5.290537619040046
3.1799999999999926 5.393579874213838
2.7960000000000065 5.492935622317596
0.1039999999999992 5.734247985071841
2.875 5.975560347826087
2.9069999999999965 5.872363261093911
0.09300000000000352 5.792913743691715
3.0049999999999955 5.713464226289518
0.09499999999999886 5.8098007405957395
2.8559999999999945 5.906137254901961
3.0219999999999914 5.783113170086036
3.044000000000011 5.576683311432325
3.201000000000022 5.546021868166197
0.29299999999997794 6.086773117318966
2.5649999999999977 6.627524366471735
2.531000000000006 7.100769656262348
2.5529999999999973 6.14536623580102
2.5010000000000048 6.893281087564975
0.10099999999999909 6.670154877677934
1.7789999999999964 6.447028667790893
