1.2830000000000001 1.1335993764614183
0.1279999999999999 1.1393111877707276
1.0870000000000002 1.1450229990800367
0.10699999999999976 1.1445237694786687
0.9780000000000002 1.1440245398773006
0.1280000000000001 1.1429287070369054
1.089 1.1418328741965105
0.10599999999999987 1.137931181243962
1.1529999999999996 1.1340294882914137
0.14900000000000002 1.13975397317065
0.8820000000000006 1.1454784580498865
0.1299999999999999 1.1356155259124132
2.5060000000000002 1.1257525937749402
0.09699999999999953 1.1221311419764615
7.584999999999999 1.1185096901779827
0.10500000000000043 1.119315918804309
6.091000000000001 1.1201221474306353
0.1059999999999981 1.136828508237249
6.338000000000001 1.1535348690438625
5.736000000000001 1.310765690376569
6.098999999999997 1.203381537957042
0.1110000000000042 1.1851608234249822
1.1019999999999968 1.166940108892922
0.09300000000000352 1.169141064218448
1.2280000000000015 1.1713420195439739
0.25900000000000034 1.1688180685955163
2.3119999999999976 1.1662941176470587
0.10799999999999699 1.194522684866935
2.396000000000001 1.2227512520868113
0.09700000000000131 1.2234723181553648
2.357999999999997 1.2241933842239185
0.14000000000000057 1.224013016968399
2.4380000000000024 1.2238326497128793
6.5489999999999995 1.2065451213925789
6.143000000000001 1.2030017906560313
5.923999999999992 1.2040567184334912
6.807000000000002 1.122645511972969
0.09600000000000364 1.119372117688612
1.1749999999999972 1.1160987234042552
0.12000000000000455 1.1210514066919024
0.9779999999999944 1.1260040899795498
0.12000000000000455 1.195562389817361
0.9279999999999973 1.2651206896551723
2.2420000000000044 1.354861730597681
2.522999999999996 1.3500784780023782
5.067999999999998 1.1968382004735594
0.14099999999999113 1.1912271441124653
6.564000000000007 1.1856160877513713
0.14000000000000057 1.1889051727700044
6.548000000000002 1.1921942577886375
0.14999999999999147 1.192294398518892
5.859999999999999 1.1923945392491466
0.13500000000000512 1.195163695730629
6.373999999999995 1.1979328522121118
0.125 1.2064214707182725
5.828000000000003 1.2149100892244336
0.2580000000000098 1.2121229318330151
2.7309999999999803 1.2093357744415965
2.6549999999999727 1.2085514124293786
0.13900000000001 1.2192837062146893
2.375 1.230016
0.12600000000000477 1.2324387692307692
2.0800000000000125 1.2348615384615385
0.13100000000000023 1.234435888684694
2.343999999999994 1.2340102389078496
0.1449999999999818 1.2291847311044102
2.4720000000000084 1.2243592233009708
0.13100000000000023 1.2187150524195909
6.1370000000000005 1.2130708815382107
6.007000000000005 1.1432661894456468
0.10299999999998022 1.1813014962098123
6.725000000000023 1.2193368029739775
0.9480000000000075 1.2254008438818567
0.15099999999998204 1.2157170448630632
1.1430000000000007 1.2060332458442695
1.100999999999999 1.2136239782016347
0.09000000000000341 1.2159994296336432
1.0510000000000161 1.2183748810656516
5.569999999999993 1.193149012567325
0.31800000000001205 1.1934503878069347
5.671999999999997 1.1937517630465444
0.14699999999999136 1.1994922337245302
3.9749999999999943 1.2052327044025157
