0.359 4.051275766016713
0.305 4.080786885245901
0.09699999999999998 4.045033442622951
0.7000000000000001 4.00928
0.09899999999999998 4.0012718537859016
0.766 3.993263707571802
0.8250000000000002 3.990894545454545
1.6110000000000002 3.977941651148355
1.8319999999999999 3.9542139737991273
5.0809999999999995 3.605860263727613
0.11700000000000088 3.389552285472452
5.181999999999999 3.1732443072172907
0.11500000000000199 3.3999563228876424
4.785 3.6266683385579936
0.11699999999999733 3.637141175782039
4.767000000000003 3.647614013006084
4.548000000000002 3.6982445030782753
4.874000000000002 3.626529339351661
0.12399999999999523 3.7157529639902114
4.783999999999999 3.804976588628761
0.11500000000000199 3.835868867946581
4.149000000000001 3.866761147264401
0.24199999999999733 3.6259168425529786
5.087000000000003 3.3850725378415567
0.12100000000000222 3.585623495047277
4.837999999999994 3.7861744522529968
5.087000000000003 3.2388629840770586
0.12099999999999511 3.0534281269235546
1.7830000000000013 2.8679932697700505
0.11500000000000199 3.2303116567615446
2.056999999999995 3.5926300437530387
1.8689999999999998 3.816389513108614
4.774000000000001 3.6472040217846664
0.1280000000000001 3.6756286886747427
4.798000000000002 3.7040533555648185
0.1039999999999992 3.616441869841106
4.634 3.528830384117393
0.25499999999999545 3.604760237293285
4.753 3.6806900904691773
5.393999999999991 3.1223299962921764
0.1039999999999992 3.3355350022664014
2.4270000000000067 3.548740008240626
0.2609999999999957 3.4235206294601714
1.8389999999999986 3.298301250679717
2.299999999999997 3.3836452173913045
0.10199999999998965 3.585681900301669
2.061000000000007 3.7877185832120333
1.9230000000000018 3.633609984399376
2.0900000000000034 3.6534086124401925
0.10600000000000875 3.6648536350791567
4.768000000000001 3.676298657718121
0.22699999999998965 3.052896208009127
7.530000000000001 2.429493758300133
0.09300000000000352 1.9432724888099195
12.671000000000006 1.4570512193197065
0.13399999999998613 1.8617092831292408
3.3319999999999936 2.2663673469387753
0.24200000000001864 2.3113040775097917
2.4749999999999943 2.356240808080808
2.4170000000000016 3.1066181216383946
2.0960000000000036 3.4681870229007625
0.10200000000000387 3.693202985134592
1.9000000000000057 3.918218947368421
0.09600000000000364 3.7578522709602713
1.9089999999999918 3.5974855945521216
0.09700000000000841 3.606732143236404
3.3789999999999907 3.615978691920687
0.11600000000001387 3.773078037756352
1.8039999999999736 3.9301773835920173
0.09600000000000364 3.6449539453917694
5.28400000000002 3.3597305071915216
0.117999999999995 3.5397777262434635
4.569999999999993 3.719824945295405
0.12800000000001432 3.612940954895069
5.125999999999976 3.506056964494733
4.48599999999999 3.4973517610343294
0.11100000000001842 2.466534641343281
12.007999999999981 1.4357175216522322
0.12999999999999545 1.6113313456825131
2.6810000000000116 1.7869451697127938
