0.817 1.7801811505507956
0.695 1.7908489208633094
0.10899999999999999 1.7948263896921048
0.6220000000000001 1.7988038585209005
0.6930000000000001 1.7943088023088025
0.11000000000000032 1.7878464992470442
0.734 1.7813841961852859
1.4399999999999995 1.7698
4.636 1.5625798101811903
5.485999999999999 1.546462996718921
0.13000000000000078 1.7037639588068143
3.6659999999999986 1.8610649208947079
0.13000000000000256 1.8147975789766235
4.133999999999997 1.7685302370585392
4.879999999999999 1.5406868852459015
0.11599999999999966 1.6619158430116774
4.116 1.7831448007774535
0.10499999999999687 1.5754662248741007
5.538000000000004 1.3677876489707477
6.542999999999999 1.2672523307351367
0.24600000000000222 1.3271319682795748
4.738999999999997 1.3870116058240132
5.5689999999999955 1.3261555036810915
0.12000000000000455 1.3042311260736743
6.030999999999999 1.2823067484662574
1.3810000000000002 2.160538740043447
0.1109999999999971 2.2007003092482424
1.4480000000000004 2.2408618784530385
1.2489999999999952 2.2463602882305844
3.0790000000000077 1.56346346216304
0.1290000000000049 1.510220577602016
5.24499999999999 1.4569776930409915
4.200000000000003 1.843859047619048
0.2779999999999916 1.7716743597755022
4.115000000000009 1.6994896719319565
3.8629999999999995 1.8596448356199844
4.602999999999994 1.5745122746035196
4.055000000000007 2.1239930949445127
3.180000000000007 1.9074138364779873
0.11699999999999022 1.776195187103927
4.731000000000009 1.6449765377298666
0.09399999999999409 1.599872056954955
5.021000000000001 1.5547675761800435
4.125 1.6939229090909091
3.6189999999999998 2.1098712351478306
0.2609999999999957 2.2179605847224044
3.043999999999997 2.3260499342969783
2.7109999999999985 1.977510881593508
0.10999999999999943 1.7546117572737088
5.358999999999995 1.5317126329539097
0.11899999999999977 1.5017300253056431
5.131 1.4717474176573766
0.09200000000001296 1.3077207376578706
5.0989999999999895 1.1436940576583645
0.10400000000001342 1.5480165556102536
3.8460000000000036 1.9523390535621428
0.132000000000005 1.8805387728621858
4.018999999999977 1.8087384921622292
4.819999999999993 1.5445261410788382
0.09100000000000819 1.5520484900717437
2.907999999999987 1.5595708390646494
1.8780000000000143 1.637933972310969
0.12399999999999523 1.6883431543797833
1.711999999999989 1.738752336448598
1.882000000000005 1.8630435706695005
0.11299999999999955 2.0390498908170542
1.4410000000000025 2.215056210964608
5.50800000000001 1.4263819898329702
0.09200000000001296 1.63750810200967
3.594999999999999 1.8486342141863699
0.12699999999998113 1.6744788620233866
4.513000000000005 1.500323509860403
2.7860000000000014 1.7195979899497489
