0.89 1.6341662921348317
0.11099999999999999 1.6402577492420192
0.756 1.6463492063492065
0.681 1.6429603524229073
0.12699999999999978 1.6515576127935632
0.7490000000000001 1.660154873164219
0.43500000000000005 3.0058298850574707
2.4090000000000003 2.660217517642175
0.09600000000000009 2.589517660072826
2.8759999999999994 2.518817802503477
0.120000000000001 2.0558692842784003
5.325999999999999 1.5929207660533233
2.4239999999999977 2.8146303630363034
2.428000000000001 3.011163097199341
2.3870000000000005 3.1497913699204023
0.11499999999999844 3.4548710947962666
1.9520000000000017 3.759950819672131
2.0169999999999995 3.7554823996033724
0.2699999999999996 3.6740219623666777
2.308 3.592561525129983
0.10900000000000176 3.5588815096535438
4.550999999999998 3.525201494177104
5.267000000000003 3.269387507119802
0.13799999999999812 3.0117432198055782
6.651000000000003 2.7540989324913547
4.872 3.3817931034482758
0.12899999999999778 3.5473028213166145
4.785000000000004 3.712812539184953
0.11199999999999477 3.7060880877742948
4.6640000000000015 3.699363636363637
4.401000000000003 3.707835491933652
0.09999999999999432 3.6198155147295035
4.930000000000007 3.531795537525355
0.2599999999999909 3.374227904509284
5.525000000000006 3.216660271493213
4.498999999999995 3.6347188264058676
0.10000000000000853 3.520798556338279
5.134999999999991 3.4068782862706906
4.51700000000001 3.7285472658844374
5.195999999999998 3.688357197844496
0.10600000000000875 3.663830732716942
4.334999999999994 3.639304267589389
4.61999999999999 3.696301298701298
4.786000000000001 3.6174508984538236
0.11899999999999977 3.627699410922629
4.647000000000006 3.637947923391435
2.0799999999999983 3.670973076923077
0.11899999999999977 3.6029593292753175
2.003 3.5349455816275586
0.0969999999999942 3.5342458283564415
2.3440000000000083 3.533546075085325
2.1539999999999964 3.810792943361189
1.9809999999999945 3.81198182735992
0.12099999999999511 3.7249852992070966
1.6030000000000086 3.6379887710542733
0.09999999999999432 3.581018590655342
4.875000000000014 3.5240484102564102
0.12299999999999045 3.553310668926736
4.764999999999986 3.5825729275970617
4.761000000000024 3.606166771686621
4.656000000000006 3.6228367697594495
5.27800000000002 3.3112103069344454
0.125 3.435372819644618
4.768999999999977 3.559535332354791
0.13100000000000023 3.052553441915853
6.974000000000018 2.5455715514769146
0.13100000000000023 2.5969059000049395
2.8969999999999914 2.648240248532965
0.10400000000001342 2.650337544928197
2.961999999999989 2.65243484132343
2.1200000000000045 3.134830188679245
1.8629999999999995 3.6344390767579173
1.3149999999999977 3.64319391634981
