0.641 2.268967238689548
0.5429999999999999 2.292154696132597
0.4950000000000001 2.2603151515151523
0.10699999999999998 2.275144684413193
0.5430000000000001 2.289974217311234
1.4720000000000004 2.2367445652173914
0.11799999999999944 2.2400765079608083
1.1360000000000001 2.243408450704225
1.2650000000000006 2.2301470355731228
2.9370000000000003 2.888626489615254
8.389 1.9601563952795327
0.1180000000000021 2.4896126444038584
5.7479999999999976 3.019068893528184
8.706999999999997 1.997034110485816
0.10000000000000142 1.7897443083692557
4.637999999999998 1.5824545062526953
4.818000000000005 1.5721892901618928
5.389000000000003 1.5386216366672851
0.10600000000000165 1.664577503160665
3.6709999999999994 1.790533369654045
0.3129999999999953 1.968096434972287
3.442 2.1456595002905288
3.664999999999999 2.1101206002728516
4.491999999999997 1.577406945681211
0.11299999999999955 1.5770338907220438
2.058 1.5766608357628766
0.13599999999999568 1.591071158622179
0.7020000000000124 1.6054814814814815
0.10799999999998988 1.5872752909363081
3.067999999999998 1.5690691003911348
0.1280000000000001 1.6151702023694803
4.6000000000000085 1.661271304347826
0.0969999999999942 1.7948049748830763
4.016000000000005 1.9283386454183267
2.6500000000000057 2.6390188679245283
0.23999999999999488 2.837001618161673
2.3670000000000044 3.034984368398817
2.2930000000000064 3.160697775839512
0.10899999999999466 3.0039508713908307
3.0250000000000057 2.8472039669421494
2.323999999999998 2.609972461273666
2.9810000000000088 2.6106621938946666
0.11700000000000443 2.6051126487288854
3.003 2.599563103563104
0.09899999999998954 2.5128773851148853
2.8800000000000097 2.4261916666666665
0.12199999999999989 2.4159351528040327
3.1739999999999924 2.405678638941399
0.12300000000000466 2.4061867022035344
2.941999999999993 2.40669476546567
0.24800000000000466 2.388612408491278
3.4939999999999998 2.370530051516886
0.11299999999999955 2.370429334161561
3.462999999999994 2.370328616806237
2.919000000000011 2.5870284343953407
2.1700000000000017 2.6874175115207373
2.9009999999999962 2.5883129955187867
0.10599999999999454 1.918779988428987
13.665000000000006 1.2492469813391873
0.14099999999999113 1.8207378865564832
3.112000000000023 2.392228791773779
2.88900000000001 2.377154724818276
0.11199999999999477 2.2833757602729565
3.7450000000000045 2.189596795727637
0.2400000000000091 2.957657042109746
1.9029999999999916 3.725717288491855
0.10499999999998977 2.930517728926662
3.649000000000001 2.135318169361469
5.139999999999986 1.4925976653696496
2.0919999999999845 3.755502868068834
0.1419999999999959 2.422135444519345
6.104000000000013 1.0887680209698558
0.09700000000000841 1.2461833471350108
4.823999999999984 1.4035986733001655
2.1370000000000005 2.241834347215723
