0.22899999999999998 6.351126637554585
0.195 6.382769230769231
0.10599999999999998 6.316658557478156
0.44900000000000007 6.250547884187083
0.79 6.254997468354431
0.10899999999999999 6.244774731049772
1.279 6.2345519937451135
0.121 5.760740939010065
2.938 5.2869298842750165
3.413999999999999 5.055735207967195
2.5649999999999995 7.142836647173489
2.3149999999999995 7.103132613390929
3.0500000000000007 5.689707540983606
3.4369999999999976 5.059114343904568
4.140000000000001 4.062709178743961
3.904 4.527588114754099
0.28500000000000014 4.978230084815165
3.3530000000000015 5.428872054876229
3.1019999999999968 5.171886524822694
0.10099999999999909 4.852907980684122
3.798000000000002 4.5339294365455505
0.10300000000000153 4.084899613072299
5.037999999999997 3.635869789599047
4.817999999999998 3.419696139476961
5.945 2.988361312026913
5.347000000000001 3.226824761548532
3.852000000000004 4.236288681204569
4.525999999999996 3.847050817498896
0.2670000000000101 3.7740093737640255
4.8019999999999925 3.7009679300291545
0.10900000000000887 3.5901222628869176
4.699999999999989 3.4792765957446807
0.10099999999999909 3.450741584257317
5.112000000000009 3.422206572769953
5.119 3.290066028521196
5.938999999999993 3.226924398046809
4.9410000000000025 3.1929536531066587
2.1610000000000014 3.601288292457196
2.147999999999996 3.63430540037244
1.9230000000000018 3.633609984399376
2.059999999999988 3.7066135922330097
1.5500000000000114 4.568061935483871
1.6970000000000027 4.880749558043606
0.10599999999999454 4.876033881924178
3.7900000000000063 4.87131820580475
0.10999999999999943 4.540664503000558
4.073999999999998 4.210010800196367
0.12699999999999534 4.044667941143902
3.959000000000003 3.879325082091437
4.2890000000000015 4.0055341571461875
0.11299999999999955 4.17963012371464
3.9209999999999923 4.353726090283091
3.8969999999999914 4.405686425455479
0.09900000000001796 5.109102344361096
2.901999999999987 5.812518263266713
0.09999999999999432 5.815141954536154
3.004000000000019 5.8177656458055935
0.28700000000000614 5.882853390527183
2.853999999999985 5.947941135248773
2.9180000000000064 6.0838985606579845
2.790999999999997 6.090863489788606
0.10900000000000887 5.308343857712233
3.9710000000000036 4.52582422563586
0.13299999999998136 4.201276333228111
4.046999999999997 3.876728440820361
4.442999999999984 3.8802826918748594
2.298999999999978 4.988805567638105
