0.751 1.9366284953395474
0.634 1.963154574132492
0.5710000000000002 1.9594676007005254
0.1299999999999999 1.955758918089666
0.637 1.9520502354788067
1.713 1.9220595446584938
3.348 1.9141170848267626
3.6549999999999994 1.9819753761969903
2.8249999999999993 3.003149026548673
1.9699999999999989 3.463281218274112
1.8030000000000008 4.0549661674986135
0.10300000000000153 3.738580899139978
5.0809999999999995 3.422195630781342
0.12199999999999989 3.3321093805410182
5.187999999999999 3.242023130300694
0.10999999999999943 3.3458070374376225
5.123999999999999 3.4495909445745507
4.618000000000002 3.94175140753573
4.0760000000000005 3.936013738959765
0.12199999999999989 3.9693857630177716
4.302 4.002757787075778
0.1039999999999992 3.764373311247225
5.195 3.525988835418672
0.10199999999999676 3.634852631751599
4.401000000000003 3.7437164280845265
0.28999999999999915 3.5725865311014244
5.222999999999999 3.4014566341183228
4.756999999999998 3.627040571788943
4.241 3.8477208205611877
1.9660000000000082 3.887003051881994
1.9930000000000092 3.8857039638735573
0.10699999999999932 3.8930471855062154
1.7929999999999922 3.9003904071388735
0.10500000000000398 2.763128289071296
10.760000000000005 1.6258661710037177
1.8700000000000045 3.875657754010695
2.4009999999999962 3.5871686797167843
0.10599999999999454 3.433815816332162
1.8490000000000038 3.280462952947539
1.9180000000000064 4.057551616266945
4.298000000000002 4.028180549092601
0.10600000000000875 3.5360153735740285
5.553999999999988 3.043850198055456
5.913000000000011 2.9059387789616102
4.727999999999994 3.7074010152284256
5.206999999999994 3.5133643172652196
0.09600000000000364 3.738324375692019
3.0130000000000052 3.963284434118818
1.9669999999999987 3.83911337061515
1.3940000000000055 4.183426111908178
0.2950000000000159 4.058708247160867
4.36699999999999 3.933990382413556
4.2379999999999995 4.028069844266163
4.099999999999994 4.187551219512196
0.10000000000002274 4.070794831509497
4.265999999999991 3.954038443506798
4.579000000000008 3.816677877265778
0.1220000000000141 3.800805382334116
4.484999999999985 3.7849328874024533
0.11699999999999022 3.810445700399584
4.628000000000014 3.8359585133967156
4.7309999999999945 3.5932361023039525
4.990000000000009 3.6016128256513027
0.30000000000001137 3.62173491793243
4.307999999999993 3.6418570102135575
0.103999999999985 3.716694504666928
4.546999999999997 3.791531999120299
3.02200000000002 3.7952561217736602
