0.442 3.2905158371040724
0.376 3.310212765957447
0.122 3.2848950008649025
0.861 3.259577235772358
1.517 3.2573816743572848
1.9830000000000005 1.660357034795764
0.1379999999999999 1.782968288435646
3.3629999999999995 1.905579542075528
0.11500000000000021 2.205230988188524
2.8919999999999995 2.504882434301521
0.11300000000000132 2.1820813661755247
4.562999999999999 1.8592802980495287
2.3160000000000025 2.945882556131261
2.376999999999999 3.075769457299116
0.129999999999999 2.7769341683331437
3.033999999999999 2.4780988793671717
2.075000000000003 3.5370718072289153
2.1430000000000007 3.5346747550163324
0.24899999999999878 3.5360302102726715
2.344000000000001 3.53738566552901
4.458000000000002 3.598742036787797
4.030000000000001 4.272919106699752
4.697999999999993 3.8990021285653476
0.10300000000000153 3.384201168775882
5.742000000000004 2.8694002089864163
6.163999999999994 2.8821881894873465
0.13000000000000256 3.0811921936029885
5.259999999999998 3.280196197718631
4.9439999999999955 3.3006035598705505
7.058000000000007 2.4669526778124116
0.23599999999999 2.4983907873047824
7.025000000000006 2.529828896797153
2.284000000000006 3.0619089316987744
0.11599999999999966 3.061377985235838
2.3470000000000084 3.0608470387729017
2.3729999999999905 3.054142435735356
0.1280000000000001 2.838797078361129
3.2830000000000013 2.6234517209869024
0.11700000000000443 2.521453822200671
2.507000000000005 2.4194559234144393
0.09299999999998931 2.4192996123133748
3.2169999999999987 2.4191433012123102
3.225999999999999 2.419866088034718
2.5450000000000017 2.745552848722986
0.24199999999999022 2.8411656551307236
2.6000000000000085 2.936778461538461
0.11099999999999 2.939202691508741
2.4070000000000107 2.94162692147902
0.09299999999998931 2.969118815298121
2.76400000000001 2.996610709117222
2.721999999999994 3.0155944158706833
2.512999999999991 3.0049884600079584
0.09200000000001296 2.8022782516695175
5.907999999999987 2.599568043331076
0.09300000000000352 2.755940658383626
5.899000000000001 2.912313273436176
0.09800000000001319 3.356308016949611
4.49199999999999 3.8003027604630457
0.10499999999998977 3.3954448831055863
5.741000000000014 2.9905870057481274
6.061000000000007 2.7830272232304902
6.459000000000003 2.705769933426227
4.932000000000016 3.441894566098945
2.5010000000000048 3.115464214314274
0.09700000000000841 3.1145405487155786
2.4639999999999986 3.113616883116883
3.419000000000011 2.297897630886224
0.09299999999998931 2.082353309825135
3.5600000000000023 1.866808988764045
3.6289999999999907 1.86579222926426
2.587999999999994 1.8511591962905718
