2.591 0.5613307603241992
0.129 0.5611160336095985
2.219 0.5609013068949978
0.17300000000000004 0.5600248663410521
2.0010000000000003 0.5591484257871064
0.10799999999999965 0.5624349954231256
2.1979999999999995 0.5657215650591447
0.19500000000000028 0.5947729962700303
2.096 0.623824427480916
0.0909999999999993 0.6451285725795082
1.516 0.6664327176781003
1.3160000000000007 0.9318844984802432
1.5 0.9271946666666665
0.10699999999999932 0.9309151627906975
1.2899999999999991 0.9346356589147287
0.11700000000000088 1.0738471143420498
6.027000000000001 1.2130585697693712
0.12299999999999756 1.4363915365403148
4.530000000000001 1.6597245033112586
4.961000000000002 1.4794243096149968
0.13299999999999557 1.4373367633910314
5.429000000000002 1.3952492171670658
6.640999999999998 1.2485517241379311
5.149000000000001 1.2765678772577198
0.14999999999999858 1.2831808998583394
5.725999999999999 1.289793922458959
6.172000000000004 1.2530123136746594
0.14000000000000057 1.2283682946994674
1.0009999999999977 1.2037242757242754
0.09100000000000819 1.2027122741019198
1.100999999999999 1.201700272479564
0.09999999999999432 1.2733131433996867
0.8379999999999939 1.3449260143198092
2.2930000000000064 1.348354121238552
0.09199999999999875 1.357172790764451
2.3419999999999987 1.3659914602903502
2.527000000000001 1.2721899485555996
5.458000000000013 1.281311835837303
0.1389999999999958 1.240406126634631
5.989000000000004 1.1995004174319586
0.117999999999995 1.1986165118063776
6.051000000000002 1.197732606180797
0.14699999999999136 1.1595949489237318
7.680000000000007 1.1214572916666665
0.10800000000000409 1.2352811369365362
4.495999999999995 1.3491049822064058
0.11400000000000432 1.3082971165103692
6.140000000000001 1.2674892508143325
6.304000000000002 1.2383388324873097
0.09999999999999432 1.262867529451202
2.2260000000000133 1.2873962264150944
0.9719999999999942 1.2961975308641975
0.13100000000000023 1.2699297868696775
2.379000000000005 1.2436620428751575
0.12099999999999511 1.2205269921335495
1.0919999999999987 1.1973919413919416
0.1110000000000042 1.1940028352599783
2.694999999999993 1.190613729128015
0.10200000000000387 1.24390544360486
2.2520000000000095 1.297197158081705
0.14699999999999136 1.2760674837105317
4.646999999999991 1.2549378093393584
6.052999999999997 1.240491657029572
0.14300000000000068 1.2381751042713316
5.882000000000005 1.2358585515130909
0.11499999999998067 1.2435272589498227
5.950000000000017 1.2511959663865546
5.644999999999982 1.2165810451727193
6.8799999999999955 1.1918662790697674
0.1209999999999809 1.1947372632462239
0.9699999999999989 1.1976082474226806
0.12300000000001887 1.1899259075878412
1.1659999999999968 1.1822435677530019
0.14400000000000546 1.2588824533325678
2.3899999999999864 1.3355213389121339
0.09499999999999886 1.337495363333618
2.352000000000004 1.3394693877551018
2.1580000000000155 1.2272585727525487
0.13800000000000523 1.1964283912135958
5.8089999999999975 1.1655982096746427
0.09299999999998931 1.2255144254705383
3.727000000000004 1.285430641266434
