0.322 4.516795031055901
0.2730000000000001 4.559120879120879
0.247 4.529781376518219
0.6840000000000002 4.471988304093567
0.11599999999999988 4.462122571923947
1.7910000000000001 4.452256839754327
0.1080000000000001 4.451289530988275
1.4399999999999995 4.450322222222222
3.8859999999999992 4.441657231085949
0.1120000000000001 3.846505279251936
5.635 3.2513533274179234
8.162 2.014671894143592
9.060000000000002 1.9154092715231785
0.14399999999999835 1.807258534066674
4.424999999999997 1.6991077966101693
4.329999999999998 1.695017090069284
1.7360000000000042 1.7804193548387097
1.955999999999996 1.776723926380368
1.5110000000000028 1.7845612177365986
1.5519999999999996 1.887701030927835
1.3370000000000033 2.159048616305161
3.2650000000000006 2.1702027565084228
2.9170000000000016 2.70883236201577
3.0450000000000017 2.426942528735632
3.527000000000001 2.0223510065211228
2.7620000000000076 2.766780593772629
2.385000000000005 3.247047379454927
0.11499999999999488 3.120740316718857
5.4609999999999985 2.994433253982787
4.847000000000008 3.609308850835569
3.6610000000000014 4.600340890467085
3.4069999999999965 5.625096565893748
0.09900000000000375 4.4753206269603645
4.744 3.325544688026981
3.5549999999999926 4.803632067510549
3.2720000000000056 5.291295843520782
5.081000000000003 3.3272080299153712
0.3100000000000023 3.843611119753423
3.9410000000000025 4.3600142095914745
3.5740000000000123 4.9044745383324
0.12299999999999045 5.058232710761642
3.510000000000005 5.211990883190883
0.09199999999999875 5.435032524034915
3.2630000000000052 5.658074164878945
3.8030000000000115 4.510014199316329
0.10799999999998988 3.9408740590434554
4.555000000000007 3.3717339187705817
3.6210000000000093 4.744472797569732
4.2590000000000146 4.008208499647806
4.677000000000021 3.670934359632243
0.3129999999999882 3.136001335560146
6.485000000000014 2.601068311488049
0.12899999999999068 2.578995604171237
6.835000000000008 2.556922896854425
7.033999999999992 2.4133386408871202
3.217000000000013 2.422062791420579
3.401999999999987 2.2551299235743683
0.09900000000001796 2.252495087789475
3.4919999999999902 2.249860252004582
0.11000000000001364 2.2494377402154893
2.954999999999984 2.249015228426396
3.0640000000000214 2.2098433420365535
2.1820000000000164 2.1956003666361132
