0.48 3.030016666666667
0.12 3.032861991869919
0.4099999999999999 3.035707317073171
0.9369999999999998 2.9951931696905016
1.0220000000000002 2.992994129158513
1.0979999999999994 2.998622950819672
0.10300000000000065 2.990345444697877
2.149 2.9820679385760824
2.6879999999999997 2.6949851190476197
0.12199999999999989 2.298388771135556
4.461 1.9017924232234924
0.1269999999999989 2.515009920919403
2.181000000000001 3.1282274186153134
0.11700000000000088 3.1541754752928677
2.2989999999999995 3.180123531970422
0.10699999999999932 3.19590371387073
2.341000000000001 3.2116838957710385
1.972999999999999 3.719931069437405
4.463000000000001 3.960498319516021
4.493999999999996 4.05051357365376
0.10700000000000642 4.028652391222485
4.003999999999998 4.006791208791209
0.09799999999999898 3.9356065559216367
4.456000000000003 3.8644219030520643
4.811 3.8074229889835793
0.09000000000000341 3.6914823278251228
4.607999999999997 3.575541666666666
0.09499999999999886 3.577596342098193
4.963000000000001 3.5796510175297205
4.8060000000000045 3.5900607573865995
0.2849999999999966 3.6745724196976766
4.341000000000001 3.7590840820087537
4.542999999999992 3.8326550737398195
4.822000000000003 3.685617586063874
3.5150000000000006 4.652233285917497
3.7029999999999887 4.724364029165541
0.1010000000000133 4.222337525958958
4.526999999999987 3.720311022752375
5.153000000000006 3.7191352610130015
3.5630000000000024 4.427837215829357
4.031000000000006 4.236395931530637
0.26500000000000057 3.655229215765319
5.631999999999991 3.0740625
5.015000000000001 3.3709958125623136
4.257999999999996 4.035419445749178
5.38600000000001 3.254473078351281
0.11699999999999022 3.137563307957551
2.7420000000000044 3.0206535375638217
3.0220000000000056 2.7162303110522834
2.778000000000006 2.718335493160547
0.12199999999998568 2.7147456173380604
2.1510000000000105 2.711155741515574
2.7860000000000014 2.695152907394113
0.117999999999995 2.696244357222103
2.6950000000000216 2.6973358070500932
0.10499999999998977 2.697819045243061
2.7590000000000146 2.698302283436028
1.5579999999999927 4.4079589216944814
3.8549999999999898 4.533480674448768
3.280000000000001 5.175434146341463
0.12100000000000932 5.521097112827044
3.025999999999982 5.866760079312625
3.850999999999999 4.4143339392365615
4.593000000000018 3.912921402133682
0.10599999999999454 3.930431511333574
3.9739999999999895 3.947941620533467
0.12700000000000955 4.152400934097919
3.9569999999999936 4.356860247662371
2.6189999999999998 4.3792531500572744
