0.434 3.351170506912443
0.372 3.3458064516129036
0.1269999999999999 3.327676810712112
0.8480000000000001 3.309547169811321
0.925 3.306854054054054
2.089 3.817133556725706
0.10599999999999987 3.722967684365118
1.766 3.6288018120045296
1.3689999999999989 5.291541271000731
3.546000000000001 5.1667727016356455
2.6029999999999998 6.317230887437572
0.09299999999999997 6.153715202089515
2.8970000000000002 5.990199516741458
0.10800000000000054 5.41752606096198
3.5889999999999986 4.844852605182502
0.11299999999999955 4.366441096858472
4.3260000000000005 3.8880295885344425
4.491 3.9358058338900013
0.10900000000000176 4.607550248731544
3.447999999999997 5.2792946635730855
2.854999999999997 5.619331698774081
0.23800000000000665 4.191899273692708
6.228999999999999 2.764466848611334
0.09199999999999875 2.624941158362655
7.369999999999997 2.485415468113976
0.1290000000000049 2.8844072159222733
5.017999999999994 3.28339896373057
4.805999999999997 3.696589263420724
0.0940000000000012 3.8443418320805605
4.321999999999996 3.992094400740397
2.894999999999996 5.636678411053541
0.10200000000000387 5.026271236974907
3.942999999999998 4.415864062896272
4.1129999999999995 4.3209452954048135
3.7990000000000066 4.304448539089234
0.2920000000000016 4.463230874564432
3.7849999999999966 4.622013210039629
0.12199999999999989 5.060247218797157
3.0630000000000024 5.498481227554684
4.361000000000004 4.394566383856914
4.409000000000006 3.5782227262417776
0.09300000000000352 3.943654890751472
3.962999999999994 4.309087055261166
3.5789999999999935 4.837418273260687
0.12199999999999989 4.941924659018403
3.3500000000000085 5.046431044776119
3.6340000000000003 4.728347826086957
3.1610000000000014 5.545267953179374
0.22999999999998977 5.003620318053102
4.1000000000000085 4.461972682926829
0.11199999999999477 3.83500858299252
5.7549999999999955 3.2080444830582104
4.655000000000001 3.684550805585392
5.449000000000012 2.818544320058726
5.114000000000004 3.359353930387173
4.020999999999987 4.245451380253669
3.7730000000000246 4.550479724357276
4.116000000000014 4.098136054421769
4.463999999999999 3.915001792114696
0.22800000000000864 4.022637635716715
4.110000000000014 4.130273479318735
0.09699999999997999 4.281468325177469
4.0049999999999955 4.4326631710362046
0.09700000000000841 4.03485961290364
4.674000000000007 3.637056054771074
0.132000000000005 3.5357120518456933
5.233000000000004 3.4343680489203128
1.572999999999979 4.22494596312778
1.6059999999999945 4.216039850560399
0.09199999999998454 3.7488302257093844
3.4950000000000045 3.281620600858369
