3.229 0.4504205636419944
0.18599999999999994 0.45266642217187436
2.7359999999999998 0.4549122807017544
0.18599999999999994 0.4555148439790876
2.4530000000000003 0.45611740725642075
0.13299999999999912 0.4553815555477716
2.735000000000001 0.45464570383912245
0.16000000000000014 0.4422367243718952
3.042 0.42982774490466796
0.18900000000000006 0.4309771744198276
2.338000000000001 0.4321266039349872
0.13899999999999935 0.4300130577246464
2.8659999999999997 0.4278995115143056
0.13899999999999935 0.4268043624299413
3.2669999999999995 0.425709213345577
0.2289999999999992 0.4281546066727885
2.8000000000000007 0.43060000000000004
0.1999999999999993 0.4315534006995725
2.5730000000000004 0.432506801399145
0.22800000000000153 0.4279548932368859
2.679999999999996 0.4234029850746268
0.38000000000000256 0.4006854562286901
3.3049999999999997 0.3779679273827534
0.15899999999999892 0.3789910558899583
3.3840000000000003 0.38001418439716317
0.2220000000000013 0.3781818698019307
3.8220000000000027 0.37634955520669816
0.16100000000000136 0.3739188094335878
3.0159999999999982 0.3714880636604775
0.21600000000000108 0.369977132063339
3.003 0.3684662004662005
0.1629999999999967 0.3693462895268764
3.100999999999999 0.37022637858755236
0.22800000000000153 0.368567513288904
3.283999999999999 0.36690864799025574
0.23199999999999932 0.3636602624315212
3.6709999999999994 0.3604118768727867
0.26600000000000534 0.3587312629464468
7.85799999999999 0.3570506490201069
0.3100000000000023 0.36239821080742957
3.430000000000007 0.3677457725947522
0.22799999999999443 0.36710888049186086
3.4450000000000074 0.3664719883889695
0.16400000000000148 0.36830740260543593
3.542999999999992 0.3701428168219023
0.15800000000000125 0.37652342510079817
2.8760000000000048 0.382904033379694
0.21999999999999886 0.3794154583924192
7.658999999999992 0.37592688340514435
0.22100000000000364 0.38500408170257217
3.125 0.39408128
0.18600000000000705 0.39242302453276046
3.7239999999999895 0.39076476906552093
0.18500000000000227 0.39299127342164936
2.25 0.3952177777777778
0.24800000000000466 0.3984653779375976
3.0589999999999975 0.4017129780974175
0.3709999999999951 0.40341034565761125
2.943000000000012 0.40510771321780503
0.20999999999999375 0.39121376444300393
7.594999999999999 0.37731981566820283
0.26600000000000534 0.3523817272908039
3.962999999999994 0.3820832702498107
0.22800000000000864 0.3822325843522784
3.6239999999999952 0.3823818984547461
0.26599999999999113 0.38246892931962845
4.119000000000014 0.38255596018451077
0.18899999999999295 0.3705706978457061
4.202000000000012 0.3585854355069015
0.18599999999997863 0.3568322162705712
3.709000000000003 0.35507899703424095
0.1769999999999925 0.35414028903095446
3.0360000000000014 0.35320158102766797
0.18900000000002137 0.36294391159598505
3.0309999999999775 0.37268624216430213
0.4130000000000109 0.38918270282150325
3.9209999999999923 0.4056791634787043
0.2470000000000141 0.40593360720458227
4.084000000000003 0.4061880509304603
0.21599999999997976 0.40512602546523013
4.0 0.404064
0.20700000000002206 0.36841657175269427
3.525999999999982 0.36723085649461135
0.24899999999999523 0.3750590670080176
3.0340000000000202 0.38288727752142393
0.24899999999999523 0.3846185266530886
3.568000000000012 0.3863497757847533
0.24799999999999045 0.37205038990040873
3.734999999999985 0.3577510040160642
0.2600000000000193 0.3549537219732811
3.85299999999998 0.3676584479626265
0.2610000000000241 0.36705299596433316
3.2979999999999734 0.3664475439660399
0.33200000000002206 0.3674260820985257
2.8569999999999993 0.3684046202310115
0.1839999999999975 0.36762960981876985
2.695999999999998 0.3668545994065282
