0.544 2.673544117647059
0.4630000000000001 2.6882073434125267
0.41700000000000004 2.683107913669065
0.4630000000000001 2.6856501079913606
0.4929999999999999 2.652202839756592
0.10400000000000009 2.6387732756751006
2.441 2.625343711593609
2.761 2.6237305324157916
3.237 2.6209131912264443
2.6270000000000007 2.5971313285116104
3.0090000000000003 2.4297454303755397
0.09100000000000108 2.1440066746539093
4.045999999999999 1.8582679189322786
4.192 1.7508167938931296
0.10300000000000153 1.7379463154161616
4.390999999999998 1.7250758369391939
0.2970000000000006 1.7435017943726994
4.7059999999999995 1.761927751806205
0.10600000000000165 2.154316839870557
2.580999999999996 2.546705927934909
0.11200000000000188 2.6941609670455615
2.5990000000000038 2.841616006156214
0.0969999999999942 2.9371985913134013
2.5500000000000043 3.0327811764705883
2.7989999999999995 2.5315155412647368
0.10900000000000176 2.464068962625089
3.297000000000004 2.396622383985441
0.10299999999999443 2.8567582296946954
2.2280000000000015 3.31689407540395
8.892000000000003 1.835153396311291
0.11599999999999966 2.032571062909744
7.808000000000007 2.2299887295081966
6.736999999999995 2.6379765474246697
2.7489999999999952 2.543979628955984
3.138999999999996 2.2885657852819365
2.774000000000001 2.612645998558039
0.12400000000000944 2.6176494304605056
3.283999999999992 2.622652862362972
0.12000000000000455 2.5734104927711656
2.403000000000006 2.524168123179359
0.09299999999998931 2.4401621723980353
3.3030000000000115 2.356156221616712
0.09999999999999432 2.291064709040463
3.507000000000005 2.2259731964642144
0.09599999999998943 2.5121519967102808
2.497 2.7983307969563476
0.28700000000000614 2.8675546292474046
2.5999999999999943 2.936778461538461
0.10800000000000409 2.4198130415727777
3.7210000000000036 1.9028476216070946
4.016000000000005 2.0624083665338646
3.634999999999991 2.2581700137551586
5.078000000000003 1.4871083103584088
0.13300000000000978 1.5307701379005867
3.7039999999999935 1.5744319654427645
2.957000000000008 2.539295231653703
3.2169999999999845 2.2596580665216037
3.663000000000011 2.0323822003822007
0.22699999999997544 2.1136024137097964
3.129000000000019 2.194822627037392
3.9099999999999966 2.097196930946292
0.09899999999998954 1.7584542924655369
4.994000000000028 1.4197116539847818
0.11199999999999477 1.9220176191516938
3.2139999999999986 2.4243235843186057
1.9800000000000182 3.874723232323232
0.12199999999998568 2.8191223854678666
10.191000000000003 1.7635215386125012
0.10999999999998522 1.9631724042662726
7.254000000000019 2.162823269920044
3.3349999999999795 2.030272863568216
1.3569999999999993 3.5304347826086957
