0.5539999999999999 2.625285198555957
1.234 2.5858346839546194
0.42300000000000004 2.645049645390071
1.1880000000000002 2.574781144781145
0.10999999999999988 2.6625859383726684
1.899 2.750390731964192
0.09799999999999986 3.051925873569746
1.9109999999999996 3.353461015175301
2.099 3.4512243925678887
0.1039999999999992 3.469834235757629
2.4320000000000004 3.488444078947369
1.902000000000001 3.5870998948475292
0.09600000000000009 3.6730111299430446
1.9449999999999985 3.7589223650385604
5.176000000000002 3.35938485316847
0.11699999999999733 3.813619856170635
3.9410000000000025 4.267854859172799
4.209 4.199502019482063
0.0940000000000012 4.062551096003702
4.6370000000000005 3.92560017252534
4.144999999999996 3.870492641737033
5.676000000000002 3.033802677942213
0.12199999999999989 3.0418357379055054
6.006 3.049868797868798
0.09499999999999886 3.366662098464915
4.472999999999999 3.6834553990610326
0.31800000000000495 3.6842715700967887
4.820999999999998 3.685087741132545
4.607999999999997 3.744321180555556
0.09100000000000819 3.7448004801102317
4.356999999999999 3.7452797796649073
4.757999999999996 3.6594686843211437
4.888000000000005 3.6358527004909984
0.10999999999999943 3.5694901891486697
4.667999999999992 3.503127677806341
5.170000000000002 3.383814313346228
5.128999999999991 3.283651394033925
2.777000000000001 3.1014735325891247
0.12000000000000455 3.104419143343743
1.9519999999999982 3.107364754098361
2.507000000000005 3.1042616673314725
0.09000000000000341 3.10473385673654
2.513999999999996 3.1052060461416073
3.155000000000001 2.2147169572107765
3.445999999999998 2.215793383633198
3.1970000000000027 2.214731310603691
0.11099999999999 2.2149655483213695
3.7390000000000043 2.2151997860390478
0.2469999999999999 2.5361498408092906
2.8730000000000047 2.857099895579533
1.7369999999999948 4.3474588370754175
1.340999999999994 4.348766592095451
1.7240000000000038 4.355392111368909
4.458000000000013 3.8292866756393
5.094999999999999 3.369766437684004
0.10900000000000887 3.3890586078094707
4.948999999999984 3.408350777934937
4.695999999999998 3.7215860306643953
0.10500000000001819 3.7398525681327293
4.516999999999996 3.7581191056010637
4.368000000000023 4.064289377289377
4.177999999999997 4.068836764001914
0.125 3.7143630445547053
5.349000000000018 3.359889325107497
0.24099999999998545 3.3366627195759238
4.735000000000014 3.313436114044351
4.481999999999999 3.8465185185185193
0.12199999999998568 3.9179138679549115
2.875 3.9893092173913036
