0.514 2.8295875486381323
0.09499999999999997 2.8421332238603507
0.43599999999999994 2.854678899082569
0.393 2.846961832061069
0.11999999999999988 2.817665054590243
1.0970000000000002 2.788368277119417
1.1789999999999998 2.792610687022901
0.11900000000000022 2.83289609886658
0.8869999999999996 2.873181510710259
0.1120000000000001 2.899835568633138
0.9640000000000004 2.9264896265560165
2.9380000000000006 2.8876432947583393
5.712 2.8788081232493
5.966999999999999 2.9082634489693318
5.703999999999997 3.0484179523141655
0.09500000000000242 3.2115701318553174
4.983999999999998 3.3747223113964693
0.11599999999999966 3.337445547035053
5.355999999999998 3.300168782673637
5.737000000000002 3.1729140665853235
5.106000000000002 3.142027418723071
0.09700000000000131 3.291623621431879
5.003999999999998 3.441219824140687
0.09300000000000352 3.3570026331875678
2.3629999999999995 3.272785442234448
2.3230000000000004 3.05024192854068
3.7120000000000033 2.1286810344827587
3.469999999999999 2.1296945244956773
0.13300000000000978 2.1518378139089176
3.2809999999999917 2.1739811033221583
0.10999999999999943 2.5748893055551605
2.567999999999998 2.975797507788162
2.609000000000009 2.9682667688769646
0.09099999999999397 2.9657859268113635
2.3599999999999994 2.9633050847457625
0.23199999999999932 2.9405899916011506
2.4620000000000033 2.9178748984565392
2.5019999999999953 2.896674660271782
0.09700000000000841 2.898302313300874
2.969999999999999 2.8999299663299656
2.0730000000000075 2.9259893873613123
5.649000000000001 3.0229973446627723
6.301000000000002 2.7476781463259803
0.10000000000000853 2.790188268873446
5.967999999999989 2.8326983914209114
0.1290000000000049 2.9924651377394413
5.451000000000008 3.152231884057971
5.367999999999995 3.265385991058123
3.846999999999994 3.300843254484013
2.722999999999999 3.014486962908557
2.5799999999999983 2.926951937984496
0.12099999999999511 2.9257869017906435
1.9939999999999998 2.924621865596791
0.10500000000000398 3.0358012932342713
2.38600000000001 3.1469807208717517
0.117999999999995 3.1888948048803205
2.25 3.2308088888888893
5.313000000000017 3.2315000941087897
4.809000000000026 3.507574963609898
0.09199999999998454 3.4827712570324914
5.054000000000002 3.4579675504550846
4.9199999999999875 3.4502894308943093
5.377999999999986 3.3010070658237263
0.12700000000000955 3.1634618810784705
5.617999999999995 3.0259166963332147
5.99199999999999 2.999340453938585
0.10500000000001819 2.884656102675507
5.663999999999987 2.769971751412429
1.6040000000000134 2.747660847880299
0.09600000000000364 2.7457662773193023
1.745999999999981 2.743871706758305
