1.257 1.1570469371519494
0.15600000000000014 1.1513727772237363
4.267 1.1456986172955235
0.12399999999999967 1.3545755235690486
2.9219999999999997 1.5634524298425736
1.9050000000000011 2.593935958005249
1.6929999999999996 3.0850513880685178
0.10800000000000054 3.0096648881734533
2.184000000000001 2.934278388278389
0.11599999999999966 2.7987789000215475
2.719999999999999 2.6632794117647065
3.0799999999999983 2.7545116883116885
0.1180000000000021 2.679290958659661
2.6199999999999974 2.6040702290076334
2.498000000000001 2.926783026421137
0.09600000000000009 2.8650604170137006
2.6819999999999986 2.803337807606264
0.12600000000000122 2.9705923753721786
2.3389999999999986 3.137846943138093
2.349 3.224694763729246
0.24399999999999977 3.2273906230021376
2.567 3.2300864822750293
2.0079999999999956 3.2734302788844625
0.0940000000000012 3.273541380576983
2.2560000000000002 3.2736524822695037
2.3629999999999995 3.272785442234448
5.035000000000004 3.2723130089374375
5.462000000000003 3.252619553277188
5.3430000000000035 3.2292405015908665
5.055999999999997 3.227488924050633
5.352999999999994 3.25270913506445
5.457999999999998 3.25614657383657
5.049999999999997 3.2381386138613864
5.5 3.180785454545455
0.29000000000000625 3.19835988404187
5.236999999999995 3.215934313538285
6.006 3.190926406926407
0.09299999999998931 3.1718405016246747
5.004000000000005 3.152754596322942
0.09499999999999886 3.1564024647047724
5.403999999999996 3.1600503330866028
0.09499999999999886 3.1596463725327792
2.4710000000000036 3.159242411978956
0.13300000000000978 3.1844517066785
2.1769999999999925 3.209661001378043
0.12099999999999511 3.2089531897646517
2.3800000000000097 3.2082453781512603
0.11299999999999955 3.2089495249777156
2.206000000000003 3.209653671804171
0.09899999999998954 3.209366161744782
2.581000000000003 3.209078651685393
0.12099999999999511 3.2033799958855482
2.5670000000000073 3.197681340085703
2.367999999999995 3.1889932432432433
0.12999999999999545 3.1895994662605713
1.828000000000003 3.1902056892778994
0.25900000000000034 3.1913392391967728
2.352000000000004 3.192472789115646
2.282999999999987 3.1841086289969343
0.1150000000000091 3.1692139691007086
5.443000000000012 3.154319309204483
5.3279999999999745 3.1659024024024025
5.4739999999999895 3.1926503470953604
0.12600000000000477 3.1223431526918732
5.561999999999983 3.0520359582883856
6.7809999999999775 2.618023300398171
0.11600000000001387 2.3046541475634994
8.537000000000006 1.9912849947288276
6.317000000000007 2.8450289694475233
0.26900000000000546 2.8216386952500776
2.375 2.798248421052632
2.6299999999999955 2.5745095057034217
1.6760000000000161 2.858472553699284
