0.6819999999999999 2.1325630498533723
0.119 2.1466981915933525
0.5760000000000001 2.160833333333333
0.123 2.1583126204238923
0.5189999999999999 2.155791907514451
0.5789999999999997 2.1475924006908467
0.125 2.1338374109056293
1.553 2.1200824211204123
3.0420000000000007 2.106661406969099
3.4369999999999994 2.107686936281641
4.031000000000001 2.1046628628131976
2.743999999999998 2.486393586005831
2.8270000000000017 2.5861704987619385
2.8470000000000013 2.640868282402529
2.754999999999999 2.6640377495462793
2.844000000000001 2.6634345991561177
0.24599999999999866 2.6725374806906075
3.0920000000000023 2.681640362225097
0.11899999999999977 2.697766506463498
2.421999999999997 2.713892650701899
2.7139999999999986 2.721208548268239
0.09499999999999886 2.690272682961065
6.888000000000005 2.65933681765389
0.10799999999999699 2.6598876886590137
6.192999999999998 2.660438559664137
0.10600000000000165 2.628320112800065
6.8430000000000035 2.5962016659359928
6.462999999999994 2.6696320594151324
6.088000000000008 2.680385019710907
0.11299999999999955 2.6544853842515885
6.623999999999995 2.62858574879227
0.26600000000000534 2.624206270877867
2.955999999999989 2.619826792963464
2.6529999999999916 2.6360346777233317
2.719999999999999 2.641105882352941
2.739999999999995 2.645065693430657
3.1869999999999976 2.702476310009413
0.12100000000000932 2.7082297984587456
1.4359999999999928 2.713983286908078
2.8769999999999953 2.7050344108446294
0.12199999999999989 2.7040559865857494
2.8880000000000052 2.7030775623268695
0.10899999999999466 2.6926965546759107
2.605000000000004 2.682315547024952
0.28999999999999204 2.685457773512476
2.8400000000000034 2.6886
2.628 2.694252663622527
3.085000000000008 2.684807779578606
0.11299999999999955 2.6827775018075917
3.0619999999999976 2.6807472240365775
2.816999999999993 2.6807014554490594
2.1709999999999923 2.6861796407185627
0.13300000000000978 2.681701009388423
6.417000000000002 2.6772223780582824
6.417999999999992 2.659856653162979
6.453000000000003 2.66061676739501
6.270999999999987 2.6898306490192954
0.13300000000000978 2.684526546340094
6.522999999999996 2.6792224436608922
6.321000000000026 2.68555987976586
2.8859999999999957 2.699853083853084
0.10400000000001342 2.7030044960711628
2.835000000000008 2.706155908289242
2.926000000000016 2.685069036226931
2.474000000000018 2.686273241713824
0.12699999999998113 2.6828596125466624
2.5270000000000152 2.679445983379501
1.788000000000011 2.679418344519016
