1.194 1.2180971524288107
0.1100000000000001 1.2252069920559894
1.0099999999999998 1.2323168316831683
0.911 1.2281624588364435
0.0900000000000003 1.2296535066459446
1.0099999999999998 1.2311445544554456
1.085 1.2051023041474656
0.11300000000000043 1.1831902325335029
0.8700000000000001 1.16127816091954
0.13899999999999935 1.1404628826236032
6.47 1.1196476043276664
0.12199999999999989 1.1342243438022894
7.385 1.1488010832769127
0.11299999999999955 1.2393775396891384
5.130000000000003 1.3299539961013644
3.974 1.839734272773025
0.11999999999999744 2.039365647404976
3.3580000000000005 2.238997022036927
3.020000000000003 2.4302728476821196
3.038000000000004 2.493353522053983
3.396000000000001 2.441587750294464
0.29699999999999704 2.060692674022775
3.913000000000004 1.6797975977510862
0.1039999999999992 1.6347072362410189
4.646000000000001 1.5896168747309516
4.866999999999997 1.588985411958085
0.12600000000000477 1.678880124850735
4.006 1.768774837743385
0.09499999999999886 1.7851699086117745
4.386000000000003 1.8015649794801638
0.11399999999999011 1.7307510431992015
4.452000000000012 1.6599371069182391
3.628 1.966050716648291
3.2560000000000002 2.347004914004914
3.0490000000000066 2.5399173499508034
0.24199999999999022 2.4082073728920683
3.0720000000000027 2.276497395833333
3.155000000000001 2.2769597464342315
2.3220000000000027 2.033884582256675
4.381999999999991 1.965493382017344
0.11899999999999977 1.9664599573077313
3.0830000000000126 1.9674265325981188
0.11399999999999011 2.117510469096262
3.432000000000002 2.267594405594405
3.1779999999999973 2.456415355569541
0.11899999999999977 2.448933044661081
2.8619999999999948 2.4414507337526206
3.304000000000002 2.3110242130750613
0.2879999999999967 2.3083118460360654
3.070999999999998 2.3055994789970695
3.4200000000000017 2.421822222222222
2.6359999999999957 3.113978755690441
2.4200000000000017 3.120469421487603
2.11399999999999 2.7586073793755914
3.355000000000004 2.238061400894188
3.2450000000000045 2.240160246533128
3.4279999999999973 2.171708284714119
3.703000000000003 1.854604374831218
0.28400000000002024 1.853441785337452
4.4269999999999925 1.8522791958436864
4.581999999999994 1.5473679615888258
0.125 1.5249157586578914
5.186000000000007 1.502463555726957
0.10599999999999454 1.8513109289962573
3.4869999999999948 2.2001583022655575
0.11200000000002319 2.206007079060707
3.5519999999999925 2.2118558558558563
2.997000000000014 2.2174974974974972
0.10200000000000387 1.7738725208509099
5.089999999999975 1.3302475442043222
0.12400000000002365 1.3868471827680242
3.3189999999999884 1.4434468213317264
