0.345 4.215675362318841
0.293 4.247918088737201
0.1070000000000001 4.215237732893191
0.671 4.18255737704918
0.7330000000000001 4.173042291950886
1.9189999999999996 4.155285044293904
1.5009999999999994 4.269463024650233
0.0990000000000002 3.9969731575693324
1.9450000000000003 3.724483290488432
5.220000000000001 3.5098421455938698
4.239999999999998 3.878243396226415
2.872 6.0423426183844
0.12300000000000111 6.385756448511085
2.5839999999999996 6.7291702786377705
0.11400000000000077 6.69652174787673
2.524000000000001 6.663873217115689
2.7940000000000005 6.326307802433786
0.10900000000000176 6.326693699618006
2.876999999999999 6.327079596802226
0.12300000000000111 4.802272382670775
4.894999999999996 3.277465168539326
0.30000000000000426 3.2774710692335
5.253999999999998 3.277476969927674
5.474000000000004 3.346275484106686
0.12699999999999534 3.4070985924006383
4.751000000000005 3.4679217006945904
5.125999999999998 3.4658228638314474
3.4450000000000003 5.0083692307692305
2.363999999999997 6.902785109983079
2.519999999999996 6.909425396825397
2.6629999999999967 6.673694329703342
2.4650000000000034 6.633914807302231
0.22799999999999443 6.723172356922143
2.568000000000012 6.8124299065420555
2.3730000000000047 7.097281078803203
2.700000000000003 7.0980385185185195
0.09799999999999898 6.259738159602902
2.9099999999999966 5.4214378006872845
0.09099999999999397 5.350934113701713
3.234000000000009 5.280430426716141
3.2049999999999983 5.401909516380655
0.09599999999998943 6.024891840376721
2.5430000000000064 6.647874164372788
2.588000000000008 6.6394188562596606
0.11199999999999477 5.175765336643172
4.721999999999994 3.7121118170266842
0.2790000000000106 3.141114070918512
7.117999999999995 2.57011632481034
0.09399999999999409 2.5691238182682943
7.189000000000007 2.5681313117262485
0.10899999999999466 2.5808737611103645
6.6129999999999995 2.593616210494481
3.7990000000000066 4.042708081073967
0.09499999999999886 4.064614744628325
4.2039999999999935 4.086521408182683
0.09800000000001319 4.421494195314524
3.5889999999999986 4.756466982446365
0.10699999999999932 4.972515751724844
3.3089999999999975 5.1885645210033235
0.09299999999998931 5.000548736963859
3.5049999999999955 4.812532952924394
0.09399999999999409 4.812181674700082
3.632000000000005 4.811830396475771
0.2600000000000193 4.6662912301952755
3.7549999999999955 4.520752063914781
4.400999999999982 4.033814133151557
0.09900000000001796 4.033945509860069
4.213999999999999 4.034076886568581
8.038999999999987 2.235607413857445
7.6410000000000196 2.0532809841643767
13.426999999999992 1.2839871899903181
3.546999999999997 1.3506625317169438
