2.019 0.7203605745418524
0.09899999999999975 0.7258207103026536
1.702 0.7312808460634548
0.0990000000000002 0.7300886315007828
1.5350000000000001 0.7288964169381109
0.16599999999999948 0.6677301596885676
2.0500000000000007 0.6065639024390244
0.19199999999999928 0.5043176215762157
3.2520000000000007 0.4020713407134072
0.17900000000000027 0.38183595668454906
2.7939999999999987 0.36160057265569084
0.14500000000000135 0.5231676788459918
1.7909999999999986 0.6847347850362927
1.1189999999999998 1.242888293118856
0.9619999999999997 1.2533056133056137
0.1460000000000008 1.6684174119534623
3.5090000000000003 2.0835292106013106
4.121000000000002 1.8244484348459111
0.09999999999999787 1.1720084450882537
14.125999999999998 0.5195684553305961
0.1769999999999996 0.4960885275550445
2.7210000000000036 0.4726085997794928
1.5770000000000053 0.9121166772352568
0.5500000000000043 2.0371054545454546
0.8019999999999996 1.3796807980049874
0.12600000000000477 1.3997882593074618
2.0330000000000013 1.419895720609936
0.22799999999999443 1.6052867534058022
3.9570000000000007 1.790677786201668
5.491 1.439020943361865
0.1700000000000017 1.12276486434709
9.163000000000004 0.8065087853323148
8.778000000000006 0.8125805422647528
0.16899999999999693 0.9236100653376296
7.385999999999996 1.0346395884105064
0.10200000000000387 0.8600840388471769
1.9129999999999967 0.6855284892838474
1.5889999999999986 0.6930346129641284
0.09799999999999898 1.2305775474459197
0.6640000000000015 1.768120481927711
0.10299999999999443 1.6585630456553395
1.9609999999999985 1.5490056093829678
0.14800000000001035 1.2443301150363115
3.625 0.9396546206896553
0.125 0.754737287261986
3.899000000000001 0.5698199538343165
0.10299999999999443 0.4816164372463157
8.141999999999996 0.3934129206583149
0.2220000000000084 0.3864918789856363
3.140999999999991 0.37957083731295765
0.3830000000000098 0.38962166111918906
3.1509999999999962 0.3996724849254205
0.2009999999999934 0.4076040524890955
3.0320000000000107 0.41553562005277045
0.19699999999998852 0.545516636317465
1.7040000000000077 0.6754976525821597
1.3629999999999995 0.9593191489361702
0.13900000000001 0.8265222437137331
2.067999999999998 0.6937253384912959
0.16899999999999693 0.7395089058047877
3.719999999999999 0.7852924731182795
0.132000000000005 0.7045349947150923
9.349000000000004 0.6237775163119051
0.17900000000000205 0.8909060314440462
6.4839999999999804 1.1580345465761874
0.09200000000001296 0.9999391030506879
8.634999999999991 0.8418436595251882
0.23900000000000432 1.2273250555690458
0.7439999999999998 1.6128064516129033
0.7259999999999991 1.6305013774104684
2.7439999999999998 1.1210058309037902
5.394999999999982 0.5517597775718258
0.15200000000001523 0.8575237706424532
1.1850000000000023 1.1632877637130805
0.13100000000000023 1.504433937105159
0.7239999999999895 1.8455801104972371
2.6299999999999955 1.1978828897338405
0.18600000000000705 0.8514429646237591
13.159999999999997 0.5050030395136778
0.24500000000000455 0.4486439628210211
2.414999999999992 0.39228488612836443
0.30800000000002115 0.3932802832748934
2.2779999999999916 0.39427568042142236
