0.355 4.096923943661972
0.7890000000000001 4.04425855513308
0.10799999999999987 4.047018166455429
0.6930000000000001 4.049777777777778
0.10599999999999987 4.050610743193525
0.7550000000000003 4.051443708609272
0.8120000000000003 4.054788177339901
1.5849999999999995 4.043194952681388
0.11699999999999999 4.037514318200072
4.281 4.031833683718757
0.11700000000000088 4.195476204219597
4.202999999999999 4.359118724720438
0.09700000000000131 4.491672973158869
3.5559999999999974 4.624227221597301
4.329000000000001 4.008687456687457
4.8770000000000024 3.565342628665163
0.12599999999999767 3.4693556304176196
4.986000000000004 3.373368632170076
0.11199999999999477 3.830233188265489
4.123000000000005 4.287097744360903
3.8590000000000018 4.717027209121534
0.23499999999999943 4.6322086158986355
3.5279999999999987 4.547390022675737
3.674999999999997 4.685677278911565
0.12400000000000233 4.833661592950479
3.6769999999999996 4.981645906989393
0.12299999999999756 3.9853889912305456
5.5120000000000005 2.989132075471698
0.09599999999999653 2.791719075119027
6.847999999999999 2.5943060747663558
5.2450000000000045 3.2895771210676834
4.754000000000005 3.432516617585192
4.38300000000001 3.9725649098790776
0.117999999999995 4.1040193472179
4.195999999999998 4.235473784556722
0.29300000000000637 4.336542862427615
3.684999999999988 4.437611940298509
0.125 4.025697108343842
4.841000000000008 3.613782276389176
2.057000000000002 3.5233252309188132
0.9650000000000034 3.5297906735751288
0.6270000000000095 3.5434258373205743
1.4409999999999883 3.4581318528799443
5.173000000000002 3.3468238932920933
4.913000000000011 3.440981884795441
4.786999999999992 3.5894748276582407
0.30299999999999727 3.84199179364692
4.281000000000006 4.094508759635599
0.12399999999999523 4.282602375907731
4.091999999999999 4.470695992179864
0.11000000000001364 4.165339214990204
4.782999999999987 3.859982437800544
0.11899999999999977 4.014529867417529
4.114000000000004 4.169077297034516
3.2990000000000066 4.6554252803879965
0.09999999999999432 4.712462223758685
3.602000000000004 4.769499167129373
0.09799999999998477 4.831146832059957
3.4890000000000043 4.892794496990542
0.11200000000002319 4.700724979587708
3.8079999999999927 4.5086554621848745
0.09000000000000341 4.470293049011512
3.805999999999983 4.43193063583815
0.28700000000000614 4.586633793231066
3.686000000000007 4.741336950623983
0.12199999999998568 4.766297038676372
3.5430000000000064 4.791257126728762
3.5649999999999977 4.979752033660589
3.5239999999999725 4.823950056753689
3.8389999999999986 4.681439958322479
3.266999999999996 4.8023018059381695
3.5400000000000205 4.870083615819209
2.8160000000000025 4.072892045454545
