4.765 0.3947727177334732
0.2779999999999996 0.3905516814473817
3.968 0.3863306451612903
0.2190000000000012 0.3648899879726145
3.138 0.35655066921606116
0.23799999999999955 0.36320335364431855
3.362 0.36985603807257594
0.2259999999999991 0.37420653669697124
3.4540000000000006 0.37855703532136653
0.16100000000000136 0.37418188515702294
2.7319999999999993 0.36980673499267935
0.16900000000000048 0.3621742550360911
3.4589999999999996 0.3545417750795028
0.2289999999999992 0.35993335142207344
3.8069999999999986 0.3653249277646441
0.1960000000000015 0.35276404401776223
3.5440000000000005 0.3597968397291196
0.18099999999999739 0.3565588560016314
3.210000000000001 0.35332087227414327
0.16100000000000136 0.35832815205986346
3.067 0.3699771763938703
0.3879999999999981 0.3649344251315361
3.4710000000000036 0.35989167386920196
0.20599999999999596 0.35741864952085545
3.6230000000000047 0.354945625172509
0.17199999999999704 0.3543987658457871
4.064999999999998 0.3538519065190652
0.23400000000000176 0.35550548784671776
3.1370000000000005 0.35715906917437035
0.23499999999999943 0.3514167729501967
3.2010000000000005 0.3543255232739769
0.20700000000000074 0.3520450069084954
3.2779999999999987 0.350235509456986
0.24199999999999733 0.35163811804522316
3.4129999999999967 0.3530407266334603
0.17100000000000648 0.35236725326888324
3.7620000000000005 0.35169377990430617
0.24200000000000443 0.35224218875437524
3.2779999999999916 0.3561781574130567
0.3780000000000001 0.3625986562452321
3.811000000000007 0.36901915507740746
0.27899999999999636 0.374537960711537
3.945999999999998 0.3800567663456665
0.19700000000000273 0.35594416082583713
3.5619999999999976 0.3681684446939922
0.2750000000000057 0.36473251631025067
3.048000000000002 0.36129658792650915
0.2459999999999951 0.35208988274830133
3.4239999999999924 0.3571168224299065
0.2530000000000001 0.35624110859296987
3.332000000000008 0.36959903961584634
0.16400000000000148 0.36683704795403277
3.997 0.3640750562922192
0.2049999999999983 0.3607433159274601
2.4879999999999995 0.35741157556270103
0.20600000000000307 0.35628382246343143
3.4599999999999937 0.35515606936416183
0.38000000000000966 0.3500842954711425
3.458999999999989 0.3553246603064469
0.22500000000000853 0.3559927554531144
3.667999999999992 0.35666085059978186
0.21000000000000796 0.35607119642376295
3.6569999999999965 0.3554815422477441
0.26600000000000534 0.3557809125495973
3.1359999999999957 0.3670433673469388
0.23799999999999955 0.36517658781350837
3.5990000000000038 0.36330980828007786
0.23799999999999955 0.35330170959588963
4.179000000000002 0.35670638908829855
0.20699999999999363 0.35175021276612606
3.6219999999999857 0.35320596355604633
0.16600000000002524 0.35590815888973976
2.9359999999999786 0.3586103542234332
0.16800000000000637 0.35844710560575777
2.7690000000000055 0.35828385698808235
0.367999999999995 0.35761888488129756
3.233000000000004 0.35695391277451277
0.23400000000000887 0.3566135359597029
3.367999999999995 0.3562731591448931
0.2330000000000041 0.35662632625519686
3.3160000000000025 0.3569794933655006
0.21999999999999886 0.3514863711553241
23.69999999999999 0.3540067510548523
0.27299999999999613 0.35232357723577234
3.2390000000000043 0.35865390552639703
0.23099999999999454 0.3620544182987234
3.77200000000002 0.3654549310710498
0.22999999999998977 0.35900714891283364
3.789999999999992 0.35255936675461746
0.2470000000000141 0.3516547428521994
3.7210000000000036 0.3558688524590163
0.24699999999998568 0.3500469747417979
3.092000000000013 0.35577490297542047
0.3429999999999893 0.356031114518925
2.658999999999992 0.35628732606242947
0.20699999999999363 0.35670429921411734
2.515000000000015 0.3571212723658052
