0.481 3.023717255717256
0.121 3.022344064751832
0.41200000000000003 3.020970873786408
0.369 3.0321300813008127
1.026 2.981325536062378
3.9039999999999995 3.017536885245901
0.09800000000000075 2.6271740272651845
2.865 2.236811169284468
4.902999999999999 1.477487252702427
2.9819999999999993 2.8450355466130115
0.12099999999999866 2.528298000210882
3.085000000000001 2.2115604538087523
0.11500000000000199 2.1291710443735807
3.571999999999999 2.0467816349384096
0.1269999999999989 2.315682326578864
2.908999999999999 2.5845830182193192
3.003 2.444030636030636
0.09600000000000009 2.4425773547539578
3.102999999999998 2.44112407347728
0.2880000000000038 2.4406373751730133
3.397999999999996 2.440150676868747
0.1110000000000042 2.4409237782560673
2.692 2.441696879643388
0.11599999999999966 2.3078899470339405
3.3969999999999985 2.1740830144244923
0.10099999999999909 2.2107834426961173
3.4410000000000025 2.247483870967742
2.3740000000000023 2.9847144060657125
0.1319999999999979 3.095128805466933
2.4650000000000034 3.205543204868154
0.12399999999999523 3.1968268224513334
2.318000000000005 3.1881104400345124
0.09100000000000108 2.717689750578063
3.1739999999999995 2.247269061121613
0.13700000000000045 1.9492447293507804
4.628 1.6512203975799482
0.2560000000000002 1.9671502931295968
3.392000000000003 2.283080188679245
0.11399999999999011 2.2838791992073126
3.061000000000007 2.2846782097353806
2.7409999999999997 2.620871214885079
2.022999999999996 3.5825407810182894
5.685000000000002 3.371100087950748
0.11299999999999955 2.8213588272727104
6.944999999999993 2.271617566594673
4.682000000000002 3.6473541221700128
0.117999999999995 3.6419001234668587
4.76100000000001 3.636446124763705
5.081999999999994 3.3265533254624167
0.11899999999999977 3.3257008113380193
5.168000000000006 3.3248482972136215
0.132000000000005 3.4936602539139567
4.785999999999987 3.6624722106142924
0.10600000000000875 3.6683608291472747
4.978999999999999 3.674249447680257
0.3149999999999977 3.3464687395366624
6.116 3.0186880313930677
0.09399999999999409 3.0165130842378343
5.689999999999998 3.0143381370826003
0.11000000000001364 3.3508963194416603
4.164999999999992 3.6874545018007203
4.638000000000005 3.7041259163432505
4.602000000000004 3.709465449804433
0.09900000000001796 3.6570589898612758
4.763000000000005 3.604652529918119
4.783999999999992 3.5259046822742475
0.11400000000000432 3.574371080772281
4.824000000000012 3.6228374792703146
4.681999999999988 3.6256779154207597
0.11700000000001864 3.2627414511975408
2.6869999999999834 2.8998049869743214
0.11600000000001387 2.8865976245733034
2.6699999999999875 2.873390262172285
0.13100000000000023 2.8798457556269215
2.7220000000000084 2.8863012490815576
2.3029999999999973 2.885731654363873
0.09400000000002251 2.881047645363755
2.353999999999985 2.8763636363636365
1.6059999999999945 2.983063511830635
