0.27399999999999997 5.308058394160584
0.125 5.32493048463394
0.23300000000000004 5.341802575107296
0.5370000000000001 5.226249534450652
0.585 5.228786324786325
0.11699999999999999 5.212480422428067
3.4379999999999997 5.196174520069808
3.3770000000000007 4.599644655019247
0.13299999999999912 3.799412249316748
5.755000000000001 2.9991798436142485
3.9490000000000016 4.639497594327678
3.8260000000000005 4.297896497647674
4.861999999999998 3.5692324146441794
5.907000000000004 2.943656001354325
2.7049999999999983 2.7132805914972273
0.09499999999999886 2.730879773252242
2.7560000000000002 2.748478955007257
2.7490000000000023 3.0162357220807565
2.4450000000000003 2.6883631901840492
2.808 2.630113960113961
2.701999999999998 2.862173205033309
0.09799999999999898 2.77155425291393
2.6430000000000007 2.6809353007945513
2.6269999999999953 3.0078660068519225
0.26200000000000045 2.852972798971781
2.7390000000000043 2.6980795910916395
2.706000000000003 2.6359320029563933
0.09199999999999875 2.764190074150415
2.641999999999996 2.892448145344436
2.8870000000000005 2.682441288534811
0.10899999999999466 2.8051955771232695
5.585000000000008 2.927949865711728
0.117999999999995 2.901470413546086
6.085000000000008 2.874990961380444
0.11599999999999966 2.8391139893453485
6.007999999999996 2.803237017310253
0.09099999999999397 2.7594691534050204
7.057000000000002 2.7157012894997874
2.3400000000000034 2.5921264957264962
0.25 2.599208592806316
2.986000000000004 2.6062906898861353
0.12399999999999523 2.6636347140612275
2.8689999999999998 2.7209787382363197
0.13500000000000512 2.671452220900524
2.664999999999992 2.621925703564728
0.1360000000000099 2.4980934487972895
3.215999999999994 2.374261194029851
3.1199999999999903 2.269389743589744
3.5829999999999984 2.311647222997488
0.11499999999999488 2.4182733192809653
3.2510000000000048 2.5248994155644424
3.137999999999991 2.4064805608667945
2.406000000000006 2.423813798836243
0.28000000000000114 2.450965645292709
3.030000000000001 2.4781174917491753
3.0150000000000006 2.411051409618574
3.0260000000000105 2.4602167878387307
2.7460000000000093 2.5009468317552805
9.985000000000014 1.7502822233350026
0.12399999999999523 2.160573793781692
6.60299999999998 2.570865364228381
6.76400000000001 2.6246031933767004
0.13599999999999568 2.7922306090340294
2.5919999999999845 2.959858024691358
0.10700000000002774 2.6480098925121967
3.3629999999999995 2.336161760333036
0.33099999999998886 2.5366640762126464
2.4279999999999973 2.737166392092257
2.742999999999995 2.4684506015311705
1.9390000000000214 2.470758122743682
