0.902 1.6124257206208426
0.09699999999999986 1.617581830323459
0.7670000000000001 1.6227379400260755
0.1359999999999999 1.622134187404342
0.6900000000000002 1.6215304347826085
0.11399999999999988 1.6901541848594794
0.7069999999999999 1.7587779349363506
0.3839999999999999 3.405041666666666
0.11899999999999977 3.0854435782621206
2.317 2.7658454898575746
1.894000000000001 3.824772967265048
0.10499999999999865 3.869004564813336
2.168000000000001 3.9132361623616245
1.6620000000000008 4.10509265944645
3.721 4.663694705724268
2.974 5.846730329522528
3.2600000000000016 5.159391411042945
4.5489999999999995 3.8856240932072974
6.158999999999999 2.9555135573956814
6.439 2.4915657710824664
7.091000000000001 2.428411225497109
0.10300000000000153 2.2082099539684372
9.213999999999999 1.9880086824397656
0.10099999999999909 1.775229479036862
4.535000000000004 1.5624502756339582
3.2960000000000065 2.397349514563107
0.1039999999999992 2.2177095063163024
3.6259999999999906 2.0380694980694978
3.528000000000006 2.0217777777777775
3.7539999999999907 2.035654768247203
3.9690000000000083 1.951173595364072
0.1419999999999959 1.9732187520329632
3.5050000000000097 1.9952639087018544
3.125 2.29881856
0.26200000000000045 2.4240276408863872
2.8430000000000035 2.549236721772775
2.483000000000004 3.4687039871123644
0.11699999999999022 3.551480813208669
1.668999999999997 3.6342576393049733
2.308000000000007 3.3719168110918543
0.09899999999998954 3.2962075804634186
2.4240000000000066 3.2204983498349833
2.2479999999999905 3.108288256227758
3.030000000000001 2.5200079207920796
2.0589999999999975 3.438803302574065
4.88900000000001 3.7418875025567604
0.11299999999999955 4.274262678641046
3.840999999999994 4.806637854725332
3.997 4.291114335751814
0.10799999999998988 3.7646008111396645
4.743000000000009 3.2380872865275143
5.992999999999995 2.866633739362589
0.1150000000000091 2.6737586659318398
6.881 2.48088359250109
0.11400000000000432 2.5564742966338043
6.522999999999996 2.6320650007665187
3.6779999999999973 4.586168569874933
0.31699999999997885 3.885047119697896
5.489000000000004 3.18392566952086
0.125 2.61519514338008
8.295000000000016 2.046464617239301
0.117999999999995 2.2171912421164324
3.2630000000000052 2.387917866993564
0.12199999999998568 2.489459102358653
2.9610000000000127 2.591000337723742
3.0819999999999936 2.549160285528877
0.11700000000001864 2.380745255946862
3.0039999999999907 2.212330226364847
0.09900000000001796 2.1905597320165042
3.1219999999999857 2.1687892376681615
2.1229999999999905 2.256617993405558
