0.282 5.157475177304966
0.118 5.115239973390162
0.629 5.073004769475358
0.5509999999999999 5.093459165154265
0.6019999999999999 5.081129568106312
0.10099999999999998 5.07359909154998
1.5740000000000003 5.066068614993647
0.12499999999999956 5.059546994549523
3.074 5.053025374105399
0.12400000000000055 5.361644093097377
3.0439999999999996 5.670262812089355
3.1189999999999998 5.874118627765309
2.828999999999999 5.812566984800283
2.9849999999999994 5.813604020100502
0.11299999999999955 5.785639096142966
3.0199999999999996 5.75767417218543
2.908999999999999 5.78192368511516
3.080000000000002 5.738864935064936
0.31099999999999994 5.811095040253864
3.0939999999999976 5.883325145442793
0.11400000000000432 5.918136042109151
2.6950000000000003 5.95294693877551
0.10699999999999932 5.900049700287585
2.9450000000000003 5.847152461799661
3.171999999999997 5.77475157629256
4.337000000000003 3.79896149412036
4.352000000000004 4.082216911764706
5.934000000000005 2.907622514324233
3.7040000000000006 4.405557235421165
0.09700000000000131 4.346555027461875
4.061 4.287552819502585
0.23100000000000165 4.710507778902072
3.4620000000000033 5.13346273830156
10.135000000000005 1.6134780463739515
3.941999999999993 4.4379299847793
5.591000000000008 3.012314076193883
0.12099999999999511 2.5380708869015938
9.286000000000001 2.0638276976093044
0.11400000000000432 2.100549507719381
2.837999999999994 2.1372713178294576
1.3440000000000083 5.790464285714284
1.347999999999999 5.7911632047477735
3.435999999999993 2.033594877764843
3.868000000000009 1.974049638055843
0.1319999999999908 3.2192114520670136
1.5860000000000127 4.4643732660781845
0.09499999999999886 5.098149262796878
1.4449999999999932 5.731925259515571
1.4150000000000063 5.80102332155477
2.9599999999999937 5.794454054054054
2.8349999999999937 5.417371428571428
3.3619999999999948 5.1099750148721
3.3029999999999973 5.168319709355131
0.09600000000000364 4.43107895966896
4.647999999999996 3.693838209982788
4.6270000000000095 3.6455431164901673
0.10499999999998977 2.547038777474259
12.065000000000026 1.448534438458351
0.10499999999998977 2.859540678348672
3.9749999999999943 4.270546918238993
0.31100000000000705 4.810501909993517
3.3179999999999836 5.350456901748041
5.852000000000004 2.9049213943950787
7.554000000000002 2.379143235371988
6.5989999999999895 2.3774996211547204
0.10600000000002296 2.379185579388702
4.5849999999999795 2.380871537622683
0.11199999999999477 2.3246213748719473
2.112000000000023 2.268371212121212
