0.327 4.447730886850153
0.728 4.383131868131868
0.6379999999999999 4.398896551724139
1.128 4.380716312056737
0.7509999999999999 4.384138482023968
1.4649999999999999 4.3743781569965865
3.4810000000000008 4.958425739729963
0.12099999999999866 4.97667415666978
3.668000000000001 4.994922573609597
0.13299999999999912 4.9502882557785455
3.352000000000002 4.905653937947494
3.6650000000000027 4.734954433833561
3.5109999999999992 4.952485331814298
3.465 4.854146031746031
3.6370000000000005 4.859968105581524
4.864999999999998 3.7416254881808837
0.22400000000000375 4.265319012747158
3.3500000000000014 4.7890125373134325
3.621000000000002 4.755554819110743
3.9480000000000004 4.639694022289767
3.5500000000000043 4.641153802816902
4.116999999999997 4.315231479232451
3.6439999999999984 4.734860592755214
3.494000000000007 4.670344590726961
0.1039999999999992 4.728211327798885
3.637999999999998 4.786078064870808
3.7390000000000043 4.753155389141482
0.25199999999999534 4.780664727796262
3.4010000000000105 4.808174066451043
0.10899999999999466 4.845382037411957
3.5829999999999984 4.882590008372872
0.12199999999999989 4.753465240320428
3.64200000000001 4.624340472267984
4.103000000000009 4.670900316841337
0.09600000000000364 4.738189116690544
3.282999999999987 4.80547791653975
0.11599999999999966 4.802529852030414
3.558000000000007 4.799581787521079
3.569999999999993 4.849613445378152
0.13100000000000023 4.821396459008894
3.527000000000001 4.793179472639636
3.6740000000000066 4.676868807838868
0.3159999999999883 4.716159851559151
3.686000000000007 4.755450895279436
0.12399999999999523 4.7691094999273
3.825000000000003 4.7827681045751635
3.8669999999999902 4.7743201448151025
0.13000000000000966 4.783302011496682
3.5789999999999935 4.792283878178262
0.12399999999999523 4.78467195464123
3.2150000000000034 4.777060031104199
3.6710000000000065 4.679851811495505
0.1319999999999908 4.58197476311576
3.8070000000000164 4.484097714736014
0.09299999999998931 4.559047507840342
3.7050000000000125 4.633997300944669
0.09299999999998931 4.6283069541171695
3.649000000000001 4.622616607289669
0.24099999999998545 4.635320005772494
3.7600000000000193 4.648023404255319
3.599000000000018 4.716705751597666
0.10099999999999909 4.743842797862794
3.720999999999975 4.770979844127923
3.5720000000000027 4.759126539753639
0.1290000000000191 4.759966978486091
3.7750000000000057 4.760807417218543
0.1279999999999859 4.783761551746526
3.26400000000001 4.80671568627451
3.6019999999999754 4.786256524153249
0.10300000000000864 4.7017562814002964
2.484000000000009 4.617256038647343
