1.064 1.3669248120300752
0.133 1.3718694856610554
0.9040000000000001 1.3768141592920355
0.09699999999999998 1.3765104006792281
0.8129999999999997 1.376206642066421
0.0900000000000003 1.3773804828957383
0.9020000000000001 1.3785543237250557
0.09799999999999986 1.3724203175574075
0.9569999999999999 1.3662863113897594
0.14200000000000035 1.3713665889373865
0.734 1.3764468664850136
5.372000000000001 1.3484959046909906
0.12199999999999989 1.3475730317105747
6.299999999999999 1.3466501587301587
0.1039999999999992 1.3460389425084436
5.0710000000000015 1.3454277262867285
0.12399999999999878 1.337238858598736
5.501000000000001 1.3290499909107436
0.09799999999999898 1.3694333022245448
5.332999999999998 1.4098166135383463
7.4239999999999995 0.9886077586206896
0.8419999999999987 1.5272779097387177
0.9450000000000003 1.5221248677248675
0.7259999999999991 1.5432617079889808
0.0940000000000012 1.5290538115953176
1.9339999999999975 1.5148459152016545
1.9320000000000022 1.4941242236024843
4.777999999999999 1.482987023859355
0.12100000000000222 1.4740787149706567
5.393000000000001 1.4651704060819584
0.11299999999999955 1.3848393954505114
5.664999999999999 1.3045083848190646
0.14000000000000057 1.2606499617715248
5.861999999999995 1.216791538723985
0.1280000000000001 1.2873090600514026
5.628 1.3578265813788204
6.560000000000002 1.1805195121951222
0.14499999999999602 1.1140314756901315
6.676000000000002 1.0475434391851406
0.1349999999999909 1.020360888271425
2.899000000000001 0.9931783373577097
0.09600000000000364 0.9863666598107479
3.100999999999999 0.979554982263786
0.09799999999999898 0.9844097141094593
1.4710000000000036 0.9892644459551326
0.13599999999999568 1.0130008650680935
2.1430000000000007 1.0367372841810543
0.1389999999999958 1.1818891604490585
0.9260000000000019 1.3270410367170624
2.4550000000000125 1.3051177189409369
0.14799999999999613 1.3077358142029787
2.1869999999999976 1.3103539094650205
0.10899999999999466 1.103961720219756
8.507000000000005 0.8975695309744917
0.12600000000000477 1.0096605576291977
6.311999999999998 1.1217515842839036
6.060000000000002 1.3667709570957094
0.1360000000000099 1.3490072754988764
6.165999999999997 1.3312435939020433
0.14099999999999113 1.340468624475597
5.594999999999999 1.349693655049151
0.09499999999999886 1.4345005071782553
0.693000000000012 1.5193073593073594
0.11299999999999955 1.5216260298840942
0.650999999999982 1.5239447004608293
3.426000000000016 1.4147904261529485
2.344999999999999 1.3328102345415778
2.0749999999999886 1.3321098795180726
0.12199999999998568 1.407626781610531
2.0740000000000123 1.4831436837029894
0.12899999999999068 1.467712767701556
4.882000000000005 1.4522818517001226
0.12000000000000455 1.412399160833327
5.6769999999999925 1.3725164699665315
0.11899999999999977 1.4286573060109413
5.167000000000002 1.4847981420553513
0.13400000000001455 1.3895582143555174
6.069999999999993 1.2943182866556837
0.1279999999999859 1.3411905898687224
1.9080000000000155 1.388062893081761
4.167000000000002 1.6249004079673623
0.12999999999999545 1.489116870650348
3.5400000000000205 1.3533333333333333
