0.427 3.4061077283372363
0.365 3.409972602739726
0.32700000000000007 3.421577981651376
0.9080000000000001 3.3687665198237893
2.375 3.3574703157894734
0.12399999999999967 3.3563435348580875
1.9100000000000001 3.3552167539267015
2.1560000000000006 3.3599814471243046
5.3420000000000005 3.429684762261325
5.010000000000002 3.282186027944112
5.190999999999999 3.343018300905413
0.10999999999999943 3.384967565904027
5.074000000000002 3.4269168309026408
0.12399999999999878 3.4550235830250813
3.491000000000003 3.4831303351475222
0.29699999999999704 3.4925610066861053
2.163000000000004 3.5019916782246883
2.381999999999998 3.48095382031906
0.11399999999999721 3.462973765505442
1.9080000000000013 3.444993710691824
0.09499999999999886 3.443223789176294
2.146000000000001 3.4414538676607638
2.2659999999999982 3.4128826125330978
4.870999999999995 3.3824873742558004
0.1280000000000001 3.3110292451147707
5.484000000000002 3.2395711159737415
0.1180000000000021 3.2781700254993655
5.201999999999998 3.31676893502499
0.09899999999999665 3.3248656766628217
4.896000000000001 3.3329624183006534
0.10099999999999909 3.1428040851889905
5.897000000000006 2.9526457520773275
0.10099999999999909 3.05634136821505
5.623999999999995 3.1600369843527734
4.972000000000008 3.288938053097345
0.1280000000000001 3.362293064254879
5.091999999999999 3.4356480754124124
0.2980000000000018 3.4280035665445494
4.923999999999992 3.420359057676686
2.5190000000000055 3.419131401349741
1.7719999999999914 3.423011286681716
2.299999999999997 3.3836452173913045
0.10200000000000387 3.3691943319444704
2.326999999999998 3.3547434464976367
2.082000000000008 3.3561152737752167
0.11999999999999034 3.3562167577667292
2.2750000000000057 3.356318241758242
0.12699999999999534 3.3818395828617964
2.078000000000003 3.4073609239653515
0.12099999999999511 3.423496076600616
2.4080000000000013 3.439631229235881
0.2820000000000107 3.4334127930103664
5.386999999999986 3.4271943567848524
0.12000000000000455 3.393807209740389
5.103999999999999 3.3604200626959253
0.09900000000000375 3.367929591787523
4.549999999999997 3.375439120879121
5.045000000000002 3.405299504459861
5.074999999999989 3.363735960591133
0.13100000000000023 3.358196822318609
5.121000000000009 3.3526576840460853
5.317999999999984 3.1718555848063184
5.445999999999998 3.20906500183621
4.90900000000002 3.4580207781625587
0.28000000000000114 3.4502452155307655
5.156999999999982 3.442469652898972
4.970999999999975 3.419754576543955
0.132000000000005 3.414109826232932
2.305000000000007 3.4084650759219093
0.09299999999998931 3.402198812871532
1.957000000000022 3.3959325498211546
1.9950000000000045 3.3939649122807016
0.10500000000001819 3.395847704367301
1.4099999999999966 3.397730496453901
