2.306 0.6307059843885516
0.26700000000000035 4.661573033707865
0.242 4.623371900826446
1.0869999999999997 4.54595032198712
0.1120000000000001 4.827104565221619
1.561 5.108258808456118
1.5829999999999993 4.04830322173089
0.12100000000000044 3.955263716481914
4.469 3.862224211232938
3.921999999999999 4.671437021927588
3.6179999999999986 4.54498396904367
4.667000000000002 3.7183646882365546
4.6739999999999995 3.720191698759093
0.1269999999999989 4.035984077063893
3.865000000000002 4.351776455368693
4.047000000000004 4.367606622189276
3.8699999999999974 4.703619638242895
0.22299999999999898 4.709715756805163
3.402000000000001 4.7158118753674305
0.10600000000000165 4.805299911532494
3.5180000000000007 4.894787947697556
3.686 4.969482365708084
0.11500000000000199 4.627276423426213
3.844999999999999 4.285070481144343
4.442999999999998 3.998606347062796
3.9720000000000013 4.343865055387714
0.12299999999999045 4.713705736416598
3.210000000000008 5.083546417445483
0.09000000000000341 5.106851582323213
3.3939999999999912 5.130156747200943
0.10699999999999932 5.185551390409673
3.3910000000000053 5.240946033618402
0.30100000000000193 5.243604232721937
3.1169999999999902 5.246262431825473
0.09200000000001296 5.0781298126009204
3.562999999999988 4.909997193376368
3.460000000000008 4.8675861271676295
5.287999999999997 3.6241875945537068
0.11400000000000432 3.6263053888131918
4.347999999999999 3.628423183072677
4.028000000000006 4.239551142005959
3.885000000000005 4.456401544401544
0.11599999999999966 4.3081151422795125
4.063999999999993 4.159828740157481
4.225999999999999 4.065976336961666
0.26600000000000534 4.458083907274413
3.6140000000000043 4.850191477587161
3.441999999999993 5.314958744915747
3.8500000000000085 4.795401558441558
3.8930000000000007 4.4057498073465196
0.10699999999999932 4.611634000285556
3.1880000000000024 4.8175181932245925
0.10800000000000409 5.312703653745494
2.9579999999999984 5.807889114266396
2.9390000000000214 5.80842463422933
3.180000000000007 5.399044025157234
0.12199999999998568 5.399254406944813
3.1239999999999952 5.399464788732393
0.2680000000000007 5.41180067493727
3.2220000000000084 5.424136561142148
3.1270000000000095 5.428661336744484
3.8290000000000077 4.636410551057717
3.8240000000000123 4.445502092050209
3.609999999999985 4.978406648199446
3.030000000000001 5.177927392739274
3.3290000000000077 5.178761189546411
2.205999999999989 5.199122393472348
