0.871 1.6698140068886334
0.131 1.6758799764172898
0.74 1.681945945945946
0.6649999999999998 1.6824902255639096
0.13000000000000034 1.6882859847165594
0.734 1.6940817438692095
0.6349999999999998 2.059111811023622
2.9909999999999997 2.142582413908392
0.10500000000000043 2.178277759521433
3.2720000000000002 2.213973105134474
0.12100000000000044 2.2590636845607186
3.6819999999999986 2.3041542639869634
0.120000000000001 1.8909404631609066
4.617000000000001 1.4777266623348495
0.1059999999999981 1.3466026495381644
6.015000000000001 1.2154786367414794
4.481000000000002 1.6778736889087256
0.11400000000000077 1.6064984424464144
4.780999999999995 1.5351231959841034
0.11000000000000654 1.6697540705980545
4.197999999999993 1.8043849452120055
0.2920000000000016 1.9248407212493182
4.054000000000002 2.0452964972866305
3.544000000000004 1.8546975169300226
3.989999999999995 1.850967418546366
0.11500000000000199 1.750949439798091
2.9909999999999997 1.6509314610498158
0.10999999999999943 1.4780455794842007
5.429000000000002 1.3051596979185855
6.940999999999995 1.1384042645151995
4.573999999999998 1.6156624398775687
0.1110000000000042 1.7673189788841706
3.7169999999999987 1.9189755178907721
5.0930000000000035 1.5004610249361872
0.11399999999999011 1.4368357480701879
0.9550000000000125 1.3732104712041884
0.7950000000000017 1.3851974842767294
0.11499999999999488 1.3694261986498835
2.1270000000000095 1.3536549130230373
2.430000000000007 1.2500411522633745
0.09499999999999886 1.2078829991296338
2.921999999999997 1.1657248459958933
4.268999999999991 1.4208423518388378
0.11299999999999955 1.5185607397823473
4.815000000000012 1.6162791277258566
4.1129999999999995 1.8980034038414786
3.921999999999997 1.7815991840897505
4.215999999999994 1.8111062618595823
3.844999999999999 1.8414814044213266
3.5799999999999983 2.3135843575418993
0.1150000000000091 2.18284817877095
4.0 2.052112
0.29399999999999693 1.9115550619136963
4.263999999999996 1.7709981238273922
3.322000000000017 1.7554774232390127
4.578999999999979 1.6398113125136493
0.12100000000000932 1.5711789096673248
4.837999999999994 1.5025465068210002
4.52200000000002 1.646310482087572
3.8739999999999952 1.7727413526071245
0.12999999999999545 1.746815587111537
4.765000000000015 1.7208898216159494
0.1449999999999818 1.4591647216507377
5.921000000000021 1.197439621685526
0.13399999999998613 1.0988338031405809
7.789999999999992 1.0002279845956357
1.0589999999999975 1.2617563739376774
0.14599999999998658 1.265423281121465
1.0090000000000146 1.2690901883052528
4.318000000000012 0.6133450671607227
0.103999999999985 0.7873259383240492
2.6140000000000043 0.9613068094873757
1.3989999999999725 1.463639742673338
