0.666 2.183795795795796
0.565 2.2029026548672572
0.139 2.1347709150624947
1.358 2.0666391752577318
1.7239999999999998 1.7742691415313228
4.127 1.9321521686455052
3.1159999999999997 2.056631578947368
3.3970000000000002 2.1325051516043567
0.10299999999999976 2.1640652052017644
3.8640000000000008 2.195625258799172
0.13599999999999923 2.20574767324499
3.0790000000000006 2.2158700876908086
0.11700000000000088 2.2166860295900213
3.296999999999997 2.2175019714892334
0.10000000000000142 2.2157227171933798
3.396000000000001 2.2139434628975265
0.10699999999999932 2.2146421208239517
3.3130000000000024 2.215340778750377
0.2749999999999986 2.2147747448268107
3.4209999999999994 2.2142087109032444
0.09000000000000341 2.2194778461948474
3.7269999999999968 2.2247469814864504
2.9440000000000026 2.2326929347826083
3.3149999999999977 2.227861236802413
3.4710000000000036 2.2280587726879864
0.13700000000000045 2.2239466795770757
3.192 2.219834586466165
0.10099999999999909 2.218456013771803
3.564 2.217077441077441
3.3230000000000004 2.223906108937707
3.2020000000000053 2.2276177389131795
0.2839999999999918 2.223252539607577
3.4440000000000026 2.218887340301974
3.5930000000000035 2.1553598664069025
0.11499999999999488 2.13185539295624
3.3170000000000073 2.108350919505577
3.407999999999987 2.107924882629108
3.353999999999999 2.160846750149076
3.911999999999992 2.2016339468302664
0.0940000000000083 2.2141752700377473
2.7240000000000038 2.226716593245228
3.5079999999999956 2.2184675028506273
0.09399999999999409 2.2044200589449545
3.564000000000007 2.1903726150392817
0.22799999999999443 2.164909516337767
3.2660000000000053 2.139446417636252
3.6069999999999993 2.1168904907125032
0.09000000000000341 2.163736534772424
3.203000000000003 2.2105825788323448
0.09599999999998943 2.2173525139059684
3.7240000000000038 2.2241224489795917
3.7169999999999987 2.208352972827549
3.408999999999992 2.215176298034615
0.0940000000000083 2.191291789999526
7.0859999999999985 2.167407281964437
0.11299999999999955 2.170615952762555
7.903000000000006 2.173824623560673
0.09299999999998931 2.19714644289376
7.688000000000017 2.220468262226847
0.11299999999999955 2.1970147362533146
7.899000000000001 2.1735612102797823
0.10099999999999909 2.206376301259878
3.066999999999979 2.239191392239974
3.8000000000000114 2.1579052631578945
0.10499999999998977 2.1435232021495176
3.3300000000000125 2.129141141141141
3.644999999999982 2.1376614540466394
3.4809999999999945 2.2039505889112325
0.11600000000001387 2.2211365480168697
3.509999999999991 2.238322507122507
2.9710000000000036 2.2369033995287784
0.13100000000000023 2.195600920254367
3.1430000000000007 2.154298440979956
0.2470000000000141 2.1759565599395194
2.1799999999999784 2.197614678899083
