0.732 1.986896174863388
0.618 2.0139805825242716
0.5579999999999998 2.0051182795698925
1.5540000000000003 1.9683655083655085
1.6700000000000004 1.9715497005988025
0.14199999999999946 2.005256873843786
3.143 2.038964047088769
2.267999999999999 3.1940564373897704
2.6579999999999995 3.191834462001505
2.1129999999999995 3.228899195456697
0.09299999999999997 3.2625794444370952
2.218 3.2962596934174937
2.2070000000000007 3.4066841866787487
1.961000000000002 3.7426945436002037
5.161999999999999 3.4241968229368465
4.544000000000004 4.005943661971831
4.0 4.010797999999999
0.09599999999999653 4.019889407112775
4.274000000000001 4.028980814225549
0.12899999999999778 3.8403987005736995
5.016000000000005 3.65181658692185
3.9250000000000043 4.197731464968153
4.420000000000002 4.019413574660634
4.5660000000000025 3.7787630310994316
0.2259999999999991 3.9623215562001226
3.936 4.145880081300813
4.309000000000005 4.040787189603156
0.09499999999999886 4.050093000923095
4.378 4.059398812243033
0.117999999999995 4.256967180569895
3.6710000000000065 4.454535548896758
3.897999999999996 4.488024628014367
0.10300000000000864 4.432402126896996
3.847999999999999 4.376779625779625
4.489000000000004 4.269259077745602
0.11199999999999477 4.344826232624552
3.5690000000000026 4.420393387503503
3.9909999999999997 4.278855424705587
0.30100000000000193 4.263215739830713
4.076000000000008 4.2475760549558395
3.850999999999999 4.389910153206959
3.817999999999998 4.500475641697224
6.227999999999994 2.814481695568401
5.00800000000001 3.652972843450479
4.546999999999997 4.060324609632725
4.115000000000009 4.168064155528554
3.876999999999981 3.961374258447253
0.12600000000000477 3.9704642892884863
4.317000000000007 3.97955432012972
0.2709999999999866 4.217780292406285
3.8310000000000173 4.45600626468285
4.063000000000017 4.225685454097958
4.605000000000018 3.662959391965255
0.09600000000000364 3.8048952334713357
4.427999999999997 3.946831074977416
4.189999999999998 4.0514138424821
0.11000000000001364 4.078530232989431
4.323999999999984 4.105646623496762
4.126000000000005 4.120116335433834
4.450999999999993 4.037755111210964
4.0589999999999975 3.8652673072185273
0.23199999999999932 3.9069918762386724
4.3659999999999854 3.9487164452588175
2.539999999999992 4.515458267716536
