0.27 5.3866962962962965
0.6000000000000001 5.3182
0.10199999999999987 5.321809677419354
0.5270000000000001 5.32541935483871
0.5780000000000001 5.292110726643599
0.6190000000000002 5.319043618739903
1.2730000000000001 5.034142969363708
4.107 4.202649135622108
0.09399999999999942 4.169199962844914
4.43 4.13575079006772
4.094000000000001 4.016549096238398
0.10800000000000054 4.018189767021214
4.316999999999997 4.019830437804031
4.431000000000001 3.9242103362672083
4.101999999999997 4.100345197464651
0.09700000000000131 4.117506399901916
4.275000000000002 4.134667602339181
0.125 4.121385708188322
4.430999999999997 4.108103814037463
0.2610000000000028 4.092576938784932
3.934999999999995 4.077050063532401
4.195 4.104854350417163
0.10600000000000165 4.030133070263645
4.631 3.955411790110127
4.061 4.057152425510958
4.572000000000003 3.885784776902887
0.12599999999999767 3.9533598785469923
4.290999999999997 4.020934980191098
0.10600000000000875 4.042113904438178
4.015999999999991 4.063292828685259
4.286000000000001 4.062471301913207
0.11499999999999488 4.0739997888876385
4.3500000000000085 4.085528275862069
0.23999999999999488 4.094018528297317
3.986000000000004 4.102508780732564
0.12699999999999534 4.060248418845841
4.353999999999999 4.017988056959119
4.159999999999997 4.048521153846154
4.679000000000002 4.095897413977346
0.125 4.0648732787094595
3.9110000000000014 4.033849143441574
4.227000000000004 4.039960255500355
4.5190000000000055 3.831183890241204
4.2379999999999995 3.9890382255781027
4.210000000000008 4.081428978622328
0.277000000000001 4.06573667045719
4.327999999999989 4.050044362292052
4.590000000000003 3.985640087145969
0.11199999999999477 4.112486633699277
4.355000000000004 4.239333180252585
4.8089999999999975 3.5665593678519443
0.09700000000000841 3.4362547406153148
1.7639999999999816 3.3059501133786853
1.850999999999999 4.056561858454889
1.7939999999999827 4.052017837235229
0.10599999999999454 3.8417689186176145
2.0500000000000114 3.63152
1.886000000000024 3.6413573700954402
0.10999999999998522 3.855428064700326
2.015000000000015 4.069498759305211
4.165999999999997 4.074753720595296
4.399000000000001 4.035648101841328
0.10200000000000387 3.9785622285446554
4.335000000000008 3.921476355247982
4.594999999999999 3.911218280739935
0.103999999999985 3.9958067996677573
3.844999999999999 4.0803953185955795
4.25800000000001 4.048871770784405
2.798000000000002 4.099093638313081
