0.8109999999999999 1.7933514180024661
0.6880000000000001 1.8090697674418605
0.10799999999999987 1.8112253213222267
0.617 1.8133808752025928
0.6880000000000002 1.8073488372093025
0.12300000000000022 1.9338503554882804
2.535 2.0603518737672584
2.988999999999999 2.144016058882569
0.11100000000000065 1.9282869892521592
4.23 1.7125579196217493
6.457000000000001 1.3139067678488459
0.13599999999999923 1.3913628564755531
4.645 1.4688189451022604
4.3580000000000005 1.6776282698485543
0.14199999999999946 1.6779382420671343
4.479999999999997 1.6782482142857142
0.10600000000000165 2.1032343379385856
2.9029999999999987 2.528220461591457
0.09700000000000131 2.5308005317990734
2.990000000000002 2.533380602006689
0.30100000000000193 2.788649184997471
2.7239999999999966 3.0439177679882534
1.7489999999999952 3.7581749571183534
2.336999999999996 3.160188275566967
2.423000000000002 3.191742468014857
2.1750000000000043 3.257798620689656
0.12399999999999523 3.2428012711291423
2.4480000000000004 3.2278039215686283
2.269999999999996 3.2555242290748896
0.13500000000000512 3.2530792460115485
5.019999999999996 3.2506342629482075
5.339999999999996 3.2606277153558048
5.009 3.5480231583150332
9.90400000000001 1.651110662358643
0.11699999999999022 1.7673235535180734
3.814000000000007 1.883536444677504
3.6200000000000045 2.002066298342541
3.6839999999999975 2.3378914223669915
0.10099999999999909 3.1155362118253445
1.558000000000007 3.893181001283697
2.4890000000000043 3.126711128967457
0.10999999999999943 3.4720323370998654
2.0450000000000017 3.8173535452322738
2.194999999999993 3.1833403189066054
0.11499999999999488 2.894677667985726
2.930000000000007 2.6060150170648466
0.2560000000000002 2.7403798187232473
2.462999999999994 2.8747446203816485
2.885000000000005 2.8709296360485275
0.10899999999999466 2.4436259577933623
4.070999999999998 2.016322279538197
5.141999999999996 1.4685989887203426
3.9709999999999894 1.4685711407705868
0.1290000000000049 1.8486660987319836
3.3689999999999998 2.2287610566933806
0.1110000000000042 2.432241297019642
2.7579999999999956 2.635721537345903
2.8249999999999886 2.635262300884956
3.5529999999999973 1.9329017731494513
0.23500000000001364 1.8737356840963013
4.518999999999977 1.814569595043151
0.09600000000000364 1.6278173178467787
4.920000000000016 1.4410650406504064
5.534999999999997 1.4077282746160795
4.885999999999996 1.570190749079001
0.10800000000000409 1.7413407494177868
4.108000000000004 1.9124907497565726
0.09100000000000819 2.084188348401708
2.945999999999998 2.2558859470468438
2.265999999999991 2.988067078552515
1.4310000000000116 3.3478686233403208
