1.5050000000000001 0.966384053156146
0.09999999999999987 0.9697596575397618
1.2790000000000001 0.9731352619233777
0.13099999999999978 0.9726041209703771
1.1509999999999998 0.9720729800173763
0.13900000000000023 0.954911301471735
1.3260000000000005 0.9377496229260935
1.487 0.8793113651647613
0.11799999999999944 0.8527022892872049
1.2229999999999999 0.8260932134096485
1.4969999999999999 0.8192117568470272
0.10400000000000098 0.8349245328577644
1.6349999999999998 0.8506373088685015
0.18299999999999983 0.8681187582764107
7.703999999999999 0.8856002076843198
14.805 0.49382668017561626
0.125 0.4527769104796805
2.7560000000000002 0.41172714078374467
0.34499999999999886 0.3649547573506089
3.926000000000002 0.3818176260825268
0.2289999999999992 0.3818331079447765
4.042000000000002 0.3818485898070262
0.2680000000000007 0.3901081496837018
3.1129999999999995 0.4620648891744298
0.0940000000000012 0.5500552236304951
1.7560000000000002 0.6380455580865604
0.15099999999999625 0.6326576996782007
1.764000000000003 0.6272698412698412
0.1599999999999966 0.6123979096641071
4.831000000000003 0.597525978058373
0.19699999999999562 0.48322839013145225
3.2660000000000053 0.36893080220453145
0.23099999999999454 0.3679705328637082
3.605000000000004 0.3670102635228849
0.19899999999999807 0.40217955939046846
2.576999999999998 0.43734885525805195
0.35200000000000387 0.47494586200529576
2.4609999999999985 0.5125428687525395
0.16500000000000625 0.5256901283583439
2.3429999999999893 0.5388373879641485
0.1560000000000059 0.575681188143681
2.1410000000000053 0.6125249883232136
0.17199999999999704 0.617344980037313
1.769999999999996 0.6221649717514124
0.117999999999995 0.6315060666617325
1.8320000000000078 0.6408471615720525
0.15800000000000125 0.7399350417723657
8.637999999999991 0.8390229219726789
0.1280000000000001 0.8270825380259004
10.566000000000003 0.8151421540791217
0.14400000000000546 0.8151054491752162
1.090999999999994 0.8150687442713107
0.11899999999999977 0.8109618179662529
1.5230000000000103 0.8068548916611951
0.2539999999999907 0.8106105059398871
1.4639999999999986 0.8143661202185792
0.1629999999999967 0.8123851193113487
1.554000000000002 0.8104041184041183
0.13400000000000034 0.8058245260521968
3.997 0.8012449337002753
0.1039999999999992 0.7070048121552004
11.555000000000007 0.6127646906101255
0.18200000000000216 0.6057303306530482
2.1839999999999975 0.5986959706959708
0.10200000000000387 0.6342275371687137
2.141999999999996 0.6697591036414566
0.15000000000000568 0.7169918576749696
1.6739999999999924 0.7642246117084828
0.1280000000000001 0.7649777603996959
1.3750000000000142 0.7657309090909091
0.11199999999999477 0.7160283202446023
4.34099999999998 0.6663257313982954
0.17200000000002547 0.6808100056026625
4.35299999999998 0.6952942798070296
0.3050000000000068 0.7150865944062188
4.252999999999986 0.734878909005408
0.09800000000001319 0.7828298190383333
5.459000000000003 0.8307807290712586
0.10900000000000887 0.7622617689349525
11.819999999999993 0.6937428087986464
1.4190000000000111 0.8186610288935872
1.5010000000000048 0.9183850766155895
0.9909999999999854 1.3483350151362261
0.11700000000001864 1.343902201445664
2.352000000000004 1.3394693877551018
0.14099999999999113 1.3579945691374262
1.9240000000000066 1.3765197505197504
7.369 0.9188438051295971
0.15399999999999636 0.771851796917218
7.667000000000002 0.6248597887048388
