0.35 4.155451428571428
0.296 4.204864864864865
0.10099999999999998 4.16300218279954
0.681 4.1211395007342135
0.1200000000000001 4.119008512143688
0.7430000000000001 4.116877523553163
1.271 4.1093564122738
1.5630000000000002 4.100104926423543
4.1579999999999995 4.151101491101491
4.529999999999999 4.044453863134658
4.364999999999998 3.767182588774341
4.553000000000001 3.811466725236108
4.925999999999998 3.529877385302477
5.204999999999998 3.2314343900096056
0.09499999999999886 3.048108118829762
6.170000000000002 2.864781847649919
0.31800000000000495 3.282375752026655
2.2409999999999997 3.699969656403391
1.0760000000000005 3.9178438661710038
2.493000000000002 2.962438828720417
0.12400000000000233 2.3363268889289834
4.5219999999999985 1.71021494913755
2.033999999999999 3.483634218289086
2.0700000000000003 3.8172289855072465
5.856999999999999 2.94584804507427
5.155999999999999 3.16489216446858
5.069000000000003 3.434948115999211
0.13100000000000023 2.8605180507961068
7.774000000000001 2.2860879855930025
0.1319999999999908 2.6470009820438136
2.325000000000003 3.0079139784946243
3.7759999999999962 1.9024915254237287
0.125 2.0274976189637206
3.3670000000000044 2.1525037125037123
0.125 2.3443307726240583
3.396000000000001 2.5361578327444048
0.09900000000000375 3.308986049615809
1.48599999999999 4.081814266487214
0.1110000000000042 3.8499224749451413
2.1509999999999962 3.618030683403069
2.0 3.903244
0.09599999999998943 3.760088409927257
4.674000000000007 3.6169328198545148
0.12999999999999545 3.6704967523633214
4.614000000000004 3.724060684872128
4.682000000000002 3.7438257155061936
0.12399999999999523 3.654267495321296
5.132000000000005 3.5647092751363987
4.846999999999994 3.809015060862389
4.731999999999999 3.624595097210482
5.867000000000019 2.617734446906425
8.540999999999997 2.0114431565390465
2.0360000000000014 2.3806836935166995
3.198999999999984 2.32716974054392
0.10099999999999909 2.034223815505226
3.944000000000017 1.7412778904665314
4.186000000000007 1.9589202102245582
0.09699999999997999 2.8096201464132604
1.9370000000000118 3.6603200826019626
2.227000000000004 3.498776829815896
2.2079999999999984 3.474615942028985
0.09199999999998454 3.448966358814057
2.295000000000016 3.4233167755991287
0.09999999999999432 3.5195582789856363
1.8379999999999939 3.6157997823721444
0.25499999999999545 3.605818106799455
1.8830000000000098 3.5958364312267657
3.6529999999999916 3.139683547768957
