0.727 2.00056121045392
0.6160000000000001 2.020519480519481
0.5559999999999998 2.012330935251798
0.6179999999999999 2.0120647249190937
1.661 1.98223239012643
0.14100000000000001 2.017127082030874
3.123 2.0520217739353184
3.367 2.1515057915057914
0.13100000000000023 2.137035857974562
3.997 2.122565924443333
0.10699999999999932 2.2048739779776168
2.9830000000000005 2.2871820315119007
0.12300000000000111 2.209971412488739
3.4279999999999973 2.1327607934655775
3.632999999999999 2.069516102394716
3.543000000000003 2.0715280835450183
3.4520000000000017 2.1943244495944376
0.23100000000000165 2.119810473440534
4.053999999999995 2.0452964972866305
3.172000000000004 2.0722093316519543
0.12599999999999767 2.0627046102240865
3.5970000000000013 2.053199888796219
0.09700000000000131 2.0312234829795592
3.8489999999999966 2.0092470771628994
3.9010000000000034 1.8163834914124584
3.2850000000000037 2.405377168949772
0.117999999999995 2.402760036244941
3.0790000000000006 2.4001429035401105
0.1180000000000021 2.337684210940709
3.134999999999998 2.275225518341308
3.6910000000000025 2.07040043348686
0.2950000000000017 2.069416028709242
3.7439999999999998 2.068431623931624
3.6169999999999902 1.9334807851810887
3.3160000000000025 2.1664077201447527
3.387999999999991 2.1391617473435653
0.11599999999999966 2.092234875096622
4.211000000000013 2.0453080028496795
3.1330000000000098 1.936028088094478
3.5559999999999974 2.188521934758155
3.769999999999996 2.0706864721485414
0.13100000000000023 2.0629067654860354
3.4000000000000057 2.0551270588235293
0.2909999999999968 2.073826067093321
3.649000000000001 2.092525075363113
3.2319999999999993 2.1907475247524757
3.7830000000000013 2.1894348400740156
0.117999999999995 2.2266048993530583
3.6260000000000048 2.263774958632101
3.285000000000011 2.2987933028919327
0.11699999999999022 2.2991789858308245
2.5360000000000014 2.2995646687697167
8.12400000000001 2.114689315608075
7.748000000000005 2.2032731027361896
7.320999999999998 2.345165960934299
0.2650000000000148 2.394575863029427
2.8100000000000023 2.4439857651245553
0.10099999999999909 2.4229360577233794
3.4139999999999873 2.4018863503222034
0.09200000000001296 2.3419216109512533
3.1069999999999993 2.2819568715803027
3.407999999999987 2.286319248826291
0.09800000000001319 2.245768420044074
3.4790000000000134 2.205217591261857
0.1139999999999759 2.1247935471271555
3.8430000000000177 2.0443695029924536
3.2419999999999902 2.0499198025909933
3.275999999999982 2.066837606837607
0.132000000000005 2.066364038433896
2.319000000000017 2.065890470030185
