1.581 0.9199291587602784
0.1180000000000001 0.9192413321476669
1.355 0.9185535055350553
0.14500000000000002 0.9212321615206243
1.2109999999999999 0.9239108175061932
0.09199999999999964 0.9245506468483347
1.3440000000000003 0.925190476190476
0.15800000000000036 0.9220246126560252
1.423 0.9188587491215743
1.093 0.9243476669716377
0.10500000000000043 0.9232114274707812
1.33 0.9220751879699247
1.5210000000000008 0.9143931623931624
0.09299999999999997 0.908789379713923
7.554 0.9031855970346837
0.129999999999999 0.8747870564474183
8.638000000000002 0.8463885158601527
0.16900000000000048 0.7794561987943676
10.551999999999996 0.7125238817285823
0.3330000000000055 0.705391063279048
1.7889999999999944 0.6982582448295137
0.142000000000003 0.6400721088400962
2.210000000000001 0.5818859728506788
0.12400000000000233 0.534493274268211
2.952999999999996 0.48710057568574333
0.14800000000000324 0.49011894981470266
2.2719999999999985 0.493137323943662
0.12299999999999756 0.4910459045701518
2.262999999999998 0.4889544851966416
0.1490000000000009 0.49190655294314833
2.3200000000000003 0.49485862068965514
0.19700000000000273 0.5118483106993118
5.641999999999996 0.5288380007089685
1.213000000000001 1.0907436108821105
1.0330000000000013 1.0910435624394965
2.868000000000009 1.0780251046025102
0.13299999999999557 0.862189749290175
11.822999999999993 0.6463543939778398
0.125 0.7102714687074043
10.003 0.7741885434369689
0.15100000000001046 0.9036196000486908
1.0659999999999883 1.0330506566604127
0.14200000000001012 1.0301001314798126
1.1430000000000007 1.0271496062992125
0.15399999999999636 1.054182353632486
1.1389999999999958 1.0812151009657593
1.3070000000000022 1.1133955623565417
0.09199999999999875 1.1088170654725054
2.0120000000000005 1.1042385685884692
2.9309999999999974 1.0928584100989425
0.09000000000000341 1.005343173928026
5.590999999999994 0.9178279377571097
0.10300000000000864 1.0027676426020917
6.423999999999992 1.0877073474470738
7.459000000000003 1.0236793135809088
0.1599999999999966 0.9705992784050714
7.716999999999999 0.9175192432292341
0.9819999999999993 1.3315193482688392
0.10900000000000887 1.3392920685006169
1.0649999999999977 1.3470647887323945
0.13599999999999568 1.3440313461481679
0.9539999999999935 1.3409979035639412
2.1420000000000243 1.1991185807656395
3.147999999999996 0.918843710292249
0.1559999999999775 0.9174706171948865
5.291000000000025 0.916097524097524
0.10299999999998022 0.9571514705497006
7.457999999999998 0.9982054170018774
0.14100000000001955 1.054643883068161
6.180999999999983 1.1110823491344446
0.1150000000000091 1.0045140173179887
9.132000000000005 0.8979456855015331
1.306999999999988 0.8888140780413161
1.3590000000000089 1.014345842531273
0.3170000000000073 1.0509371461378683
2.9350000000000023 1.0875284497444633
2.890999999999991 1.0897378069872017
0.10700000000002774 1.1102882032374093
2.3419999999999845 1.1308385994876171
0.14799999999999613 1.1295989135740734
2.227000000000004 1.1283592276605299
1.8100000000000023 1.1312883977900554
