0.889 1.6360044994375704
0.11199999999999988 1.6433603399044618
0.754 1.650716180371353
0.712 1.571426966292135
0.09699999999999998 1.4025071339397182
1.008 1.2335873015873013
0.09699999999999998 1.2255161833821049
1.0739999999999998 1.2174450651769086
0.12400000000000055 1.101855659523439
2.5839999999999996 0.9862662538699692
0.09299999999999997 1.6779744746615137
3.0569999999999995 2.3696826954530583
8.150999999999998 1.0408411237884925
3.9029999999999987 1.7480563668972586
0.10000000000000142 1.8436706237669316
3.7699999999999996 1.9392848806366045
0.13599999999999923 1.8905821757421142
4.082000000000001 1.8418794708476238
0.12099999999999866 1.7932268759039642
4.206999999999997 1.7445742809603046
0.09500000000000597 1.7723356195676048
4.207999999999998 1.8000969581749051
4.338000000000001 1.9113951129552786
0.24900000000000233 1.9555527435783393
3.286999999999999 1.9997103742013997
0.12699999999999534 2.02360899913286
3.6069999999999993 2.0475076240643197
0.09100000000000108 1.953719179997528
4.158000000000001 1.859930735930736
4.231999999999999 1.6743175803402646
5.849000000000004 1.3509427252521797
5.590000000000003 1.322010733452594
0.11599999999999966 1.5526093667262968
4.0 1.783208
3.6850000000000023 2.0737715061058344
0.11499999999999488 2.0780538089819305
3.7190000000000083 2.0823361118580266
0.26599999999999113 2.028936417510934
3.5400000000000063 1.9755367231638414
3.6910000000000025 1.9463039826605255
0.10699999999999932 1.965685543781646
3.6509999999999962 1.9850671049027664
4.299000000000007 2.0034408001860897
0.10299999999999443 2.025619117176097
2.9620000000000033 2.047797434166104
4.893000000000001 1.5905137952176578
0.11999999999999034 1.5213067487993053
5.376000000000005 1.4520997023809525
0.11599999999999966 1.7019481752128227
3.5799999999999983 1.9517966480446927
0.12000000000000455 2.017877581664268
3.6640000000000015 2.0839585152838427
0.32099999999999795 1.9797932973770205
3.7750000000000057 1.8756280794701983
0.13799999999999102 1.840848492417175
4.586000000000013 1.8060689053641519
0.117999999999995 1.8044673540657792
4.552999999999997 1.8028658027674067
4.1229999999999905 1.8315634246907593
2.915999999999997 1.9998957475994517
3.5030000000000143 2.143504424778761
0.09299999999998931 2.054889891588731
3.6970000000000027 1.9662753583987014
0.10699999999999932 1.8275814178563379
4.407999999999987 1.6888874773139746
0.10099999999999909 1.7930072745685897
3.6200000000000045 1.8971270718232047
1.427000000000021 2.1555991590749826
0.5260000000000105 2.20851711026616
2.454999999999984 2.068793482688391
4.140999999999991 1.8526809949287613
5.134999999999991 1.529992599805258
3.242999999999995 2.049287696577244
4.129000000000019 1.6398546863647372
2.9429999999999836 1.6278627251104314
