0.7919999999999999 1.8363737373737372
0.1180000000000001 1.847022689582391
0.6699999999999999 1.8576716417910446
0.1260000000000001 1.8612158208955223
0.5999999999999999 1.86476
0.10099999999999998 1.8617193124065767
0.669 1.8586786248131535
0.13100000000000023 1.8423975486794553
1.8029999999999995 1.8261164725457573
0.09799999999999986 1.5790802691142838
4.811 1.3320440656828103
0.2400000000000002 1.107252389766731
8.209 0.8824607138506517
0.1960000000000015 0.9607585871763975
8.165 1.0390564605021433
0.7270000000000003 1.6584319119669877
0.6660000000000004 1.670930930930931
0.1339999999999968 1.6673716238232368
0.6820000000000022 1.6638123167155427
0.125 1.6474753581564627
1.9869999999999983 1.631138399597383
0.10999999999999943 1.7400890072774033
2.7010000000000005 1.8490396149574235
0.2710000000000008 1.9751574151827158
3.945999999999998 2.101275215408008
4.332999999999998 1.5169739210708515
1.544000000000004 4.783264248704663
1.3019999999999996 5.9397788018433175
0.09700000000000131 5.859657753287076
1.225999999999999 5.779536704730833
4.460000000000001 3.983365022421525
5.399999999999999 3.195154074074075
0.09799999999999898 3.720129586464717
3.844000000000001 4.245105098855359
5.125000000000007 3.397415024390244
4.827999999999989 3.6810372825186413
4.85799999999999 3.3661177439275423
5.182000000000002 3.375978386723273
0.117999999999995 3.329494846383079
5.13000000000001 3.2830113060428854
0.26200000000000045 3.2380321441910533
6.001999999999995 3.193052982339221
0.10800000000000409 3.1641322145400395
5.0319999999999965 3.1352114467408585
5.284999999999997 3.231203784295175
0.11400000000000432 3.3686517098875632
4.938000000000002 3.5060996354799516
5.907000000000011 2.861950905705095
0.09599999999998943 2.8694878869143414
2.6540000000000106 2.8770248681235873
2.282999999999987 3.1013999123959697
0.11899999999999977 3.106426015397056
1.7230000000000132 3.1114521183981427
1.7789999999999964 3.104004496908376
0.11899999999999977 3.125238915120854
2.4000000000000057 3.146473333333333
0.10099999999999909 3.156216036916395
1.8419999999999987 3.1659587404994567
2.372000000000014 3.165554806070826
0.12599999999997635 4.073976854714646
1.4590000000000032 4.982398903358465
2.8130000000000166 6.103434056167793
2.1299999999999955 7.9192150234741785
2.133999999999986 8.189582005623242
2.1500000000000057 7.895546046511628
3.1240000000000236 5.682719590268886
4.494 3.7827325322652423
0.10699999999999932 3.4731342647244183
5.681000000000012 3.1635359971835944
0.12199999999998568 3.385529782910031
4.349000000000018 3.607523568636468
0.23699999999999477 3.8848936046948634
4.141999999999996 4.162263640753259
2.4729999999999848 4.637793772745653
