0.33599999999999997 4.3285952380952395
0.285 4.367157894736843
0.1160000000000001 4.325942306147048
0.6549999999999999 4.284726717557253
0.7150000000000003 4.278097902097902
1.8690000000000002 4.2664483681112895
1.5910000000000002 4.02794720301697
0.11199999999999921 3.970786135274017
1.851 3.913625067531064
4.715000000000001 3.8857637327677628
4.146000000000001 3.966172696575012
4.32 4.017038888888889
4.4830000000000005 3.878691947356681
0.11399999999999721 3.9274802526381514
4.23 3.976268557919622
4.459 3.964051132540928
4.736000000000004 3.8435405405405407
4.0 4.010797999999999
0.2910000000000039 3.9315582841163303
4.469999999999999 3.8523185682326617
4.744 3.861195615514334
4.1739999999999995 3.947315764254911
0.12699999999999534 3.8843707235987393
4.649000000000001 3.8214256829425675
4.491 3.841868626141171
0.10899999999999466 3.847520381547563
4.234999999999999 3.853172136953955
4.450999999999993 3.911874185576275
4.483000000000004 3.964320321213473
0.117999999999995 3.9700765233589856
4.1129999999999995 3.9758327255044983
0.28000000000000114 3.9382307440231523
4.484999999999999 3.900628762541806
0.12199999999999989 3.8982496114351406
4.3230000000000075 3.8958704603284757
4.929000000000002 3.8881525664434973
4.052999999999997 3.89252010856156
4.393000000000001 3.887300705668109
0.11200000000000898 3.902127021173242
1.992999999999995 3.916953336678375
0.10099999999999909 3.9223417610879228
1.7789999999999964 3.9277301854974707
0.12300000000000466 3.980670164064108
1.8930000000000007 4.033610142630745
0.10500000000000398 4.015815799717405
1.7710000000000008 3.9980214568040657
2.0790000000000077 3.9839499759499764
0.117999999999995 3.9862529277223158
2.0579999999999927 3.988555879494655
1.8960000000000008 3.9828776371308012
0.10200000000000387 3.9459117124315246
3.929000000000002 3.908945787732248
4.437999999999988 3.8710536277602516
4.406999999999982 3.87360108917631
0.09700000000000841 3.858555637491669
4.467000000000013 3.8435101858070286
4.2690000000000055 3.951259779807917
4.421999999999997 3.9521863410221614
4.2590000000000146 3.985776942944353
4.524000000000001 3.9241414677276754
0.2650000000000148 3.873856608807607
4.445999999999998 3.823571749887539
4.63900000000001 3.8741211467988785
3.9819999999999993 3.940010045203415
0.11400000000000432 3.976533886661298
4.295999999999992 4.013057728119181
0.10800000000000409 3.981264401249673
2.9039999999999964 3.9494710743801646
