0.529 2.7493534971644613
0.44899999999999995 2.772026726057907
1.0330000000000001 2.716840271055179
1.125 2.718968888888889
1.2129999999999996 2.714334707337181
0.09200000000000053 2.7114496867201545
2.3659999999999997 2.708564666103128
2.816 2.5724857954545453
2.856 2.970551820728291
2.314 2.948428694900605
1.8930000000000007 3.862178552562071
0.10800000000000054 3.137428668538563
7.206999999999997 2.412678784515055
0.0940000000000012 3.0075405059863773
4.6690000000000005 3.6024022274577
0.129999999999999 3.739326552325341
4.560000000000002 3.876250877192983
4.847000000000001 3.755520528161749
4.347000000000001 3.690635380722337
4.721999999999994 3.6467310461668796
4.973999999999997 3.6826521913952552
0.125 3.7047162789140944
4.420999999999999 3.7267803664329335
0.2680000000000007 3.725243882650548
4.771000000000001 3.723707398868162
4.742999999999995 3.6377465738983767
4.554000000000002 3.583263943785683
4.878 3.5694448544485446
0.12599999999999056 3.4484603040263693
5.341000000000008 3.327475753604194
4.6370000000000005 3.5265473366400686
2.5330000000000013 2.83608685353336
2.6189999999999998 2.7672699503627336
2.622 3.2848176964149496
1.8319999999999936 3.3109039301310044
2.1880000000000024 3.556848263254113
0.11299999999999955 3.596423200094686
2.1469999999999914 3.6359981369352585
1.9200000000000017 3.6392875
2.0959999999999894 3.6429503816793893
0.10800000000000409 3.6492741480868274
4.795000000000002 3.6555979144942654
0.10699999999999932 3.656110770159385
5.003 3.656623625824505
0.09499999999999886 3.6270546032474043
5.132000000000005 3.597485580670304
4.823999999999998 3.555469320066335
4.046999999999997 3.794971089696071
4.570999999999998 3.758419601837672
0.12800000000001432 3.760514627897016
4.536999999999978 3.762609653956359
4.572999999999979 3.754419418324951
0.3170000000000073 3.683971491510376
4.668000000000006 3.6135235646958006
4.757999999999981 3.6730912147961328
4.611999999999995 3.680707718993929
0.09100000000000819 3.651865696231658
4.899999999999977 3.6230236734693877
0.10099999999999909 3.6588928408642305
4.600999999999999 3.6947620082590733
0.09800000000001319 3.6805152350556893
4.901999999999987 3.6662684618523054
0.09800000000001319 3.4898522879483282
4.735000000000014 3.313436114044351
5.325000000000017 3.2375767136150237
3.483000000000004 3.2929267872523686
