0.422 3.446464454976304
0.359 3.4669637883008364
0.8240000000000001 3.4059417475728155
0.899 3.4024916573971082
0.10199999999999987 3.4054321641022804
0.9660000000000002 3.4083726708074527
1.8810000000000002 3.4069452418926103
0.11299999999999955 3.5448859407226143
1.9670000000000005 3.682826639552618
2.771 3.0616730422230245
0.12899999999999956 2.655426317309023
7.311 2.249179592395021
3.600999999999999 4.819108025548458
0.10100000000000264 4.819223635834096
3.6080000000000005 4.819339246119734
0.09099999999999753 4.709945334219604
3.6560000000000024 4.600551422319475
3.8230000000000004 4.623516609992152
4.167999999999999 4.367324376199616
0.13300000000000267 3.781908053810109
5.018999999999998 3.196491731420602
3.889000000000003 4.427838518899461
0.30400000000000205 3.0152803584085195
11.428999999999995 1.602722197917578
0.11700000000000443 2.4498175128496467
1.4109999999999943 3.296912827781715
1.2530000000000001 4.0811109337589775
1.9329999999999998 3.8230936368339368
2.6029999999999944 2.740235113330772
0.13000000000000966 1.9486947825890686
6.603999999999999 1.157154451847365
2.788000000000011 2.7776929698708757
1.7490000000000094 3.9985134362492856
1.808000000000007 3.973345132743362
0.09099999999999397 3.984324165048638
1.813999999999993 3.995303197353914
0.09000000000000341 3.4512850938225883
6.591999999999999 2.9072669902912622
0.11800000000000921 2.6882855533707053
6.388999999999996 2.469304116450149
0.10099999999999909 3.14960875113846
2.0319999999999965 3.8299133858267713
2.4150000000000063 3.232500207039337
2.6030000000000086 2.684376488666923
0.10200000000000387 2.534881777604314
3.2009999999999934 2.3853870665417056
0.10299999999999443 2.531161586200909
2.6450000000000102 2.676936105860113
1.9939999999999998 4.153777331995988
0.29299999999999216 3.982575701505839
4.844000000000008 3.81137407101569
4.665000000000006 3.676652518756699
3.9909999999999997 3.8482204961162614
0.11700000000000443 3.1219721919990038
7.170999999999992 2.395723887881746
0.13300000000000978 2.1344887408244455
9.113 1.8732535937671453
2.6330000000000098 2.827427269274592
2.9879999999999995 2.298393574297189
0.11600000000001387 2.292856480314564
3.5849999999999795 2.2873193863319394
0.11400000000000432 2.082986667198826
3.774000000000001 1.878653948065713
0.13400000000001455 1.5579182728578802
6.297999999999973 1.2371825976500475
0.09700000000000841 1.437194798611622
4.686000000000007 1.6372069995731968
0.11400000000000432 1.726031543214642
4.329000000000008 1.8148560868560872
6.61099999999999 1.0052700045378915
0.2909999999999968 0.8655723950648291
9.328000000000003 0.7258747855917668
1.353999999999985 1.5122836041358936
