0.834 1.74389448441247
0.708 1.757966101694915
0.09699999999999998 1.7599720272254102
0.635 1.7619779527559056
0.7050000000000001 1.7637673758865247
0.10499999999999998 1.7469619853683807
1.9030000000000005 1.7301565948502367
0.09699999999999953 1.947954944941171
2.9589999999999996 2.1657532950321055
0.120000000000001 2.801936922788953
2.1069999999999993 3.4381205505458
0.09500000000000064 3.360045961926672
2.584999999999999 3.281971373307544
0.11599999999999966 3.015968354932692
2.4810000000000016 2.7499653365578403
0.1269999999999989 2.665784928165926
2.831999999999999 2.5816045197740114
2.634999999999998 2.8533404174573054
2.757999999999999 2.6611399564902105
2.7349999999999994 2.769582449725777
0.25 2.6679283341169895
3.230999999999998 2.566274218508202
2.381000000000004 2.76062494750105
0.11699999999999733 2.7494930447553454
2.6970000000000027 2.7383611420096403
0.10599999999999454 2.7245244195852614
2.8530000000000015 2.710687697160883
6.119999999999997 2.692172549019608
7.478999999999999 2.3754255916566387
0.12300000000000466 2.503794565469814
6.555 2.63216353928299
5.951999999999998 2.741630376344086
6.496000000000009 2.680380541871921
0.29399999999999693 2.6093164590709983
3.051000000000002 2.5382523762700755
2.792999999999992 2.5039026136770497
0.10800000000000409 2.5472646858504255
2.772999999999996 2.590626758023801
0.12600000000000477 2.5988169761342026
2.780000000000001 2.6070071942446043
0.12199999999999989 2.5909164521297763
3.344999999999999 2.574825710014948
2.3870000000000005 2.5410875576036864
0.11599999999999966 2.5526498743537376
3.0349999999999966 2.5642121911037887
3.036999999999992 2.570460322686862
2.725999999999999 2.563254585473221
0.2600000000000051 2.5432968234702527
3.0259999999999962 2.5233390614672837
6.875 2.549613381818182
0.1290000000000049 2.5179493927302383
7.358000000000004 2.4862854036422943
0.14399999999999125 2.447624434597765
7.6640000000000015 2.408963465553236
0.13100000000000023 2.4562394323825147
6.850999999999999 2.503515399211794
3.709000000000003 2.4573545430035053
3.3810000000000002 2.2208506359065363
0.13100000000000023 2.228438237055083
3.2510000000000048 2.236025838203629
0.13899999999998158 2.411828699428544
2.8770000000000095 2.587631560653459
0.30699999999998795 2.5562422509149645
2.719999999999999 2.5248529411764706
0.09400000000002251 2.519715645687898
3.2609999999999957 2.5145783501993253
2.7510000000000048 2.577259178480553
2.9639999999999986 2.628804318488529
0.1360000000000241 2.6138520237429095
2.951999999999998 2.59889972899729
3.0170000000000243 2.6040808750414315
2.545000000000016 2.611332023575639
2.585000000000008 2.619326885880077
0.11299999999999955 2.588858624737942
4.482999999999976 2.558390363595807
